1047432125
1144881615
1181415148
1304126894
1501310988
1072682943
1447677534
1360025634
1032303
1194171927
1452980388
1153374731
1124590410
1048987784
1111736143
1052746812
1467564
1107105411
1467565
1467648
1448095855
1136853490
1098939024
1461404637
1124799050
1322527588
1056873323
1073544554
1482602832
1471390
1471396
1071845341
1471424
1471427
1106302885
1425832547
1246530396
1328364723
1471415
1049840284
1352965789
1023970791
1500334728
1082423266
1065038269
1106295091
1036626702
1137757138
1462807875
1020441947
1030320093
1221949141
1049231095
1322554079
1229197755
1463123748
1038654979
1094501423
1020618041
1166254387
1322541519
1020444603
1049891777
1194183916
1106247342
1206707146
1252094944
1025776908
1084910776
1049238456
1091933992
1106259393
1148915923
1503688829
1143669912
1049006285
1153643682
1256900638
1148931854
1289524974
1415236140
1503308438
1224319792
1411215375
1355858736
1317007550
1116653255
1501477198
1038656183
1029639737
1208492426
1247527087
1155224452
1502371668
1022631981
1049710765
1101287930
1056873046
1147909684
1157700605
1276753915
1442049738
1219157755
1147100603
1528035410
1049010197
1134793421
1503597928
1020636200
1521641716
1136240434
1191784173
1229995648
1148110081
1204061195
1147486625
1223318806
1473560629
1228906350
1246392517
1339365236
1462856945
1143657157
1485805784
1373384259
1472409249
1136369997
1335515669
1338092898
1513597781
1133845849
1088762574
1338655862
1501231976
1030791963
1034027917
1101293907
1170167012
1208468669
1208524343
1255475879
1277785567
1503513067
1515976758
1143640725
1154577355
1373391273
1388905276
1219119605
1526337146
1137961327
1137982198
1148130625
1264243590
1334581790
1334897939
1337415603
1338065760
1339949271
1339996358
1385035979
1397970736
1453714913
1463763778
1473486877
1484546170
1503346244
1503575427
1515987423
1525380829
1242447934
1467658
1160619183
1536259605
1537382805
1550758831
1467663
1181742861
1520474918
