1321400233
791286
1032303
1015253601
1467564
1444350229
1467565
1467648
1265390933
1035521448
1154393813
1076066285
1145401808
1208412420
1501610101
1522160799
1390123160
1271725529
1471415
1445086458
1417727331
1031304580
1132049559
1146985449
1014938118
1057888317
1358332102
1444536103
1015222954
1445701647
1326503160
1015504622
1132049772
1166003786
1359155578
1324364052
1015255111
1427580079
1312503045
1369036109
1153726774
1171497187
1170203612
1282134444
1015143590
1293693114
1298489260
1104141912
1207028564
1207783501
1207664614
1236673305
1015248723
1257489482
1282202677
1421365142
1258746661
1184683216
1499928808
1390032018
1015254520
1208016235
1206937395
1390076075
1329757447
1166055512
1225317255
1279229245
1279226611
1266652532
1276628161
1304331021
1339888721
1329848220
1351762662
1367517861
1499942304
1517225259
1522143728
1523919198
1460956768
1230547918
1265187983
1508408222
1023490180
1533787463
1535286187
1541136555
1470689646
1302720
1145620471
1488484298
1282438261
1078346095
166851
1367671237
1173294378
1012549781
1007783978
1322539090
1540872402
1028719031
1490084624
1549299728
1264723
