1264730
879778
901104
793004
1280528
632487
1297836
1511851615
1354732085
763214
1352982705
913608
1486053526
1439565167
1525880320
1179517740
1195725969
1368709287
1525682453
1174430763
1317381863
1172697596
1287970349
1120191290
1078135706
1199838488
1379699249
1390448463
1475964318
1331466035
1187377601
1332969265
1358235590
1466749126
1426786141
1299663628
1350189463
1528123296
1509510202
1160697676
1166579879
1355875260
1398613367
1426957705
1342513681
1347524712
1356909036
1448289360
1506863041
1514709303
1520354373
1529554518
1533127525
1538982267
1539869276
1545847388
