856217
672797
835961
835960
142549
573055
871081
871078
774510
935672
573048
676188
835959
186675
871069
186677
972893
573054
1191687
1332410
661378
871077
1159248
802346
1212855
372440
162410
879726
730431
1162099
871076
1014753
652867
573064
676191
871072
1242584
669609
791302
1332414
676190
854752
822670
573053
1212866
856231
1029362794
972896
730428
1309122937
692504
500214
766931
692509
856228
1131948
802350
1380273
1453631129
1076612673
536964
913654
856242
774508
879732
1024958657
856221
676204
536966
879739
703432
791281
652901
1076618152
644186
652864
644187
609032
652821
1064829299
644192
632558
856201
1018977727
1332194
1260814
730412
632571
609024
856220
730443
703422
856226
1306628
753184
344466
856240
716560
703467
1380259
536960
676192
1428808
1233242
692475
1317856991
1239120574
1162105
142540
767114
271554
913653
703479
676193
716555
1159249
652859
1212860
1352671842
652872
609028
927426
716434
1372950898
661380
791278
871380
1101392424
871397
692489
854753
754119
791299
652856
1110656748
1026740535
1521487222
692456
871378
716501
1053474806
716551
871383
695997
854754
1260827
791282
700708
743687
1035152601
753186
1082950167
573050
871393
871385
1249253
871395
871398
871377
871392
644673
871382
1018757358
1179295536
1212861
1453636037
1521515677
1006531902
1521549683
1525421104
1437245
1076616142
1437878
1017602976
703473
1206525
1437879
1206356
716540
1543104129
1544521466
1437518
1468415
1496945063
1535679776
1521563653
1479054669
1206378
1436928
1484471493
1178002434
871387
1437376
1213110108
1317442205
1329728268
1389400169
1481501053
1509539859
1521536943
1525504375
1549642933
1549706961
1242620
574818
154966
