1354671914
1502744508
1430524084
1500617324
1456991110
1369492326
1488055443
1075535338
1350237728
1219087540
1347526423
1050498297
1102994839
1104261361
1499028768
1171669450
1192372486
1514447976
1174692871
1483407463
1211919108
1534260752
1185236481
1494404563
1382038552
1366645237
1512180288
1307762369
1454264751
1335796666
1426252380
1471853561
1385900181
1297798
1323534015
1172948539
1157378098
1255217749
1014705
1059183337
1181260070
1369006941
1164430637
1161785094
1218492954
1180168770
856188
1415170801
1518975817
1104607829
1181192549
1214563013
1406531646
1253993472
1378651329
1523023642
1311552048
1480328509
1488190223
1338163304
1470821622
1518069600
1468746360
1076741474
1542927961
1520327609
1392134497
1340617036
1083465952
1076470980
1466948059
1171643600
1447751202
913617
1005367176
1157062659
1440741420
1494839765
1433106194
1443378211
1324128035
1520468328
1505112686
1061098569
1476831961
1352683499
1462569810
1208637721
1277085597
1160606361
1174693458
1212354128
1448208421
1362961337
1228559879
1468748331
1486312831
1514126991
1425648158
1218506686
1142762220
1139591471
1121960900
1483167989
1015795190
1261416044
1362985234
1205538637
1489692796
1350763837
1535262563
1392529297
1314349521
1217669969
1345732994
1159918303
1128357520
1232278603
1352631982
1131690400
1372279288
1095419041
1433812101
1428946104
1500895846
1462191418
1396589668
1508789631
1505448421
1183966326
1378525463
1329789817
1142663603
1430852324
1181992453
1297988970
1372221993
1444512574
1380930593
1374461889
1088307807
1389222229
1439556017
1376798245
1518458399
1464268879
1155256581
1415664991
1251574825
1171188979
1120235325
1138779766
1154570150
1142860369
1142892321
1053101971
1179066476
1440730998
1121452443
1144819554
1223217975
1519020202
1169742118
1268217776
1338862057
1473155008
1413526237
1408475909
1234820373
1485864587
1175564006
1028111744
1054888047
1376833135
1447011607
1432279953
1300419076
1444734055
1377485912
1482127058
1440814719
1446108921
1413594318
1417193645
1235224325
1455928144
1184353787
1421819915
1308794106
1257992800
1081826647
1468807909
1517321556
1169612799
1229316928
1499973944
1413477647
1410766882
1434291317
1299716766
1470122028
1280711852
1343430296
1416533890
1253720046
1498859006
1268223315
1264758071
1487521301
1104282866
1081740344
1495821731
1172720837
1381140619
1165803044
1162023891
1376849417
1419663200
1359326815
1286569233
1303078518
1472587888
1470826887
1366912363
1085098506
1473165531
1190566548
1409564207
1367947138
1190313355
1438778152
1246807970
1335724875
1180167198
1446704703
1400327003
1275706844
1421798327
1424348792
1354960270
1306386052
1282724085
1253886542
1131235012
1006787822
1466482658
1391480805
1400240165
1416221902
1165787092
1145693477
1461572047
1477753376
1497631418
1423529206
1500961289
1434328966
1478757635
1184754679
1297292501
1409327368
1278526636
1513266840
1392111915
1447321038
1456797527
1264009725
1160545823
1160427618
1073243204
1146418668
1073240697
1259130354
1137624238
1195861323
1514156611
1291173218
1485792811
1379259259
1442003655
1130524475
1406938797
1025253504
1234252332
1273516721
1228107191
1440378066
1255519696
1506845275
1219107715
1520427833
1481075875
1236598394
1266671940
1369729599
1162137183
1107560989
1105155041
1471716070
1245408927
1165830200
1389961427
1239188723
1219035108
1231505090
1053134008
1264067597
1426312633
1173797311
1426282243
1073235400
1372208880
1240445426
1385887086
1396578881
1417635680
1092992427
1480008820
1278237782
1406977903
1501608441
1209800008
1440746037
1500897864
1060283936
1478143582
1403946780
1469955503
1384285364
1406959064
1476835548
1065759937
1369156793
1422405358
1159578341
1476944984
1253418059
1415690581
1440751283
1243239718
1243189933
1176595312
1074526082
1308099097
1506139394
1127392641
1100758500
1486309407
1456763601
1441122499
1361450113
1121971271
1416978569
1132478
1136782455
1426381890
1278526219
1231691327
1276508316
1303081363
1543354719
1458421441
1124352933
1309742158
1177159526
1324937511
1278526948
1146924630
1146958208
1073147477
1481215992
1486308390
1402685287
1508026028
1535854753
1361100693
1157492336
1533087825
1446798668
1456837551
1522750245
1483604969
1539469011
1425664465
1283151706
1155360088
1145690903
1532142027
1368959632
1054887167
1026612160
1506471044
1145309364
1172758034
1141687273
1112915864
1241462862
1020620364
1232525978
1227130679
1439551684
1131684317
1035573941
1228119824
1343179519
1142909684
1437103003
1243078407
1103208839
1054889361
1422263726
1467172564
1213539201
1213762413
1233094431
1213768645
1377418979
1442871302
1156881476
1286356785
1041453024
1227394929
1543318651
1014077720
1018584331
1278164194
1005048025
1141772800
1461060035
1006982117
1008006559
1456334812
1238373942
1275274670
1144962223
1164922608
1179328194
1271634426
1308797887
1379651038
1426355151
1500550843
1540549306
1219093683
1361250282
1034671159
1262760878
1263614434
1476763541
1167143798
1181412443
1448508283
1541907060
1004478629
1195459371
1202626583
1234184348
1379916398
1422393120
1256401289
1285605947
1302903008
1444960625
1031173871
1155370701
1501409926
1034019875
1076861661
1116403542
1161435318
1259386369
1332225552
1352800813
1476906003
1035971226
1087822350
1218892238
1232142461
1368040215
1422440502
1498875943
1094618524
1053146559
1126535007
1131673538
1180365905
1191739022
1030306121
1060279301
1153892963
1081890929
1169285453
1443983816
1214212117
1300443797
1433894585
1020370609
1136452668
1339113349
1430534366
