187715
239295
1091547951
875209
806143
1280529
1469403452
1462919956
654298
1218497346
1292648
654354
1012168998
356833
1106896948
654340
232331
707402
356828
791306
661384
656536
632580
328282
1335451461
1012169871
654338
356830
654345
378526
1212890
1058826
559275
1381230929
1084711693
767102
1032320
1073899006
1098976847
1011219833
1032332
1029747632
1337219391
725063
1029759866
1074143204
1289417933
1364199600
372966
1041228918
743836
1104941981
1231334944
1362848037
1520111682
1496374847
1111413874
1238036692
1024956618
1397076497
1273519539
1273527378
1060793212
1388532048
1182843678
1041899226
1397068048
1024344812
1063421616
1364636098
1383027564
1040205648
1098968598
1474002698
1010824378
1012174654
1096573018
707409
1015841701
1182905951
1511910736
1077016477
1020514455
1024968234
1488064145
1059458885
1383746347
1024968354
1332171236
1041032065
1330044121
1536186319
1032321
1024967978
1044130461
1144851438
1487888845
1012169843
1060070537
1439958224
1452241137
1121465375
1452751677
1385691690
1493955429
1041027869
1060073431
1435787302
1542002884
1010822698
1544798
1544799
1012176234
1040201950
1139050772
1173366607
1452758302
1496471963
1537121810
1547122170
1547180204
1548975332
1553213074
1553368694
1015841689
1032312
1032322
1018508407
1023983732
1555840161
