856217
573055
774510
935672
573048
676188
972893
573054
1159248
879726
730431
609023
1162099
1014753
652867
802369
573064
676191
669609
730387
598630
676190
822670
591662
573053
856231
730428
598696
692504
676204
879762
692509
835963
856228
1131948
856242
774508
879732
856221
879739
652901
644186
644187
802362
609032
652821
644192
856201
730412
802355
609024
856220
730443
856226
753184
856240
716560
879746
913595
676192
692475
774511
676193
1159249
652859
652872
609028
927426
716434
573072
692489
644185
754119
598649
652856
692456
716501
598655
716551
695997
573050
1437316107
1437245
703473
716540
1530841206
1536051395
1425951985
1113013003
1437256
1437376
1113007688
573069
1437338
1550785449
