856217
573055
774510
935672
573048
676188
972893
573054
1332410
1375283203
1159248
879726
730431
1162099
1014753
652867
573064
676191
1199344899
1501236428
879751
1191688
669609
1332414
676190
822670
573053
856231
972896
730428
692504
676204
692509
856228
1335982379
1131948
913654
856242
774508
879732
856221
879739
652901
644186
652864
644187
609032
652821
644192
856201
1332194
1149282
730412
609024
856220
1281366495
730443
856226
1306628
856240
716560
879746
1083778556
913595
676192
692475
1162105
1469827409
774511
913653
676193
716555
1159249
652859
652872
1428799
1310178421
609028
927426
716434
1307753
1396644947
1278335021
692489
754119
1012356594
1310180080
652856
692456
1014465396
1412013320
716551
695997
1477196222
1207278314
1255784943
573050
1145634
1145631
1086918020
1215786306
1437386
1212270601
1221607554
1437862
1077760391
1437245
1437560
1199956940
1368223571
1437411
1163724344
1437893
1428801
1372156542
1437844
1437879
1206350
1376667478
1446158896
1222099628
1440478524
716540
1221592315
1455508021
1372070122
1437543
1183601773
1403070754
1513312366
1437518
1046870359
1437870
1443029237
1513242714
1437923
1208005495
1214945282
1437396
1437437
1437490
1437506
1230143203
1543132733
1437079
1437478
1543116487
1186972219
1518242377
1437243
1437522
1247757797
1470655711
1482768746
1436889
1020370576
1088967245
1223029541
1480399867
1436917
1436928
1440498144
1437466
1437309
1437376
1437471
1437866
1178391839
1226646409
1222090705
1255777713
1255804914
1345874277
1409229513
1437946
