187715
239295
875209
806143
1280529
1246878860
1279782756
1127351870
1227415305
1233129809
1212891
1228099345
1074252658
1058826
1305929097
1430931628
1339405610
1446603810
1016639279
1325385375
1330141673
1168744411
1330139327
1058581761
1482719235
1133892038
1289165130
1488826145
1023826040
1105481307
1076316454
1076319911
1473750564
1041147196
1027197136
1182373928
1033631994
707409
1041054242
1034650973
1041238945
1518526753
1034673230
1040937727
1509069760
1034667214
1046544191
1041058642
1330141474
1330141569
1341608458
