1339151
1406854
1242746057
1408467
1352059764
1356557
1232755638
1216309217
1285411181
1379213843
1520627614
785751
1119176593
1529510671
1213164540
1437340157
1443383484
1529088516
1445662245
1159942779
1497621682
1491403509
1496403047
1164080672
1165183197
1163701234
1145718246
1165219110
1436937
1217214257
1497751309
1334992409
1207985583
1496254876
1503847246
1528347084
1542968616
1335913393
1497327481
1503638484
1496319276
1288901612
1497243209
1497469012
1503423633
1499773354
1189292847
1230608749
1445621926
1445666273
1497673025
1229091244
1311206148
1468785119
1520136204
1163709958
1305706958
1427227678
1443599480
1484048247
1496347360
1497284589
1497712930
1499743116
1096304727
