1015267179
1397706991
1178626902
1034762472
1420601597
1329143834
1534606169
1294990197
1295002762
1478092895
1335834170
1294866445
1294996986
1145763063
1294964693
1379248600
1284062159
1043330069
1295101245
1339882988
1451330219
1421106137
1043409508
1316319662
1013014667
1462869303
1295085322
1329130782
1329135218
1072610131
1451341755
1337986341
1019638066
1459625940
1477369605
1199698033
1013213157
1411028096
1314747881
1255931829
1082740018
1165069985
1264117997
1371730084
1477374017
1199682711
1329633229
1394361498
1337577376
1396694689
1425718471
1019639647
1321367624
1323256326
1376911606
1461733566
1020907874
1311441159
1315093973
1255211391
1255570635
1459568328
1337851768
1338961461
1375611521
1376892183
1263852692
1323001606
1384390458
1338918666
1016179021
1376384065
1213495944
1255913946
1416339217
1426466491
1330272116
1264562635
1295096709
1322832991
1330364466
1433186070
1338457329
1184858870
1255645213
1255688689
1255707677
1255844915
1255887589
1255946974
1255954360
1295077658
1295092668
1323019822
1330130997
1389531301
1338642357
1339514470
1339523433
1376923810
1415099739
1415223987
1416696112
1418206897
1421761336
1430813620
1495750067
1547916572
1553802302
1397747613
