1254036430
1077660131
1076681883
1467199398
1179951626
1075981032
1368125241
1515136198
1177013974
1168969874
1305327396
1159743452
1159764821
1185012449
1487439615
1351593107
1481782840
1076681928
1361419156
1402707191
1164133841
1090231249
1180286382
1180107024
1384951291
1180232895
1131446
1152421354
1312823748
1036845331
1180301539
1322979062
1495340755
1533363906
1033493349
1371207774
1307686531
1222950144
1471317615
1136622912
1145617156
1305325766
1462364103
1318217212
1364096247
1371199730
1472761488
1180073076
1472008532
1241564132
1253838928
1170446111
1078341691
1142622726
1438740495
1180184483
1003359275
1075449590
1136159289
1159776876
1391247238
1026095342
1391858092
1462177496
1129396643
1218942658
1036969336
1173620663
1378164355
1416288513
1489382074
1491470049
1049050617
1211782462
1438737243
1160632629
1299708975
1532002502
1218129211
1442952068
1490602418
1221579096
1015827292
1106279366
1483079643
1218118276
1017886555
1491477308
1381206708
1464426229
1179956824
1085959930
1368398110
1191528033
1191544474
1276694050
1097153595
1182755266
1257428111
1186412280
1172976023
1276874115
1334555231
1391862412
1501242854
1254020874
1415689847
1445081678
1470391386
1254046251
1132193822
1364115827
1023368097
1031174722
1321210717
1253705676
1339383298
1218116146
1505844155
1425031581
1448518931
1037358567
1498570215
1023389000
1050142496
1438735053
1441926234
1455723152
1506856709
1089984605
1083553448
1152435888
1157930122
1335805110
1421336569
1275334924
1336459738
1519392566
1131559130
1142381395
1470280702
1505874945
1316746470
1082951601
1160644230
1225618138
1433863724
1518492177
1050142356
1069461797
1262550438
1397856005
1418177197
1464012706
1543171996
1031170001
1317643557
1069467279
1214784157
1220418085
1224966334
1415682819
1473464960
1516506623
1186554568
1255625780
1291906608
1318240827
1417682082
1493137028
1520148224
1036847201
1160640828
1225616688
1253797124
1271577933
1396869542
1430665216
1455686789
1520721198
1177343669
1378171915
1236478911
1264730610
1323162949
1392635056
1473773224
1501233800
1520407957
1520561751
1074575375
1082950830
1108011152
1226562915
1298525052
1317217862
1335767764
1445041317
1473413497
1191521118
1275323682
1470951247
1311352038
1330110780
1331258746
1425909720
1470885677
1470906765
1504905865
1520424580
1541191396
1169708159
1356908311
1446505295
1504902760
1543447127
1050142311
1255681051
1273875886
1445566041
1446809427
1520528262
1542684737
1050142210
1166727393
1175112520
1219294209
1234266916
1530045074
1041701214
1226489517
1330160043
1018654705
1045011176
1050142476
1093832805
1108010019
1144500782
1144345774
1153846406
1474246343
1162126352
1170271567
1191509806
1191530523
1295508893
1296680921
1310975359
1311358815
1311371068
1314100473
1315706709
1319360888
1330138768
1337847470
1379337254
1379408599
1384534519
1384733255
1397820465
1416245673
1446614215
1449954883
1450558389
1458952701
1470887080
1475007644
1475828174
1499103223
1514917733
1529312385
1550730434
1552200062
1552286622
1553922567
1554809038
1555156847
1015830224
1020370448
1167728955
