879778
901104
1217687012
879774
1394801921
1445049613
1361663964
1146981137
1502519905
1061927761
1317080509
1155259315
1353127303
1256954651
1245110400
1198774996
1398598416
1020721087
1237779
1351250228
1249768280
1013031503
1387758870
1388855425
1218404672
1272485236
1368094482
1226225715
1417459196
1453987105
1076078507
1450215870
1474031056
1147447651
1467322478
1445285982
1332968614
1387939035
1016109114
1153451538
1398602818
1229104466
1485266243
1524714137
1224928661
1146829397
1432608787
1446439020
1079700921
1308965959
1490811324
1015861899
1193019822
1339374824
1387763841
1443541062
1396733849
1415951640
1226240826
1486857680
1309059865
1387971000
1062288131
1224206000
1227608625
1186049796
1437951
1362426834
1118807487
1151230601
1308634179
1465726743
1016109329
1307882479
1232838573
1186038076
1020936629
1180801159
1332450695
1090224338
1309112091
1019765302
1051697607
1222205911
1077306022
1238024414
1016109234
1179490133
1157135207
1409227955
1476973815
1517735376
1427581778
1400721333
1051714029
1238043820
1464600858
1160857297
1482762268
1016097455
1452679685
1118542533
1127383966
1478521931
1056870423
1238050720
1051663781
1179168946
1229964497
1252276824
1460852924
1325025570
1445401941
1132275444
1449398983
1455561957
1475553847
1180701941
1051607648
1229983619
1451939984
1051709598
1267753202
1020977009
1179485172
1389896904
1466484560
1399369831
1445284591
1466304398
1179507365
1515715694
1461533408
1186064393
1381943470
1416461194
1179500148
1445406209
1477540739
1186043888
1273540130
1399493296
1179269444
1446429687
1457941678
1524616221
1020911740
1051704332
1179482181
1445281501
1459557380
1186069321
1241178119
1422239626
1427579735
1504643928
1476977729
1484197249
1502046921
1507855531
1520271469
1051378097
1455587185
1148587373
1179492721
1204395285
1298709047
1051391247
1477514840
1399469446
1179955681
1445288736
1020950660
1051634924
1450757090
1456499427
1455894959
1463199679
1180213938
1503375812
1522766470
1476821988
1051625549
1080149836
1179496085
1179502603
1180708881
1186024823
1262583652
1298687555
1366904782
1461479813
1127462426
1148936203
1525803817
1185263612
1432835703
1445393061
1477380397
1483159416
1179923839
1506563609
1051340719
1180011272
1181282641
1185252140
1262514158
1279496836
1287711769
1298671597
1303889169
1354288878
1399448770
1399532820
1408007999
1506252405
1051352884
1051568533
1051682985
1051690059
1155141411
1176823475
1179243252
1179477632
1179481239
1179487264
1179965158
1180015181
1180038384
1180047639
1180689708
1180692892
1180719211
1180727338
1185221909
1185244582
1185256817
1185273256
1186061394
1234627663
1234655732
1320888971
1298655623
1315167760
1341254930
1352630940
1375278049
1375313669
1399455722
1408188964
1445565344
1427578790
1432884912
1432889905
1482285320
1501271969
1506560592
1539963668
1551643163
1534754219
1530555066
1530569177
1530635718
1532552875
1534083453
1535917311
1536331855
1537552662
1537553492
1539892048
1540503474
1543817031
1543872492
1544364325
1544379942
1544969764
1545257850
1546197717
1546374285
1546382332
1546536198
1546587051
1546603178
1546634882
1546648970
1547628826
1547753451
1553772229
1554891087
