1433023020
1421013611
1393128123
1140778312
1503562644
1433429838
1474381450
1257937603
1260899568
1312825838
1479694530
1412738038
1060127122
1461654120
1461662243
1310402937
1213389891
1481436886
1242399017
1425077509
1412550070
1406588927
1037648580
1323191870
1037661965
1254006641
1323187870
1059990346
1362469240
1388336575
1031902843
1169288051
1176924264
1221876729
1362473627
1416820472
1476027372
1467930570
1177049724
1433446030
1470325556
1059980245
1510056961
1481465390
1060134561
1167770832
1173194750
1369028238
1434879185
1470016204
1503631117
1361749949
1470321915
1138745264
1176993938
1432943759
1176960035
1470324648
1054433838
1205921057
1280138227
1347218829
1360613737
1469935551
1470322315
1470323118
1470324085
1518598691
1546208952
1547774948
