1112898446
1523619989
927422
1332405
1145872562
835967
1005820819
1251076788
700701
609023
802369
644169
1284898
609019
1300298777
1501317180
1452551500
1242523010
1256933
598630
1475839758
1176837
1173451641
1198152
1506210129
1339438674
1221882280
1112660798
1316496069
754114
1496256523
1499390138
1289107
1176874
1273967513
1176846
802362
1058100702
1379519233
1347529128
1319727165
1434610340
1311471815
1026030464
1376608607
1332506
1023369656
1332511
1300291772
1198155
1012255858
1113034860
1452544936
1146808655
1024751399
1413521859
1445830631
1112916195
1413554414
1198151
1059608474
1300319067
1112958392
1370709602
629361
1112887183
1215788675
1379481601
1053689990
1255297068
552418
1212881
1262395458
1208359177
1112744525
1068691324
1256141141
1509453037
1313039189
1456566990
1070509227
1111972850
1178140291
1028823257
1355827612
1455254907
1238707727
1308867794
1289261445
1218349178
629376
754116
1059287355
1058488198
629368
1224853584
1242845977
791304
1446799089
1113072445
1154642477
1456615373
1198098265
1112648519
1364994778
1263722639
1172710922
1420173171
573072
1225046176
1445932886
629359
1137272282
1448395992
1520804037
1446425574
1263885589
1480129950
1249050649
1150483434
730451
1225047142
1198141
743821
629371
1001354598
1091761338
1113055149
1260837
1332490
1391762353
1073674996
1395289263
629362
1379254060
1478806200
743811
1499962826
1346414444
1057496412
1444576924
1020507600
1084327690
1430295446
1451586691
1338335786
1428918628
1375197634
1313314691
1451643519
1028641042
1094713130
1313200449
1334982192
1332494
1207334309
573069
1055720518
1076889097
1328006227
1497522083
1275053348
1112972338
1275463697
1033806431
1062794457
1346468767
1026073668
1067659691
1076520708
1076596823
1028459465
1319250699
1020792590
1062636039
1446006102
1023849932
1016920826
1032883241
1075982720
1275120518
1352819879
1284005851
1351521769
1059979136
1321097191
1165967247
1112931380
1244083788
1423690875
1112938938
1271311320
1379367344
1032997397
1076596260
1076891407
1084815434
1375209495
1167749579
1202362711
1253687847
1447297879
1055412401
1076283503
1177405021
1290346899
1016104693
1112950069
1272323876
1316594719
1319482395
1035743989
1076889183
1332497
1459661051
1080877763
1376671215
1028401258
1264570530
1273893538
1347234266
1517332001
1533666549
1208795
1273876066
1300325843
1020044795
1117679448
1535571561
1241157348
1319141255
1397930991
1519249820
1273862843
1351438928
1059975688
1059979156
1154016896
1484283468
1060962162
1070528524
1112905850
1059977614
1060350453
1121748689
1253888400
1261161880
1263875139
1316755314
1346310612
1351831274
1426049994
1446777203
1446812206
1472673462
1473543030
1479912462
1529479751
1105082628
1117688246
1124784948
1275639155
1472667839
1503635938
1537349707
1076633969
1204380492
1275012545
1293347342
1321130473
1377893557
1473181265
1055496399
1059963368
1300310273
1442893199
1466168753
1383294624
1061867822
1263876804
1274009005
1407495514
1412314750
1451681528
1502639419
1527129162
1538121439
1444512582
1208807
1017337187
1035745699
1105105578
1189062357
1214114543
1259303794
1265131988
1273853840
1273912833
1273927176
1351497121
1368106660
1368985063
1384828825
1445853542
1530621243
1250505845
1390065255
1112987152
1500486349
1275720283
1542895830
1346482944
1444426011
1522598023
1372316041
1244431296
1274962774
1275023613
1287570472
1434366053
1435524579
1447303774
1506834596
1523155808
1046549726
1051342383
1053147276
1053902792
1055413947
1055421105
1192872595
1241491791
1273938300
1273951700
1273997141
1274982710
1275430119
1275540565
1284041344
1285392941
1315278402
1315293490
1317070546
1332982405
1338756214
1339438656
1356304929
1397222967
1400417317
1406225773
1434422761
1435499672
1435507705
1435511622
1440098505
1445906027
1453669327
1458238330
1472679830
1501347015
1525178072
1526725605
1526971513
1529596360
1530638416
1533013021
1549183964
1550898113
1551650401
1553133162
1444327418
1444525963
1444967786
1031477459
1046536251
1556053299
1554051948
