1202803521
1229166188
1332478
1510600043
1348172678
1232422802
1218359891
1241442129
1411765293
1361341056
1221567348
1332471
1332470
1138868512
1187054531
1347994478
1186975676
1411529757
1100431542
1457409107
1525910873
1219428062
1329416047
1123179716
1214366858
1219430821
1334820734
1219443668
1220957916
1247937889
1100466395
1544858833
1219262784
1333348074
1165187712
1445787850
1192449063
1219438964
1288536891
1347920361
1350616164
1388998210
1488228801
1525865832
1333821967
1208015475
1269501967
1289168615
1332846712
1332992167
1333784475
1333808410
1394910263
1340016090
1340016388
1347969036
1347989883
1348041067
1349432362
1349432398
1350591327
1350593732
1350617508
1350674567
1350689407
1350713083
1365290752
1406355325
1410275804
1413474129
1429663886
1503494591
1525843772
1525876453
1525927776
1525935966
1538643602
1538915631
1544860166
1544860440
1544862277
1545882130
1546024176
1546071732
1546097919
1546108894
1546185055
1547620983
