1002677019
1002677157
1012769034
1024932
1022973871
1343927
1018412257
1002676937
1380582578
1316782599
1243346758
1343928
1025222006
1005099335
1439809355
1439820508
1022968670
1400475477
1420953278
1366401811
1341586674
1495932038
1019641962
1014635264
1024928
1217148245
1444694447
1294030615
1291914433
1509212826
1243953887
1450398684
1466733609
758593
1026822400
1025221101
758570
1200787186
1211362759
1355326005
1361463000
1025221682
1431888292
1397382492
1091701089
1224979982
1471077851
1243399104
1068299
1020995773
1224927804
1103525689
1026822804
1494698562
379119
758563
1416839895
1445973591
1448691551
1036563854
1002677019
1002677157
1012769034
1024932
1022973871
1343927
1018412257
1002676937
1380582578
1316782599
1243346758
1343928
1025222006
1005099335
1439809355
1439820508
1022968670
1400475477
1420953278
1366401811
1341586674
1495932038
1019641962
1014635264
1024928
1217148245
1444694447
1294030615
1291914433
1509212826
1243953887
1450398684
1466733609
758593
1026822400
1025221101
758570
1200787186
1211362759
1355326005
1361463000
1025221682
1431888292
1397382492
1091701089
1224979982
1471077851
1243399104
1068299
1020995773
1224927804
1103525689
1026822804
1494698562
379119
758563
1416839895
1445973591
1448691551
1036563854
1002677019
1002677157
1012769034
1024932
1022973871
1343927
1018412257
1002676937
1380582578
1316782599
1243346758
1343928
1025222006
1005099335
1439809355
1439820508
1022968670
1400475477
1420953278
1366401811
1341586674
1495932038
1019641962
1014635264
1024928
1217148245
1444694447
1294030615
1291914433
1509212826
1243953887
1450398684
1466733609
758593
1026822400
1025221101
758570
1200787186
1211362759
1355326005
1361463000
1025221682
1431888292
1397382492
1091701089
1224979982
1471077851
1243399104
1068299
1020995773
1224927804
1103525689
1026822804
1494698562
379119
758563
1416839895
1445973591
1448691551
1036563854
1002677019
1002677157
1012769034
1024932
1022973871
1343927
1018412257
1002676937
1380582578
1316782599
1243346758
1343928
1025222006
1005099335
1439809355
1439820508
1022968670
1400475477
1420953278
1366401811
1341586674
1495932038
1019641962
1014635264
1024928
1217148245
1444694447
1294030615
1291914433
1509212826
1243953887
1450398684
1466733609
758593
1026822400
1025221101
758570
1200787186
1211362759
1355326005
1361463000
1025221682
1431888292
1397382492
1091701089
1224979982
1471077851
1243399104
1068299
1020995773
1224927804
1103525689
1026822804
1494698562
379119
758563
1416839895
1445973591
1448691551
1036563854
1002677019
1002677157
1012769034
1024932
1022973871
1343927
1018412257
1002676937
1380582578
1316782599
1243346758
1343928
1025222006
1005099335
1439809355
1439820508
1022968670
1400475477
1420953278
1366401811
1341586674
1495932038
1019641962
1014635264
1024928
1217148245
1444694447
1294030615
1291914433
1509212826
1243953887
1450398684
1466733609
758593
1026822400
1025221101
758570
1200787186
1211362759
1355326005
1361463000
1025221682
1431888292
1397382492
1091701089
1224979982
1471077851
1243399104
1068299
1020995773
1224927804
1103525689
1026822804
1494698562
379119
758563
1416839895
1445973591
1448691551
1036563854
1002677019
1002677157
1012769034
1024932
1022973871
1343927
1018412257
1002676937
1380582578
1316782599
1243346758
1343928
1025222006
1005099335
1439809355
1439820508
1022968670
1400475477
1420953278
1366401811
1341586674
1495932038
1019641962
1014635264
1024928
1217148245
1444694447
1294030615
1291914433
1509212826
1243953887
1450398684
1466733609
758593
1026822400
1025221101
758570
1200787186
1211362759
1355326005
1361463000
1025221682
1431888292
1397382492
1091701089
1224979982
1471077851
1243399104
1068299
1020995773
1224927804
1103525689
1026822804
1494698562
379119
758563
1416839895
1445973591
1448691551
1036563854
1002677019
1002677157
1012769034
1024932
1022973871
1343927
1018412257
1002676937
1380582578
1316782599
1243346758
1343928
1025222006
1005099335
1439809355
1439820508
1022968670
1400475477
1420953278
1366401811
1341586674
1495932038
1019641962
1014635264
1024928
1217148245
1444694447
1294030615
1291914433
1509212826
1243953887
1450398684
1466733609
758593
1026822400
1025221101
758570
1200787186
1211362759
1355326005
1361463000
1025221682
1431888292
1397382492
1091701089
1224979982
1471077851
1243399104
1068299
1020995773
1224927804
1103525689
1026822804
1494698562
379119
758563
1416839895
1445973591
1448691551
1036563854
1002677019
1002677157
1012769034
1024932
1022973871
1343927
1018412257
1002676937
1380582578
1316782599
1243346758
1343928
1025222006
1005099335
1439809355
1439820508
1022968670
1400475477
1420953278
1366401811
1341586674
1495932038
1019641962
1014635264
1024928
1217148245
1444694447
1294030615
1291914433
1509212826
1243953887
1450398684
1466733609
758593
1026822400
1025221101
758570
1200787186
1211362759
1355326005
1361463000
1025221682
1431888292
1397382492
1091701089
1224979982
1471077851
1243399104
1068299
1020995773
1224927804
1103525689
1026822804
1494698562
379119
758563
1416839895
1445973591
1448691551
1036563854
1002677019
1002677157
1012769034
1024932
1022973871
1343927
1018412257
1002676937
1380582578
1316782599
1243346758
1343928
1025222006
1005099335
1439809355
1439820508
1022968670
1400475477
1420953278
1366401811
