1419836517
1339151
748926
913657
166844
1032831845
730453
1478347798
1105005208
1214363206
688006
1425632650
344484
703400
1229235515
552377
749065
1461724808
1335914067
1431909809
1478474926
745931
1282463472
1208050460
730460
1313352298
1090749646
1247216383
1425704637
1408467
1484436154
716422
1122393066
1397323765
716416
856191
1312000340
1473444443
344485
387008
1479301573
1356557
1362952428
1174862018
1466733487
716424
1268896255
1217636947
1136187186
1394795516
1214408680
191681
1385031615
1276838435
1502714150
730461
1163882937
767116
1049281722
1291681947
1267581933
730464
1130335536
1492711884
1255511069
1419835325
745930
1478205888
745244
1278243636
1273217315
745235
785751
1098028738
871403
1121238254
1188424484
1503224748
1191665489
1234985149
1100492424
1096555192
1327385120
1479005284
1504862184
1526437330
1138169306
1433984628
1070569892
1478921321
1479221074
1124103891
745231
1211476916
707443
1478417937
1163030998
1397902891
1187167484
1304919871
1416678842
745239
1173447191
1136212071
1086057496
1276951516
1354848503
1247215593
1296455394
1207716053
1084212032
1221575451
1235453910
1312498015
1394252834
1025963565
1153531633
1282208355
1153561747
1255372392
1179589888
1243099143
1372357554
1158853026
1231634137
1276863238
1376798122
1241361587
1241442799
1543448729
1026702928
1436937
1478947289
1499730015
1510268367
1478156074
1059985479
1538869087
1186945343
1480593931
1352966956
1393168303
1165963308
1488449089
1536097594
1233068277
1317473759
1532988791
1216646673
1539350084
1158045457
1219056162
1538915752
1255179779
1378316821
1488167044
1545368563
1125477102
1173433219
1469496726
1496311617
1202368684
1262059173
1376456917
1411108343
1441359554
1449891186
1092550048
1158870511
1279719230
1462191234
1495606090
1252243079
1458703600
1479019736
1515174697
1538837163
1131214859
1158034357
1233053050
1206039853
1275409521
1378315047
1392620110
1491413487
1504916712
1517751289
1526900362
1083595171
1124088630
1219282421
1366538962
1531729391
1542235153
1366542298
1397704283
1438821081
1496474477
1530926787
1053200066
1083088318
1147990016
1149427001
1162967920
1233046877
1220841109
1356016661
1373046890
1378449702
1414903639
1499881438
1510576892
1533098064
1211483153
1287052634
1352985653
1362943303
1488751487
1492736227
1501757376
1502611786
1530157419
1533005516
1533097558
1111369785
1214306953
1401414868
1422051784
1507401453
1540190834
1111895149
1180350501
1173212982
1207677657
1219284613
1243075180
1276887732
1318127817
1411546422
1434569767
1465564187
1499040369
1502346087
1523013730
1533014762
1158865708
1350680184
1476006625
1504849398
1530166598
1539002142
1158846453
1174371774
1271798345
1352884016
1531615343
1218036949
1222931170
1243797980
1309396542
1427444005
1483433209
1483977284
1157964484
1163074400
1187361556
1236972413
1276939302
1307290656
1307296214
1332422730
1335894150
1337518968
1371959785
1373058726
1384020118
1398673980
1407234645
1413605905
1415131953
1419256885
1434438408
1436174710
1443634529
1458257933
1467953143
1478620184
1482583845
1484556843
1496264895
1507451558
1516888271
1517971195
1517972876
1517973078
1517976977
1520467801
1532364054
1533192255
1534482638
1534622818
1536467653
1538803940
1545313060
1550838965
1551778360
1047110466
1352910157
1073893718
