1232373
1307130397
1294180
1316803561
1035322545
927420
1073033058
1031995235
1056578450
1029003788
616366
1045042136
1002542400
1024664269
1155359808
1051032437
1224801935
1075954261
1004008667
1077413002
1021865301
1017399552
1026945647
1195214803
1523776310
1061950786
1067669696
1024918534
1263841653
1033537562
1457152901
1144698508
1083174392
1024834246
1037923333
1025898651
1024858254
1024362338
1063378371
1005880709
1062452119
1073247127
1020017940
1059990492
1045490987
1485916904
1073079434
1541724796
1073253534
1039986867
1060324367
1062451161
1019983349
1019991655
1039983856
1061951860
1534584476
1060319902
1077266147
1023360585
1061953274
1080091106
1030269379
1073218995
1005879500
1024890048
1045968131
1046998662
1061934070
1062187056
1062453424
1064475598
1073083511
1077260047
1340337206
1425708533
1055684845
1492526217
1020018919
1061616376
1492680752
1011320910
1400671607
1052810036
1035738342
1038622107
1057606197
1060321642
1062181411
1016417964
1016418430
1164868418
1003864503
1011247612
1073864056
1238276480
