1022124151
1342739887
1342805820
1342817980
1186918534
1179590592
1534701158
1348524170
1317295036
1129322400
1414787903
1378104079
1348027746
1538735072
1252638778
1520739238
1159761410
1219446960
1462070955
1107082157
1288522848
1024233312
1344888696
1219454359
1268225998
1350681999
1374589232
1339927539
1347856333
1535241597
1348516000
1546679983
1389502421
1348168563
1382157235
1429676981
1112661132
1338919130
1350699938
1545386799
1333350231
1538753230
1545423515
1144535186
1294101240
1334119746
1520750451
1333002322
1338903457
1341149854
1347994616
1348018057
1348046234
1350522015
1350706639
