856217
573055
774510
935672
573048
676188
972893
573054
1123736
1159248
879726
1006784571
730431
1461338785
1162099
1014753
652867
802369
573064
676191
879751
1242584
1145544334
1388594368
669609
1332414
676190
1341282345
822670
1242988288
573053
1481471850
856231
730428
692504
676204
1442730470
692509
856228
1131948
913654
856242
774508
879732
856221
879739
652901
644186
644187
609032
652821
802366
644192
1431850857
856201
730412
802355
609024
856220
730443
856226
1306628
856240
716560
879746
913595
676192
692475
1162105
774511
913653
676193
1159249
652859
652872
609028
927426
716434
1484348119
692489
754119
652856
692456
1235058519
1458413577
716501
1235089509
716551
695997
573050
1179355944
1437386
1499584380
1437862
1458411874
1437245
1028475905
1437560
1198375639
1264091009
1033515682
1437411
1167505794
1372081173
1437893
1384910914
1437844
1237875227
1437879
1327073960
1234729169
716540
1536000406
1246237654
1437543
1458402652
1339996074
1480457732
1458407948
1437518
1437870
1259144182
1437923
1238807757
1458392496
1437396
1437437
1437490
1437506
1197974722
1179065003
1500806798
1458391240
1437079
1437478
1242908150
1246591816
1437243
1437522
1388586297
1449418671
1483174241
1436889
1259100835
1388939408
1415508606
1532182832
1436917
1436928
1437466
1437309
1236633529
1437376
1437471
1437866
1180129634
1184878248
1246046283
1248392378
1341324385
1390080742
1406855528
1421172673
1460890053
1458410714
1458414398
1459328005
1484327739
1508343937
1508369626
1552775728
1242620
1437946
