1505921257
1256395
1521305683
1442720683
1206866093
1133620324
1324054753
1297672097
1520444453
1444122515
1217429835
1236156045
1036694904
1376348504
1332998
1255274
1322248
1048113420
1178156853
1495749837
785738
964850
1294864823
1040961055
1435256757
1290283623
1234308551
1479405043
1316750963
1384516238
1192177240
1439944070
1156332420
1306480428
1287800336
1230152591
1335864060
1381511462
1463374
1131593569
1104916063
1282449093
1463375
1242792
1276918857
1179602658
1332478
1289111
1411441323
1355030959
1021136700
1185045683
1472937876
1114505802
1463380
1445546765
1136854398
1248131665
1253895926
1444833646
1357456869
1429291551
1427741589
1428846768
1333623480
1260830
1004003355
1472599929
1473707499
1116352063
1361884991
1501555528
1270286658
1218328183
1111374519
1463382
1257585316
1485913350
1164956042
1101176766
1316289382
1083666701
1082681806
1508077359
1146887167
1148401137
1033770826
1064559905
1098322396
1426927179
1035524519
1062786960
1345233
1463383
1324046127
1048430984
1244638533
1155211112
1350380276
1071732964
1366203637
1507206935
1249344069
1191788023
1375280
1404688960
1212172551
1236149476
1045886351
1072795419
1190723825
1449198573
1037954178
1071740988
1234656359
1019753374
1343572557
1432546474
1292003197
1456454970
1499270620
1237928682
1050485399
1026815778
1371483392
1505409734
1485737912
1019931531
1125901374
1145840707
1169764751
1331071517
1102219376
1212559414
1091770904
1495671358
1423636650
1098082762
1214851609
1163706813
1019906509
1463455
1463470
1110653068
1244004263
1396056852
1225869928
1273914805
1502973468
1362869219
1180427861
1343058932
1419693021
1214451147
1486554743
1166045433
1260664031
1061608648
1191767689
1498921736
1180332462
1205367150
1343045838
1304280110
1416061300
1329001501
1397873785
1246829243
1159008532
1294855963
1278161333
1470714169
1332997
1524209061
1385553677
1116352677
1132327594
1168532093
1199974100
1199670537
1330686790
1472972045
1488416070
1020377139
1324156251
1207848227
1131600107
1463391
1463386
1309928425
1401228736
1342998453
1186326790
1019764751
1502113959
1475394340
1420493825
1456352068
1305396627
1485326379
1071744025
1159030316
1046506755
1241684338
1380696945
1227507436
1315411421
1184955726
1508499934
1180393482
1462037593
1101956447
1074284203
1351994080
1160438157
1343482987
1255913121
1160443294
1367592831
1463384
1508314241
1255900143
1263836838
1501761816
1316294285
1258422606
1507223156
1185923034
1420538967
1408139730
1457259321
1252737660
1239110332
1288965881
1194458654
1377593826
1339244098
1488343170
1180395770
1513464485
1076512576
1159186
1101928610
1100554042
1079895472
1048665576
1179586374
1344829856
1186652101
1117263365
1519143540
1456769173
1184984780
1120560646
1141792996
1097994414
1161228137
1423573436
1155090326
1273370860
1080129156
1381471436
1132396905
1323195192
1102209755
1095721618
1234298312
1015185348
1056045812
1090108423
1258050759
1492508080
1462186151
1463381
1476118864
1347783308
1231020226
1407991261
1095600454
1193414516
1397876918
1014151267
1328303380
1337927628
1457909808
1257624557
1528377015
1330601962
1012632783
1064582108
1231693198
1013709435
1157224694
1229774128
1481404695
1105223737
1152008883
1171318871
1301736253
1334560665
1362958008
1007558480
1137548643
1379505751
1458895871
1016473584
1180429565
1182331584
1213151300
1393888204
1098076213
1482984922
1011670568
1036918308
1126894147
1093946081
1316245129
1255877114
1257611415
1064219461
1222632176
1158042055
1195287354
1350699344
1181345823
1008159928
1025782359
1171229864
1111086679
1122043024
1276750739
1296612947
1364566603
1429274840
1459644819
1528379818
1364694388
1013126261
1069293630
1098275563
1141989199
1179840106
1182310501
1198651075
1217443007
1389342456
1248606767
1112177344
1013597288
1377102997
1018752643
1006716075
1022912077
1159503761
1462868034
1480456936
1481619001
1512080579
1146798482
1229168655
1533349770
1541296279
1332470
1309191983
1367834502
1421312647
1497893707
1534692772
1180198713
1356906896
1457371560
1518830335
1279321089
1418964919
1007300812
1191354743
1255892639
1523353333
1534525226
1537669559
1007283292
1356334941
1363057847
1398779708
1536375942
1159209
1014388051
1022904077
1061845847
1110751547
1436181451
1438911300
1442668129
1502728848
1523522834
1523895798
1525998978
1530908060
1530926339
1536420188
1007283745
1350363880
1384169614
1529754225
1071738114
1098079080
1303758097
1529602028
1536367548
1230163701
1529699296
1199301232
1208140542
1331803737
1498587770
1529505627
1529522493
1533611485
1544720090
1545330175
1007994792
1127325523
1114025346
1228939134
1248138512
1348661688
1359255116
1382278402
1454519021
1456468949
1177994285
1495688398
1503900502
1302688461
1529624823
1529676510
1315348815
1421330345
1529493570
1530730946
1426011239
1471686177
1536410358
1007294389
1071290322
1071727584
1101928463
1248182236
1258027739
1316248810
1392391306
1398953509
1447718032
1460314114
1498053097
1523556858
1529608828
1529717294
1535655272
1102585106
1352380810
1006832579
1007341916
1007396565
1007555695
1016477481
1016479341
1019993614
1051350094
1055735762
1208792594
1058850028
1069294914
1098077592
1098079819
1111169880
1111432437
1162008207
1240507765
1235029052
1235066057
1489223534
1257644359
1293560206
1295206384
1302682548
1309738419
1310098021
1313863267
1330590458
1330598735
1330911440
1354381719
1354579569
1412725562
1415221728
1415962259
1420424864
1420947789
1420964950
