1241050898
1229807618
1075319466
1243666179
1159752264
1313234975
1441583448
1075206721
1406579459
1376593254
1300239386
1229777552
1197064261
1051725906
743807
1507307638
1161225847
1023300810
1086100577
1324101152
1005559023
1528874152
1076885550
1076584331
1290610278
1016516187
1012263624
1062625676
1237026793
1236165367
1242460010
1264948995
1475580143
1498055953
1153895465
1397870249
1340247112
1356089858
1016611205
1038594456
1258863522
1513875867
1264992911
1319126598
1289089276
1319107438
1424649056
1439636208
1439655806
1439791172
1439795105
1461730603
1477598975
1544717226
1556070326
