1452571256
1249564960
1028213031
1308914619
1141740204
1502659484
1520083492
1459470551
1452679656
1002497422
1102470141
1436758560
1002649291
1429460260
1063393262
1065085332
1364621400
1332334637
1305313356
1418158347
1544563212
1246390324
1533970235
1024619686
1026683186
1523507173
1002650191
1063643289
1222962060
1503516636
1002646397
1041275103
1246362760
1246390245
1503580813
1246390262
1438502070
1459244570
1026679525
1026983749
1310544125
1316758805
1438493642
1002631177
1435917404
1230352508
1429996529
1453374584
1435942538
1438497055
1533363824
1537566449
1556389396
