239843
1132853113
1034402771
1339151
748926
913657
730453
688006
703400
1467422690
1218971733
1242677461
552377
749065
1268094662
1153508407
1474482121
1122711305
387006
745931
1234282261
1091773802
1326663694
1427171220
730460
1234304717
1339555657
1229226268
1052268644
1470204413
1246185938
1389886700
1408467
1161152023
1463652014
716422
1466171141
1410696882
1097901288
1046752073
716416
1211418278
1473747412
856191
1410410574
1336332344
1326994350
1149288278
1156196140
1427150225
1195025745
1079249503
1331127305
1218995505
344485
1103087294
1015152088
1468778945
716424
1439614734
1132916171
1194390417
1427149806
1468782923
1339564816
730461
1059252610
767116
1121693938
1079236263
1478902297
1078271812
1354814062
1493149146
1330126821
730464
1384613772
745930
1194381502
745244
1422488742
1533008150
745235
1013441388
1429043716
1519067120
871403
1518716353
1541611909
1464394380
1096285692
1422376266
1065777720
1359334409
1510504222
1013582874
1217450241
1408813510
1510663113
1234327630
745231
1211686867
707443
1392360392
1181228628
1479505467
1153518205
1173053959
1262308408
745239
1041602652
1054620057
1079247375
1410592111
1079224540
1116721799
1336248731
1077335023
1339558268
1222189759
1316793578
1020758206
1054622395
1096291016
1173051879
1181214111
1126529059
1166613368
1242374191
1065373717
1436937
1326660090
1355886020
1536079705
1424705519
1479106556
1428940380
1498659316
1507140994
1241494082
1123006800
1473170444
1159101300
1426159194
1536375898
1543843136
1124908181
1036603333
1163860544
1342966985
1029903179
1355334267
1527010099
1054081018
1162518334
1036603236
1065881077
1126528779
1344100885
1096256574
1124807610
1253753063
1269148782
1276016847
1444416542
1467430795
1533449434
1058662375
1077200460
1454430395
1326662134
1407941361
1407973630
1445930678
1189822559
1381515561
1381705426
1509909383
1535106951
1178053051
1217132568
1245861708
1335219606
1356569861
1384034905
1424761729
1469790268
1519059395
1016422201
1216325125
1234335788
1252360663
1279161232
1445952841
1313168539
1325068973
1330052456
1335584714
1392137855
1428560641
1445902506
1457366151
1509859132
1510591107
1531073352
1075476009
1454125762
1462351602
1510116795
1545844817
1030021178
1096156720
1214241226
1234318413
1251116295
1445921125
1356547971
1430840098
1481918909
1508472218
1543859590
1184728291
1456771458
1510723127
1533162355
1248534270
1445595438
1486915284
1015359849
1036603387
1337108246
1536300836
1039572330
1039587191
1077210211
1166931084
1240994347
1275930041
1287233773
1290658360
1335043208
1336162337
1337053868
1337154847
1361248460
1379259225
1421170980
1424604757
1428410388
1445909335
1449588428
1452203845
1457122578
1484513300
1486314861
1497601066
1506419017
1506930683
1517622004
1530272220
1530622072
1534881919
1536322296
1537364918
1537450377
1538466182
1538887070
1541420657
1541454560
1547406264
1547847557
1547937717
1548803593
1550354805
1550949014
1552256776
1552278404
1555199643
1050154059
1077271411
1407929727
1249705259
1339571657
1163957359
1237668768
1555727387
1506247831
