591728
167970
177431
1297817
716417
1031405796
1022610229
1162311
1105806061
172124
1298027
1091572735
1474162615
1149593454
629354
654330
1246933639
1298022
1187165585
652807
1298056
1298010
1233241
687934
1491819053
818136
1034041513
822663
1166021203
766908
1004074520
730462
1467646
1019905728
559025
1397096159
1333213816
1365371
431029
1015326299
1354209439
802122
1107272403
1054548909
1486783655
1273688864
1065869544
1298019
1376449
1195024973
1149267
766900
1100886353
654332
1309180
1090798522
1217130830
1298023
1105844969
1335511221
1030664653
819271
1054622751
1354230322
1052988768
1462818452
1184016
1290818843
1189475
1463433
1463461
1439310989
1159207
1074329914
1379523402
1217128844
1228916394
1022347841
1463436
1498942585
1220713836
591726
1472668028
1319040
1447273177
1351237259
724986
724978
1494519536
157044
1101278446
1256398
1071198688
1147341
1509160566
1467003418
1438751093
1098987815
1263992117
1463444
1015319757
1184014
1021418366
1035660633
1463430
1189483
1207674776
1034233148
1198780479
1227895738
1159230
1438787343
1098051451
1471352901
1515320650
1474283511
1062680285
1189484
1068357045
1031404756
1195435651
1135658431
1171123943
1253417253
1185516818
1189481
1271581870
1268306601
1444513058
1065836989
1192479580
1026964901
1193447220
1317279
1132664850
1098054958
1184010
1165713705
1402802959
1025883216
1236508820
1271782311
1472340234
1026873879
1003849496
1123302377
1338194470
1023762949
1071786128
1378319739
1008109124
1035486403
1072383093
1099122014
1171405710
1228697302
1289748073
1091792125
1064800662
271558
1090780104
1178136396
1097998169
1234097900
1271782274
1008111410
1335764734
1072350532
1438801576
1458894991
1229062542
1471262438
1158046978
1007644787
1126825871
1007946842
1098773961
1235101419
1187304443
1257476163
1228838393
1008109145
1031253801
1010913349
1192451483
1194255028
1226780061
1389704074
1475009174
1516199029
1095587264
1028482796
1236486772
1008075311
1015624977
1001312858
1518359396
1234428699
1255275022
1270379794
1230101146
1029000966
1413499111
724983
1218224889
1008110294
1488426399
1463434
1233184955
1088397681
1255715229
1495646609
1121390521
819264
1490941461
1472512735
1227717059
1040790724
1498924884
1524941942
1189480
1461986424
1255261266
1018771648
1072382061
1095701759
1526681729
1107420777
1228976026
1526027220
1230066102
1478287173
1447379126
1468269228
1463471
1345656746
1511193186
1007648439
1134551198
1026595552
1218242882
1136351754
1178204899
1443299844
1475891723
1501062266
1236419930
1137798947
1504461490
1072385708
1098058810
1285978459
1236441454
1471348582
1512070011
1525027130
1015625004
1051598815
1218251498
1086131790
1093348205
1264767945
1345682264
1471353241
1236461198
1001520413
1096523459
1266387690
1100665318
1362796036
1228656996
1003024781
1512036234
1077953114
1510702465
1172714098
1197996763
1205559260
1236473660
1362806474
1072408623
1242709066
1295261677
1211343396
1218265925
1362782693
1072365042
1352982506
1379232577
1401894154
1408176037
1497884569
1218284016
1345670147
1028640969
1127177979
1184009
1184013
1206538
1474997356
1242681351
1132643313
1234345222
1218258754
1229097333
1105819602
1058811
1486372596
1473192492
1236501561
1008385475
1294634304
1143521610
1144654849
1160740261
1184643364
1554050499
1531793793
1532038628
1533368882
1534219679
1535097453
1535148471
1536297374
1536535738
1538286297
1539418689
1541967822
1542089269
1544970727
1545232669
1546118659
1546194962
1546383961
1546649497
1549014832
1550567293
1550729381
1227798963
1551837279
1133558191
1021422294
1185849999
672818
1311023137
1550994406
1072384194
1526326182
1233186201
1082023578
1178276710
1031985065
1236288255
1506348910
1031973972
1459609728
1512104001
1031983108
1374836748
1031978687
1234389748
1233001237
1186072345
1242515022
1313051629
1480195630
1082020799
1031975167
1234395149
1459620565
1542071310
1526534285
1514932546
1141178184
1366178557
1072334203
1031981051
1031974707
1234392833
1031984709
1486365207
1519277512
1242573775
1434579042
1242495054
1512034202
1378111261
1082013642
1185616417
1031984344
1082006477
1410784806
1218330691
1031971217
1234386080
1337944751
1231380892
1446752261
1460830555
1512093371
1512054596
1286247504
1337934648
1347537477
1485111535
1072407120
1434555402
1244310913
1266928258
1011032822
1082008694
1479092412
1409685805
1434538784
1546429010
1337941780
1231372570
1231376994
1462846679
1031979932
1031982573
1172584636
1406849294
1337937553
1234381725
1337928503
1337939562
1486356669
1434519067
1082011009
1510698091
1244315712
1031981316
1316521454
1031977659
1316645540
1337931213
1434476687
1512076611
1504592700
1189752794
1536193697
1542713596
703480
766961
745235
745244
1099335
745231
745239
191682
1533716811
