1437641227
1275257144
1005556095
1145852278
1445646171
1369723168
1496696831
1352067931
1426985707
1268157963
1259252371
1376248842
1296645204
1459853998
1486909286
1012003421
1158053989
1149066424
1522409243
1290297203
1394740463
1219074648
1430261146
1181130198
1479537388
1427390538
1423585935
1426424233
1145685105
1492909624
1530809849
1259375416
1411327712
1253784917
1507206731
1334823820
1462208310
1539968477
1321368760
1362685336
1381662230
1478983707
1484369843
1159015256
1236687810
1352092661
1375542447
1376893125
1488101693
1210728597
1241695023
1501266108
1188002629
1407891095
1422696378
1449377548
1426893276
1437548776
1529551892
1534573316
1173401001
1241679132
1457113047
1366079351
1421334521
1454680120
1535511139
1449337523
1117827002
1153543942
1286608204
1424610553
1124767067
1179148067
1184695383
1204556918
1269319921
1317965594
1324976351
1340410573
1352108328
1360755497
1361292646
1376239500
1388340889
1403541909
1421325975
1424611092
1428235799
1434681912
1438086240
1450526398
1451791401
1454653790
1454679348
1480522188
1482292873
1484397222
1496301294
1499217194
1527867150
1527870541
1532551100
1532552710
1537404785
1538510181
1541235373
1543704169
1547644840
1552644279
1333526086
1353286850
1551083334
