1316538345
1241576528
1306524452
1397876265
1085963626
1075453104
1090632995
1537570629
1457211977
1156659317
1062462074
1425618264
1150929714
1236458577
1421663286
1485610629
1335879857
1342434730
1277028869
1300785328
1085729685
1108322611
1296934969
1348669357
1098410301
1038671733
1023729173
1484808330
1413064104
1020835081
1354803871
1495814873
1416306302
1495215679
1436605163
1119101753
1504871695
1242449033
1201892642
1113968076
1306528871
1435222745
1257880616
1054806514
1425887219
1518569828
1266531136
1307698159
1384504982
1191539517
1324908183
1085961928
1302813820
1300956851
1379447956
1065793369
1312734079
1312796085
1071690651
1143397499
1330071684
1251145667
1316551926
1249259176
1120269027
1143416393
1317477515
1445995109
1135794412
1500125025
1145883992
1318723304
1221564733
1252401203
1252261499
1317244449
1145285159
1522783129
1406202961
1089242759
1155450253
1383096742
1527130586
1023727668
1028373613
1379429342
1289544846
1355934062
1354032758
1277023057
1192502365
1159732488
1304128127
1211786094
1181018336
1090773966
1360792316
1344579088
1312448493
1101317607
1468840836
1513555058
1539902753
1468832521
1345309377
1312748318
1496304030
1497891731
1015829990
1085731425
1312787632
1417635492
1253803037
1312780773
1357876677
1443529332
1475115306
1140753362
1234256453
1458808713
1019235061
1175422783
1020791927
1312739667
1170278154
1136686442
1153712963
1023729085
1339364726
1425929049
1144866372
1252356161
1340898711
1067774105
1075448036
1145253542
1226459605
1127448205
1143292703
1144891058
1214770133
1090779108
1119101441
1019235937
1143382901
1262625040
1385088452
1016351047
1354635651
1356644389
1084256932
1369641522
1540303615
1015830512
1293936016
1348476717
1468833114
1496419130
1100500035
1135843624
1247412175
1312744194
1354240138
1369433723
1355778203
1447358650
1127495136
1409620115
1468834505
1521285269
1074520502
1268888500
1356194738
1445241829
1532465838
1271708941
1421336436
1421337796
1050143127
1127755353
1399015070
1312758496
1523071728
1523414930
1367584257
1421337840
1497924290
1521876388
1200398296
1311392937
1354701781
1355867420
1369521799
1419322956
1268837689
1227681168
1305939663
1309110927
1316548003
1367575592
1466952229
1050142755
1279754815
1354317243
1034504040
1182733898
1447768028
1468839843
1514180910
1527010837
1214737999
1447403132
1468839951
1037619034
1083535283
1225554600
1226520286
1407183670
1409638136
1466168078
1487007063
1497876295
1537204936
1173630669
1317046673
1332339183
1338323331
1347408826
1414859740
1532415374
1191515490
1214130783
1537402229
1036846976
1084260006
1109070393
1225617616
1329908160
1399105272
1468893238
1540334843
1015830225
1015830534
1050143019
1225184774
1313232780
1439064973
1468829418
1530983277
1368020897
1496104896
1540321235
1050142916
1297003389
1426014873
1342600766
1365049652
1367887880
1383799712
1445211967
1468841130
1521348404
1522158390
1522369179
1523905128
1530213775
1531556464
1540208895
1544302437
1050142914
1113888615
1340558095
1361387479
1426508194
1504574454
1530579419
1054806468
1169683323
1197038691
1225436657
1371305166
1331343899
1530326891
1050142780
1086000973
1154534819
1186558495
1356133053
1356345557
1356345743
1285518169
1367997965
1400239334
1397825966
1454934778
1455442635
1461820224
1468835203
1506966848
1519854992
1050142993
1196929596
1356346672
1220846760
1251073191
1434638014
1445543550
1460938827
1465122173
1468833219
1490948010
1165062979
1050143018
1119101320
1210690516
1230368832
1530495466
1050142556
1246358219
1271914707
1368051912
1443374555
1538851642
1247019132
1307727863
1491993082
1090650424
1356346282
1356345953
1328379526
1360807860
1465142096
1217415006
1317017396
1325027418
1499122117
1023728479
1050142607
1050143010
1134009151
1143267046
1200621523
1214750763
1230643419
1425914374
1425958701
1262164542
1298461727
1302496751
1311411256
1321765673
1367944292
1396447352
1402883876
1434661742
1434663965
1440809659
1453439714
1461559548
1489372003
1514024246
1530733611
1530898724
1531002040
1548952964
1549655379
1550154755
1050143014
1015830912
