927422
835967
700701
1490023109
609023
802369
644169
1284898
1482805991
609019
598630
1397959225
1490037706
1132060
1490100570
1406849292
754114
1036507738
1289107
802362
1383106965
1332506
1332511
802355
1488293267
629361
552418
1453462759
1433458115
629376
754116
629368
1253880309
1173464981
1398307978
791304
1217549475
1434227817
573072
629359
1036473166
730451
743821
629371
1332475
1494424278
1332490
629362
743811
1383279295
1097938191
1365157312
1180434006
1401555254
1128839900
1390053693
1510880990
1507489804
1332494
573069
1401520229
1545076947
1214041556
1084826134
1148084238
1022631856
1148086804
1380534871
1422342050
1148086463
1057794828
1343471047
1341145086
1107275448
1179503356
819265
1332497
1372300452
1024263570
1036834321
1105509788
1154616450
1490093808
1456419651
1148085741
1488891308
1036836194
1102117823
1105500852
1102089920
1148085057
1422130976
1436177234
1181546990
1542043040
1084832728
1148084293
1102006403
1148084474
1397942623
1084819510
1104575028
1368952257
1368965393
1102941491
1107360531
1148084600
1483082472
1488332438
1536086859
1284430503
1457110662
1148086702
1210468016
1348024341
1406842749
1462042259
1521300859
1116711153
1181564652
1185959790
1187473491
1187800977
1187916165
1192527672
1398827098
1468870698
1478089291
1024264306
1450659966
1529871231
1104575841
1355031870
1509470899
1148085469
1252752006
1477577527
1036411690
1104703397
1148086172
1182792839
1187886952
1237132358
1280609963
1294750540
1295119693
1305527197
1312869458
1400057013
1431236359
1446709548
1450457980
1478467952
1534333229
1112664248
1148083027
1148086053
1148085930
1148083026
1148085331
1148085017
1148083019
1147526251
1147690918
1155291017
1246557858
1252421536
1302330560
1334615040
1338888289
1396910656
1398829560
1463881775
1434276961
1434284436
1449390735
1450283881
1450644677
1450651601
1486866187
1505439145
1506346815
1511598830
1512007962
1521339453
1529917855
1533817369
1549198433
1549285025
1551992300
1550781559
