927422
835967
609023
802369
644169
609019
598630
754114
802362
1332506
1332511
629361
552418
629376
754116
629368
1283923871
1446806931
1260519467
573072
629359
730451
743821
629371
1332490
743811
1275044892
1058615129
1332494
573069
1088680610
1275722796
1401776211
1052725007
1046561914
1051366983
1275126979
1332497
1052779646
1274965808
1447322553
1446778855
1446840356
1448234259
1050902308
1082983391
1435611832
1447308558
1050995263
1051014797
1275057156
1373045942
1447299360
1050981700
1052740341
1052775717
1052716203
1050351999
1050905358
1051003934
1052410218
1051011500
1051350131
1051360127
1052406531
1052754260
1052761173
1052769497
1062796183
1275437428
1275472888
1275643355
1322978105
1316220532
1436250382
