900391
1332405
1433787688
1458102508
1099302
1341584388
1295278577
1295236281
1284898
1099439
1256933
1359928
1379157694
1474074750
1496164107
1367961452
1198152
1099447
1368944562
1289107
1425829100
1401764626
1436016050
1338915
1376861028
1474046108
1332506
1215255492
1332511
1198155
1332601966
1198151
1312999782
1433797969
1212881
1474236755
1497628371
1416237104
1448229
1416258630
1255365863
1484495185
1380744045
1494347145
1445577568
1520668408
1494455343
1411167420
1198141
1508787829
1332475
1246758902
1332484
1260837
1332490
1154616321
1435959545
1494322875
1312773882
1324434963
1186827370
1126544791
1112092820
1379189456
1312883065
1095728125
1095689308
1222834074
1339438361
1332488
1255332028
1543248159
1332494
1442169413
1312787434
1036600410
1215540415
1236639548
1183846873
1441703609
1435330934
1489508544
1125120468
1156173496
1179435537
1222833132
1153917779
1464523481
1332497
1478426608
1506316883
1182675587
1484553279
1518849192
1490417766
1208795
1166907403
1082752916
1082759729
1295244935
1362601082
1229131205
1321286920
1481225274
1540058275
1218128624
1364882352
1441274055
1447544930
1118956105
1441257870
1206959823
1216306498
1229200952
1331265569
1446690913
1475341927
1478593996
1480780249
1481611937
1485893182
1500493326
1333646798
1381602177
1434496267
1441249733
1113192921
1163696275
1379215207
1488368480
1229288972
1279695360
1288779161
1477322138
1503777716
1536580628
1536614206
1098662915
1189832270
1230550227
1271747800
1271804821
1339324685
1426159255
1504869019
1512683940
1541530643
1208807
1097080960
1098653431
1362602176
1362599916
1229086320
1246978465
1271847822
1380021381
1334619696
1448082450
1464516035
1484377031
1511766851
1511767531
1089190356
1216320724
1351758788
1330204685
1362598639
1255350778
1462417386
1504013642
1167389753
1191795982
1207507254
1229200510
1271772180
1312836873
1337790237
1338472062
1445589102
1474243341
1501547140
1511765828
1149829192
1165946826
1174797509
1295274133
1189183579
1206949483
1225709241
1226248005
1255583942
1258236708
1258252498
1271830264
1321340569
1330186119
1385949344
1464529770
1480704047
1481248497
1502798227
1547164939
1550747684
1552271699
1338479629
