1024558924
264713
165900
736882
525550
835083
1448789538
892606
351851
1090756683
559003
1024619098
818204
558985
1234352376
1206528
1074330550
1008259798
1029609061
1214490947
264717
1049524467
1242626
1348644082
177432
1463714372
1382302
1112896166
1469873878
1467764776
1177191291
1314280717
1177189031
1025418067
1353128969
1104632125
1484050407
1177198785
1377010129
1024614271
1117599
818197
1469841921
1103825
582747
1011910836
1390329072
1248820
1177190195
1420423264
1336008
1215855
1011911298
1238160
1055449786
1048620264
1024585321
1252617146
1384261790
1437336905
1024558924
264713
165900
736882
525550
835083
1448789538
892606
351851
1090756683
559003
1024619098
818204
558985
1234352376
1206528
1074330550
1008259798
1029609061
1214490947
264717
1049524467
1242626
1348644082
177432
1463714372
1382302
1112896166
1469873878
1467764776
1177191291
1314280717
1177189031
1025418067
1353128969
1104632125
1484050407
1177198785
1377010129
1024614271
1117599
818197
1469841921
1103825
582747
1011910836
1390329072
1248820
1177190195
1420423264
1336008
1215855
1011911298
1238160
1055449786
1048620264
1024585321
1252617146
1384261790
1437336905
1024558924
264713
165900
736882
525550
835083
1448789538
892606
351851
1090756683
559003
1024619098
818204
558985
1234352376
1206528
1074330550
1008259798
1029609061
1214490947
264717
1049524467
1242626
1348644082
177432
1463714372
1382302
1112896166
1469873878
1467764776
1177191291
1314280717
1177189031
1025418067
1353128969
1104632125
1484050407
1177198785
1377010129
1024614271
1117599
818197
1469841921
1103825
582747
1011910836
1390329072
1248820
1177190195
1420423264
1336008
1215855
1011911298
1238160
1055449786
1048620264
1024585321
1252617146
1384261790
1437336905
1024558924
264713
165900
736882
525550
835083
1448789538
892606
351851
1090756683
559003
1024619098
818204
558985
1234352376
1206528
1074330550
1008259798
1029609061
1214490947
264717
1049524467
1242626
1348644082
177432
1463714372
1382302
1112896166
1469873878
1467764776
1177191291
1314280717
1177189031
1025418067
1353128969
1104632125
1484050407
1177198785
1377010129
1024614271
1117599
818197
1469841921
1103825
582747
1011910836
1390329072
1248820
1177190195
1420423264
1336008
1215855
1011911298
1238160
1055449786
1048620264
1024585321
1252617146
1384261790
1437336905
1024558924
264713
165900
736882
525550
835083
1448789538
892606
351851
1090756683
559003
1024619098
818204
558985
1234352376
1206528
1074330550
1008259798
1029609061
1214490947
264717
1049524467
1242626
1348644082
177432
1463714372
1382302
1112896166
1469873878
1467764776
1177191291
1314280717
1177189031
1025418067
1353128969
1104632125
1484050407
1177198785
1377010129
1024614271
1117599
818197
1469841921
1103825
582747
1011910836
1390329072
1248820
1177190195
1420423264
1336008
1215855
1011911298
1238160
1055449786
1048620264
1024585321
1252617146
1384261790
1437336905
1024558924
264713
165900
736882
525550
835083
1448789538
892606
351851
1090756683
559003
1024619098
818204
558985
1234352376
1206528
1074330550
1008259798
1029609061
1214490947
264717
1049524467
1242626
1348644082
177432
1463714372
1382302
1112896166
1469873878
1467764776
1177191291
1314280717
1177189031
1025418067
1353128969
1104632125
1484050407
1177198785
1377010129
1024614271
1117599
818197
1469841921
1103825
582747
1011910836
1390329072
1248820
1177190195
1420423264
1336008
1215855
1011911298
1238160
1055449786
1048620264
1024585321
1252617146
1384261790
1437336905
1024558924
264713
165900
736882
525550
835083
1448789538
892606
351851
1090756683
559003
1024619098
818204
558985
1234352376
1206528
1074330550
1008259798
1029609061
1214490947
264717
1049524467
1242626
1348644082
177432
1463714372
1382302
1112896166
1469873878
1467764776
1177191291
1314280717
1177189031
1025418067
1353128969
1104632125
1484050407
1177198785
1377010129
1024614271
1117599
818197
1469841921
1103825
582747
1011910836
1390329072
1248820
1177190195
1420423264
1336008
1215855
1011911298
1238160
1055449786
1048620264
1024585321
1252617146
1384261790
1437336905
1024558924
264713
165900
736882
525550
835083
1448789538
892606
351851
1090756683
559003
1024619098
818204
558985
1234352376
1206528
1074330550
1008259798
1029609061
1214490947
264717
1049524467
1242626
1348644082
177432
1463714372
1382302
1112896166
1469873878
1467764776
1177191291
1314280717
1177189031
1025418067
1353128969
1104632125
1484050407
1177198785
1377010129
1024614271
1117599
818197
1469841921
1103825
582747
1011910836
1390329072
1248820
1177190195
1420423264
1336008
1215855
1011911298
1238160
1055449786
1048620264
1024585321
1252617146
1384261790
1437336905
1024558924
264713
165900
736882
525550
835083
1448789538
892606
351851
1090756683
559003
1024619098
818204
558985
1234352376
1206528
1074330550
1008259798
1029609061
1214490947
