1305343144
1127031450
1247801255
1403066865
1543930776
1383861564
1368004776
1424062834
1218904032
1192691519
1468235393
1181147316
1152472612
1267464155
1502902705
1542141825
1295298720
1089289180
1390194637
1411542915
1483305684
1098007364
1307552708
1027647837
1236523722
1310158444
1026262066
1382769271
1082956916
1116719729
1164634468
1218843670
1262848614
1026551245
1026267204
1214195639
1284143207
1382901774
1488614526
1331447597
1476630293
1160048064
1282689587
1539985798
1362910383
1376976159
1511878210
1257628198
1199383372
1218156400
1317220117
1335755727
1502321651
1178192573
1532689653
1023627437
1157142238
1519671959
1532687812
1107108835
1284046797
1531554666
1165015940
1165945948
1470359874
1354968694
1354991635
1444496409
1462079111
1492974293
1539062877
1165036841
1235270022
1357967517
1417213810
1511640130
1526425854
1539015237
1163991874
1180981345
1275533161
1332355070
1336236046
1400003347
1432043615
1507610694
1162617076
1381949881
1331190289
1331446362
1384022539
1536475266
1105488929
1480515390
1309396133
1435506023
1444478743
1158178987
1158133084
1158149383
1162514138
1162601294
1162622516
1162682266
1162686748
1163984348
1163999188
1164006569
1164776200
1165025034
1185978030
1188264049
1188289896
1188302561
1189681185
1194015514
1196852510
1196874040
1196884974
1196910400
1196919144
1196932049
1198295576
1198551381
1202237515
1214449069
1233225566
1234185431
1235242451
1246831086
1247019772
1282089047
1282145798
1285731581
1316928304
1329606898
1332973860
1337449939
1347860669
1347963728
1348882751
1351720635
1367871973
1388667299
1422532100
1448149051
1454499192
1479239876
1502327262
1502827312
1510046950
1536106415
1536613946
1546284564
1547683259
1548558016
1549126101
1550550154
1553888522
1232154129
1556817195
