927422
871084
1485281346
644169
1399969372
1466254048
629361
552418
629368
629376
629359
743821
629371
1275201223
1332490
629362
743811
1399981099
1093309698
1546406376
1300355239
1466760349
1466381544
1466848072
1466791533
1546388733
1306393274
1399957389
1399986311
1466253450
1466799757
1485240727
1496049551
1466279368
1409187718
1400000423
1409114011
1466264041
1466851196
1466844369
1466828041
1546391772
1399975674
1399993402
1466854471
1466779834
1466739202
1496056251
1111805427
1159099636
1546387963
1546390896
1397934684
1398828626
1399963730
1466822656
1483987306
1546389199
