1352536193
1263892087
1362497398
1224924099
1273222629
1263934982
1279565867
1279604075
1251047587
1273122632
1271186238
1274871504
1263237849
1263840192
1273130068
1052844406
1118795403
1027153981
1525115776
1226683321
1166130125
1138214435
1139859534
1254862781
1263232604
1276417707
1304092731
1092579790
1137255754
1027150068
1226624524
1263925212
1271611863
1501571080
1273175685
1027151076
1139859136
1139822490
1027162559
1254874296
1279132423
1139858471
1433045967
1417926149
1264627676
1525128802
1122406674
1275437628
1166000184
1263227335
1279161298
1531934449
1295305157
1273184307
1279174753
1137366259
1230312818
1121578762
1225204607
1271571631
1279543069
1448093044
1122421041
1142476855
1227029907
1246160236
1246165509
1273200185
1274888468
1276798956
1279555155
1501516514
1274901857
1298382350
1273136426
1276373374
1276676337
1279142786
1447533561
1501014692
1501527718
1525200783
1531880398
1122412726
1142346831
1226300879
1226558711
1274912886
1275454658
1276426045
1501253991
1501534984
1501548351
1276706364
1279674235
1501522645
1501530472
1137449788
1138254452
1142389503
1225039342
1228740644
1230656148
1231613697
1263223342
1274868519
1275325376
1275467745
1298615805
1499641877
1273105069
1501217040
1501576091
1166004192
1275526233
1499669857
1121579229
1122398516
1139860483
1137954515
1144998938
1144997727
1138262586
1142593539
1226526305
1228756102
1230461507
1243213811
1246143600
1271734281
1279181724
1279533441
1279594104
1279616460
1279628702
1280404695
1280604350
1280621545
1280633976
1298406226
1447535223
1447544139
1448093815
1448097069
1448098183
1500994072
1501000913
1501055298
1501200110
1501209230
1501245518
1501519747
1501538803
1501551736
1501555194
1501558198
1501561129
1501564971
1501568008
1501574435
1525160059
1532579725
1532592337
1540175213
