856217
573055
774510
935672
573048
676188
972893
573054
1159248
879726
730431
1162099
1014753
652867
573064
676191
669609
676190
822670
573053
856231
730428
692504
676204
879762
692509
856228
1131948
856242
774508
879732
856221
879739
652901
644186
652864
644187
609032
652821
644192
856201
1332194
730412
609024
856220
730443
856226
753184
856240
716560
879746
913595
676192
692475
1233237
774511
676193
716555
1159249
652859
652872
609028
927426
716434
692489
754119
703478
652856
692456
598655
716551
695997
573050
1391132755
1437245
703473
1206525
716540
1437256
1437376
1437338
