1212888
1146902
1331187528
1075978101
1018875740
1231681199
1221900130
1030773061
1023082049
1018885107
1159175736
1103077330
1406655705
1018876109
1417271705
1473139461
785731
1137846182
1130572757
1220979986
1023890859
1022730159
1484352976
1484260564
1266376843
1072445937
1019143380
1011757842
743807
1434419196
1005347234
1088415617
1132787241
1196888234
1017779491
1376657545
1448256381
1209892521
1137430357
1048327073
1022364647
1533988752
1503846116
1465794810
1055608895
1136179068
1022183607
1015386997
1016901545
1200336833
1023097188
1036996289
1234992904
1021579957
1101368698
1068695410
1017788444
1054809699
1340314681
1338258144
1381645894
1443103987
1037178867
1123714749
1486749816
1181024286
1427478771
1417860518
1354331475
1104267405
1257523034
1314339121
1103212033
1505765049
1533031283
1218219005
1149530372
1505021496
1538851099
1064167681
1137811030
1158603235
1246557077
1263648487
1396820125
1417835527
1497705126
1058214416
1312040814
1528803433
1111452829
1482867831
1087391432
1295565233
1444024065
1497688972
1498374387
1523559425
1225183247
1235468966
1268011289
1396890839
1135933665
1192789667
1208719382
1214481743
1341195367
1444903380
1448505841
1453396992
1506257508
1520221611
1529632815
1551340090
1552489239
1012335999
