1264730
879778
1255270
901104
793004
1440441431
1280528
822591
1346499496
1036590025
1486156041
1451332907
763214
1456719930
791254
1163784887
913608
1192922232
1378191070
1430277412
1264660004
1490850429
1266787049
1079840665
1295257368
1457166655
1036590775
1250410218
1108845070
1094680440
1164809595
1333055227
1277153234
1485306125
1005547810
1519990960
1366056103
1195200377
1084578049
1289237384
1321651588
1397239281
1182447123
1277145113
1076677552
1173221946
1267885133
1523469552
1037141626
1143801174
1132051047
1498010251
1275431396
1129204798
1145580672
1060265488
1315445925
1088620559
1373824456
1317326397
1129233105
1145770100
1057859494
1192723517
1481241548
1433900982
1480573020
1017921417
1377873806
1159551806
1010927497
1253854597
1376681778
1312924796
1072364613
1143701949
1078348121
1380246270
1456414584
1253837863
1314549990
1353099336
1482981052
1017979506
1355301909
1379879972
1483156217
1286587412
1481547142
1034353698
1192970228
1317216927
1355030114
1445816639
1374744568
1244363847
1377916311
1397897163
1424199824
1493395661
1143812027
1195348068
1233166936
1244069627
1482536864
1461662424
1482979135
1506275875
1522743220
1062238320
1185594879
1185023129
1475936254
1050439423
1088633041
1317228527
1380927347
1523022532
1177305759
1263291680
1286578142
1312839725
1433859657
1024717969
1184844971
1263287092
1458896411
1419757401
1482530273
1470752382
1476459800
1512840539
1026594259
1035607597
1072363317
1075962961
1117661639
1182608419
1276520386
1276460339
1400480832
1527019156
1091415479
1198131948
1423580597
1458870329
1458869921
1003964987
1034433414
1046541046
1312530583
1454473698
1476351089
1500264794
1509216318
1523379704
1154567463
1204596657
1189927253
1199257733
1389623338
1323090309
1317349123
1318245499
1356713431
1380679150
1427563297
1433908069
1435621398
1444021676
1472689247
1477673691
1512424814
1522914885
1426102783
1529547378
1531050628
1541987189
1542079940
1542088124
1542089038
1542534093
1555153727
1282222463
1282157429
