1232361
1099299
1183253223
1322248
1184476148
1187001317
1178771842
1452988846
1289111
1145375605
1272737
1383724233
1236350
1260831
1120115416
1308099667
1229799617
1210552629
1165106772
1054156065
1055505517
1371114634
1289536537
1277938639
1048077351
1088621787
1317823216
1283693068
1458130803
1286434624
1466444753
1545051010
1333125153
1276851980
1525582895
1055503996
1253715796
1352748966
1084212841
1543655667
1276586368
1054095469
1481234413
1232347
1353037862
1164105930
1383801134
1479400259
1164066874
1278018653
1435537121
1435542597
1458168457
