1431765756
1530747780
1435313989
1380517841
1521087090
1395188454
1186536192
1232518579
1187126274
1483056665
1395186529
1357564821
1497587917
1194429651
1407082560
1230909835
1249605421
1384971035
1212161873
1032672975
1395182456
1032667998
1194522825
1247860152
1226631424
1367015875
1212165380
1444363914
1113010874
1372965484
1429075942
1212155281
1212158277
1186503843
1032673734
1032674969
1297207125
1363712457
1395182505
1285679884
1194518785
1234956499
1265243534
1032666342
1194515608
1287028959
1289126949
1291879941
1292619522
1407083146
1431694723
1460978052
