1017541
1177831
1318147
1050214300
672811
549875
1012684879
559007
1019839391
1315875
559031
1245434804
550180
652816
1012935562
1292664
1002536648
559025
1001500588
616378
743829
312609
549876
1177829
1012932564
559040
1260828
1177828
1002877764
1467576
791306
1014448745
1318170
1113593429
1245435263
672585
1223536
1012935899
1319050
1463433
1463461
1260813
1297507
1463436
1012935350
1176988
1206693601
1319040
582749
1149838850
1014530189
1001470693
289432
1456946949
1011537935
1463444
1012931214
1001879509
1463430
1185631769
1002548638
1012902494
1457567931
1002877608
1064427007
1001250342
1012931886
582764
1477997526
1041900939
1001532062
1028690723
1198190
1262354007
1016490396
1001731454
1486517523
1297511
549873
1042172963
1223371685
1138754199
1420274427
1001521529
1245435055
1042746943
1012270771
1012903662
1494052144
1256162726
1008510931
1200672466
1187071583
1033957251
1256183775
1438755888
1003131169
1016425235
1360766312
1159202
1256179510
1419623129
1003885521
1002017458
1012903063
1245435867
1002613552
1175637816
1003131190
1014538066
1255546834
1002877626
1003901028
1001731479
1012901790
195800
1256172798
1224146370
1067773105
1043047969
1463434
1257435206
1259312747
1259314864
1323085
1255454249
1255563580
1471319910
1257433112
1014522305
1179417760
1259202185
1001982609
1256191443
1033958735
1259316703
1463471
1001731503
1223163917
1255663209
1455710858
1511104197
1041967200
1042765654
1256176472
1457559447
1259258513
1423832088
1223878297
1001394749
1042750477
1259251597
1451239461
1256169424
1128928810
1257427600
1145416651
1255494401
1256187522
1257419973
1257430307
1257438298
1259270608
1259319813
1002569897
1025603048
1001560778
559005
1097868918
1070965870
1002548418
1224117364
1003533832
1031467945
1002539068
1056177812
1462797955
1045290524
1173168837
356828
356832
356833
632580
378526
550164
533481
356830
567803
806140
