387017
608988
387011
856196
1386486944
1433969068
730387
591662
598696
879762
972890
835963
1280620445
1431639257
791301
1120018088
1489086719
749047
1024965
672533
749050
749056
598649
598655
1330303347
672538
743796
1457366474
1350123792
1141653943
1037137013
1105525093
1386499191
703445
1386495829
1187928119
1353160106
1419170501
1460720934
1419170212
1037834118
1104594050
1037287417
1106385876
1100479489
1187783660
1187809000
1106445237
1436965
1107080483
1177976191
1386491857
1280761270
1358572206
1450383802
1475086744
703439
1101935068
1296672570
1332242169
1036957148
1122866496
1216636154
1332324519
1413653685
1534315669
1386491847
1413044632
1467342132
1514995601
1107167314
1280740739
1386494898
1312869847
1351968038
1386487008
1312869879
1500237511
1105811160
1187898392
1280738636
1386491836
1327138906
1327139024
1467505025
1460716827
1467327619
1488063901
1457210
1292378049
1467626641
785745
1022851733
1107094513
1187483690
1196702773
1196927479
1225051432
1279225685
1280731925
1386487394
1386489856
1386493418
1280764774
1280766018
1280767920
1386491893
1280776449
1386504140
1386509329
1386510590
1280788692
1280791124
1280794317
1386500028
1386510203
1386516689
1280804373
1286341235
1450275656
1450350608
1475085497
1467333922
1467501608
1488142390
1511609501
1511621840
1515766695
1516479245
1520543368
1521252327
1521264942
1547523263
1552023054
785746
