1215832
1058462954
1221586
1232361
1086016704
1449346556
1489350581
1162570015
1324030939
1256395
1211415892
1214324332
1100494702
1471433225
1297804
1317357962
1102403229
1211304578
1167053692
1314405379
1381476523
1255766797
1309661957
1072759884
1366082400
1153971744
1212074370
1389659714
1022188176
1105627302
1309666994
1205059585
1294262036
197859
1384666827
1086018178
1131998710
1489591602
1089120749
1498950514
1332268103
1038269624
1332478
1167005722
1225855983
1209313450
1079764344
1266635959
1309673036
1474142344
1415377998
1383700890
1210569932
1205321969
1316711718
1041256191
1232350
1043869563
1056400133
1180646539
1053259377
1236350
1184931349
1064562140
1397640581
1493061606
1296769426
1345233
1415350695
1426711190
1493097630
1456831668
1309664124
1438788972
1296160950
1343025242
1214613742
1345415721
1203991564
1182280168
1309653527
1282302550
1383682241
1317043020
1496980035
1098041791
1184855635
1309169
1182321204
1428320692
1296759339
1101990242
1272147029
1266871289
1099188977
1320831120
1169301999
1359937691
1184939341
1497139159
1229765863
1182592230
1383678960
1489629947
1161817175
1378639374
1412654131
1175572439
1166995957
1496054356
1102877394
1477895514
1530157059
1184816599
1541716586
1255680700
1298319847
1479113790
1131045634
1166980755
1207608555
1182294643
1375204272
1193409886
1345234
1229784960
1113315943
1504400431
1184969581
1475001036
1021935792
1220767307
1212310372
1303842983
1107092996
1117240332
1229804688
1084812154
1068989066
1288856580
1143199781
1486559085
1515504106
1403682722
1502853349
1057902241
1255695909
1518721601
1317325
1419679933
1123262368
1123282348
1317976405
1159219
1371640065
1546444513
1474229227
1492378082
1329839776
1304404798
1210618107
1080836011
1459773125
1086018506
1493065081
1479150669
1278862
1055242977
1511049587
1378837586
1429432922
1182227290
1089301655
1488495014
1434416182
1182227249
1063852261
1180639489
1438556128
1482850545
1086687262
1180646552
1241241647
1447351488
1142163187
1055263943
1191534418
1014873818
1296779756
1530161522
1318027356
1049208046
1086028278
1171395609
1255689447
1530178099
1020860715
1081925453
1462040086
1273518034
1452920066
1530186283
1332465
1208705803
1415309550
1315182248
1511080538
1011301575
1086022706
1180196485
1332471
1424885051
1332470
1541686358
1167001132
1530158870
1541664869
1278869
1054124075
1213565656
1459751575
1523505303
1279569
1011313216
1459762577
1541698175
1064213961
1086033503
1086024841
1222033078
1011312499
1182225877
1277063751
1305367634
1452714798
1493065290
1278804
1011356462
1132001484
1235049848
1279733672
1499822394
1522934501
1011312559
1086030597
1455830082
1263370170
1483403612
1011357292
1403303660
1542248270
1073327325
1086021614
1241440928
1250724014
1474186340
1534160388
1086026241
1081189878
1086002802
1101969185
1187264555
1195295777
1447706957
1496246201
1132002347
1252723241
1086010498
1286238506
1356906679
1359700543
1382992455
1459770733
1045778000
1086019917
1086027510
1255667388
1084900712
1086036133
1086634262
1098068400
1198620346
1214232435
1289269070
1443702729
1489675705
1081189724
1488152873
1086007506
1086020751
1133234495
1155365914
1161351412
1199682707
1330830808
1429397684
1488178562
1488529164
1489526166
1116432211
1271315464
1045876672
1180701211
1159228
1556038613
1556525212
