1234669803
1446584549
1234662490
1273947344
1032905360
1445797963
1234667911
1541576054
1445868923
1446810924
1234667178
1446505257
1054179352
1454296100
1234672835
1234662548
1273337684
1256395690
1273813789
1054161596
1056721909
1446062183
1054168108
1445850559
1094648107
1309683731
1446063756
1314317057
1394772538
1234666213
1273761200
1234677131
1234666219
1058688443
1234662021
1234659786
1234664033
1105442350
1314307677
1234672980
1273747316
1446002707
1276867949
1234661081
1234677438
1234677938
1273934577
1445838817
1273791187
1445997487
1273734428
1234667199
1273676851
1273979313
1453005108
1474963754
1234674174
1234519189
1234658217
1274005410
1234667879
1256324829
1273322915
1273922991
1507290799
1234672840
1262481338
1273845915
1446023986
1421234435
1452861685
1481581664
1234667100
1263715794
1445824773
1273906226
1335493221
1446033594
1257519601
1446054210
1234952246
1361378753
1234671432
1229764561
1273886366
1273989599
1416396250
1494100332
1446016647
