1069621074
1453072863
1516916280
1276741163
1053012242
1297798
1456751903
913617
1056030978
1225207323
1500502967
1075342546
1461595919
1463151391
1373811801
1470389645
1513599264
1472321500
1126715060
1432009714
1499128518
1443696959
1392989055
1315008910
1470368479
1408569006
1145809873
1431951430
1520580541
1145800355
1525766229
1294739750
1487075992
1403219523
1261504386
1313553035
1486119874
1019856552
1468032137
1233299947
1153698169
1229974484
1469828466
1307196356
1062284818
1318841082
1019555377
1474052725
1333114455
1531662134
1295228871
1330893807
1246567377
1041456610
1020822800
1057792564
1333629518
1415394569
1423763859
1045328302
1214280576
1423823712
1166912167
1233175725
1385493998
1053200708
1227446876
1314998218
1482437996
1446896285
1520592642
1191284710
1452948180
1072005572
1508785003
1163746251
1273616644
1442867136
1165713776
1453028585
1468159683
1322922810
1134427264
1449358218
1452980386
1454631696
1233181363
1104947125
1033537632
1423775756
1214511378
1315756980
1252424991
1411556045
1335916214
1423109366
1529344708
1045324776
1440027346
1529333886
1543658507
1097897909
1527492964
1323030852
1540115074
1540377676
1157506169
1182924028
1183821535
1221858011
1241034456
1333552264
1432944077
1539915964
1542704768
1198104174
1198107830
1235176815
1322935601
1468132396
1475928943
1503917288
1516853219
1536605681
1540316883
1543924314
1060284310
1223988043
1333528444
1439558612
1443676422
1541130979
1460956876
1460960621
1470344676
1504552222
1504558020
1534192093
1397061757
1518449816
1531980720
1539386288
1539761759
1543887604
1148206603
1157500334
1181342478
1198094748
1221649043
1334775374
1409122939
1443713575
1443703304
1443715591
1465897265
1468000608
1470727285
1486875839
1497335954
1503917284
1504823891
1507596713
1532817187
1542620944
1002583826
1170226610
1188717192
1322897328
1367621276
1412708611
1431991593
1443711549
1471265216
1408251655
1180770877
1167409977
1410775807
1419567422
1440165896
1532783043
1534339517
1545108512
1189487162
1097979360
1157831089
1188647906
1198090488
1240057418
1389417024
1443699499
1443696964
1463390235
1466285302
1489855356
1511265346
1516401320
1531675085
1543666004
1037988464
1135597861
1485098271
1262114793
1282656980
1434638413
1443710637
1443715466
1448979830
1460952980
1509999652
1516369398
1524522896
1531177865
1531649677
1532822041
1540192828
1543193037
1037986770
1059980727
1155215308
1334634126
1390405685
1464942074
1475062040
1503323493
1527428117
1529640432
1532751141
1543851636
1089047335
1148736720
1188676051
1207194723
1221843964
1416506800
1233176464
1240032183
1330823412
1386241559
1523333113
1532800550
1532811965
1534520624
1296864238
1481236156
1504556223
1306095774
1314989694
1433991832
1443687130
1507843441
1540265252
1542336076
1527320527
1531625784
1174802807
1180814121
1181351160
1188658645
1206134413
1416502198
1295191541
1300100969
1349515421
1383769288
1417643867
1424790900
1419342313
1431976110
1432953488
1439204996
1443706265
1439768019
1454049572
1462277582
1462279471
1501253224
1503917246
1503917390
1504557302
1504880247
1516436805
1516476845
1516527323
1516644869
1516999734
1518234738
1526908400
1527417644
1527462838
1527485035
1529305000
1529609265
1531141679
1532790515
1535758894
1540163618
1546257853
1546730580
1548746775
1550190761
1550891665
1551031104
1552082735
