1495631332
1385279203
1326994947
1030051081
1155034587
1023620447
1214512200
1075025966
1339056229
1237580370
1139962995
1096543946
1075323280
1110544195
1199904773
1164051661
1186750393
1145808788
1240980255
1024775893
743807
1088414445
1159752034
1310032540
1164877319
1035670804
1247921005
1011636904
1145659981
1364691469
1211714848
1352048733
1124859595
1145622074
1024282345
1177971701
1542959954
1546249651
1282764465
1236885584
1244139225
1345183334
1123073313
1130141494
1266410233
1244324248
1335428261
1512893964
1179387839
1016290385
1037169260
1287930131
1335137479
1375303600
1544561042
1143020896
1272059892
1048594325
1002593384
1027959732
1045016387
1034616459
1178120018
1335474424
1500820875
1524093858
1526930479
1533677230
1016913702
1020617619
1030128189
1045016414
1145857247
1145864591
1154504252
1266396839
1289287815
1333388998
1457414606
1479430707
1514534075
1530934249
1474937940
1335099606
1364729082
1534743032
1206015509
1302417571
1318789878
1541485861
1159136590
1246155465
1331405223
1411362465
1463641489
1526321244
1041942061
1165904394
1184699359
1217673276
1241519492
1320889487
1361170786
1361720728
1364551242
1381179386
1391512526
1403563852
1417752645
1424603166
1425662950
1449350939
1463822372
1472366299
1530690864
1480681743
1494742725
1504953239
1526320175
1533717112
1534463607
1534486232
1536580502
1539078590
1545903084
1556387170
