1264730
879778
1108790231
1255270
901104
793004
1192384099
1202306954
1116002
1378194219
1108834223
1123010658
763214
1018871324
1384609129
822592
1113990925
1192147839
1342635783
1068799651
913608
1108165999
1328049068
1295218606
1252557165
1122160658
1264024129
1441701733
1519992861
1384670948
1432938462
1300178974
1323510724
1251067931
1344566617
1076630201
1076893325
1145448295
1483285429
1221543507
1049854317
1034545594
1034545522
1281287422
1300121912
1469857605
1355705976
1433800462
1484080083
1512204700
1251141776
1469510865
1267742264
1184899070
1210314211
1279591934
1489496878
1184812218
1489493860
1543169441
1264730
879778
1108790231
1255270
901104
793004
1192384099
1202306954
1116002
1378194219
1108834223
1123010658
763214
1018871324
1384609129
822592
1113990925
1192147839
1342635783
1068799651
913608
1108165999
1328049068
1295218606
1252557165
1122160658
1264024129
1441701733
1519992861
1384670948
1432938462
1300178974
1323510724
1251067931
1344566617
1076630201
1076893325
1145448295
1483285429
1221543507
1049854317
1034545594
1034545522
1281287422
1300121912
1469857605
1355705976
1433800462
1484080083
1512204700
1251141776
1469510865
1267742264
1184899070
1210314211
1279591934
1489496878
1184812218
1489493860
1543169441
1264730
879778
1108790231
1255270
901104
793004
1192384099
1202306954
1116002
1378194219
1108834223
1123010658
763214
1018871324
1384609129
822592
1113990925
1192147839
1342635783
1068799651
913608
1108165999
1328049068
1295218606
1252557165
1122160658
1264024129
1441701733
1519992861
1384670948
1432938462
1300178974
1323510724
1251067931
1344566617
1076630201
1076893325
1145448295
1483285429
1221543507
1049854317
1034545594
1034545522
1281287422
1300121912
1469857605
1355705976
1433800462
1484080083
1512204700
1251141776
1469510865
1267742264
1184899070
1210314211
1279591934
1489496878
1184812218
1489493860
1543169441
1264730
879778
1108790231
1255270
901104
793004
1192384099
1202306954
1116002
1378194219
1108834223
1123010658
763214
1018871324
1384609129
822592
1113990925
1192147839
1342635783
1068799651
913608
1108165999
1328049068
1295218606
1252557165
1122160658
1264024129
1441701733
1519992861
1384670948
1432938462
1300178974
1323510724
1251067931
1344566617
1076630201
1076893325
1145448295
1483285429
1221543507
1049854317
1034545594
1034545522
1281287422
1300121912
1469857605
1355705976
1433800462
1484080083
1512204700
1251141776
1469510865
1267742264
1184899070
1210314211
1279591934
1489496878
1184812218
1489493860
1543169441
1264730
879778
1108790231
1255270
901104
793004
1192384099
1202306954
1116002
1378194219
1108834223
1123010658
763214
1018871324
1384609129
822592
1113990925
1192147839
1342635783
1068799651
913608
1108165999
1328049068
1295218606
1252557165
1122160658
1264024129
1441701733
1519992861
1384670948
1432938462
1300178974
1323510724
1251067931
1344566617
1076630201
1076893325
1145448295
1483285429
1221543507
1049854317
1034545594
1034545522
1281287422
1300121912
1469857605
1355705976
1433800462
1484080083
1512204700
1251141776
1469510865
1267742264
1184899070
1210314211
1279591934
1489496878
1184812218
1489493860
1543169441
1264730
879778
1108790231
1255270
901104
793004
1192384099
1202306954
1116002
1378194219
1108834223
1123010658
763214
1018871324
1384609129
822592
1113990925
1192147839
1342635783
1068799651
913608
1108165999
1328049068
1295218606
1252557165
1122160658
1264024129
1441701733
1519992861
1384670948
1432938462
1300178974
1323510724
1251067931
1344566617
1076630201
1076893325
1145448295
1483285429
1221543507
1049854317
1034545594
1034545522
1281287422
1300121912
1469857605
1355705976
1433800462
1484080083
1512204700
1251141776
1469510865
1267742264
1184899070
1210314211
1279591934
1489496878
1184812218
1489493860
1543169441
1264730
879778
1108790231
1255270
901104
793004
1192384099
1202306954
1116002
1378194219
1108834223
1123010658
763214
1018871324
1384609129
822592
1113990925
1192147839
1342635783
1068799651
913608
1108165999
1328049068
1295218606
1252557165
1122160658
1264024129
1441701733
1519992861
1384670948
1432938462
1300178974
1323510724
1251067931
1344566617
1076630201
1076893325
1145448295
1483285429
1221543507
1049854317
1034545594
1034545522
1281287422
1300121912
1469857605
1355705976
1433800462
1484080083
1512204700
1251141776
1469510865
1267742264
1184899070
1210314211
1279591934
1489496878
1184812218
1489493860
1543169441
1264730
879778
1108790231
1255270
901104
793004
1192384099
1202306954
1116002
1378194219
1108834223
1123010658
763214
1018871324
1384609129
822592
1113990925
1192147839
1342635783
1068799651
913608
1108165999
1328049068
1295218606
1252557165
1122160658
1264024129
1441701733
1519992861
1384670948
1432938462
1300178974
1323510724
1251067931
1344566617
1076630201
1076893325
1145448295
1483285429
1221543507
1049854317
1034545594
1034545522
1281287422
1300121912
1469857605
1355705976
1433800462
1484080083
1512204700
1251141776
1469510865
1267742264
1184899070
1210314211
1279591934
1489496878
1184812218
1489493860
1543169441
1264730
879778
1108790231
1255270
901104
793004
1192384099
1202306954
1116002
1378194219
1108834223
1123010658
763214
1018871324
1384609129
822592
1113990925
1192147839
1342635783
1068799651
