1264730
879778
901104
793004
1145225712
1280528
763214
791254
913608
1442990274
1479480733
1337457377
1505542602
1186864920
1037664442
1445038039
1213176142
1283579981
1337521716
1351966803
1218063908
1276877809
1037548136
1307638540
1262880243
1036849758
1415958285
1356909238
1218131828
1333654825
1037647951
1307303996
1290536588
1499837842
1481490468
1353071561
1506080096
1333651629
1037555324
1116757023
1500386830
1100470670
1089984509
1353073237
1179524239
1276885609
1366392038
1375314559
1037657142
1089305111
1195465609
1351968837
1179332576
1242480391
1371722568
1037665340
1049236900
1218498174
1373842689
1413041798
1353073241
1394624817
1488417162
1500241481
1218867645
1355032151
1352609358
1332171463
1379050190
1455667128
1353072160
1516343387
1332191510
1037651192
1179344746
1356907782
1464398189
1359137331
1468246234
1237763948
1365434467
1276853005
1458122154
1470156670
1364275247
1351968201
1244240094
1159748959
1468246532
1350212334
1365433909
1352619918
1466818118
1327140561
1196892148
1465592312
1352593934
1391339528
1491667326
1507168845
1037549263
1037667421
1300702737
1466366540
1300703150
1355031693
1356909387
1122917968
1351966993
1466359745
1506340192
1016349984
1037510933
1304429369
1333982469
1467517331
1353579368
1365434276
1465593571
1365433912
1367419528
1426034427
1365434185
1355030990
1480285904
1480414322
1037700178
1180200176
1308522106
1312442663
1312973418
1317222520
1355031483
1356908082
1365434786
1465592307
1465594146
1391357384
1431568446
1456390924
1351965802
1352965293
1365434082
1386341601
1464405875
1468246761
1468245712
1532520145
1540288045
1540335618
1540379398
1540409609
1540428224
1542111343
1543476049
1550111101
