1147728428
1030451396
1344676467
1050497121
1344730509
1255274
1322248
1344718547
1383796214
1025377305
1290324328
1242792
1332478
1289111
1145652750
1422062157
1466276034
1050995369
1260830
1210882137
1514340536
1101289065
1036492760
1392859265
1208782
1054048394
1479405167
1344861591
1340527706
1492909178
1068620094
1469860891
1163923693
1030031262
1441025174
1145657301
1184703922
1541420881
1332470
1073416235
1315353989
1541365496
1540565421
1054169840
1398846680
1541161998
1541520654
1036744726
1432835490
1469886252
1542042152
1344755549
1515160932
1529726831
1208659551
1315015354
1430821514
1507390591
1522932942
1535246002
1541986842
1542019157
1541423124
1542008217
1112983669
1225303605
1263308435
1422066214
1463184833
1502626102
1526877816
1531996678
1540542499
1541506038
1542021342
1226151340
1434330997
1145789082
1181547915
1184702788
1225274107
1225281908
1335235154
1433998860
1451817394
1469896105
1529683587
1529744191
1541149196
1541415371
1541452975
1547846273
1548526654
1548668424
