1255274
1463374
1463375
1242792
1332478
1289111
1463380
1260830
1231173298
1463382
1337241316
1345233
1463383
1473997475
1463455
1463470
1368145259
1013125621
1012712765
1489212050
1463391
1463386
1463384
1473241269
1271688572
1008063270
1007798147
1166136708
1463381
1234367999
1350366372
1007127107
1337272911
1146405076
1232982720
1008298655
1010703676
1016476247
1517724164
1453001438
1332470
1244462149
1131065642
1013630776
1149067972
1131066003
1145858882
1368212455
1086082694
1019146128
1007798112
1010499115
1016137380
1011968409
1012712729
1271727955
1093228920
1141929452
1145038030
1145843517
1233156789
1233153233
1297077736
1432997444
1012712391
1276515105
