1288112519
1389649467
1432253509
1394461337
608988
1181338967
1397760257
1487420132
1478509176
856196
1266857641
1446010525
1206949478
1312323821
1482380472
1110577254
1282547818
1097943782
1194535034
1419012296
1060961068
730387
1442855894
1214100596
1455246375
1438869552
591662
1393929624
1491076722
1445219684
598696
1337249104
1186944607
1218039847
879762
835963
1532136836
1330148336
1218038644
1475518412
1128872411
1317449830
1314351304
791301
1079784327
1524851237
1024965
1186769486
1454702630
749047
1458274107
1434621899
1159723458
672533
1162482355
1173445817
749050
1370739181
1158276528
598649
598655
1497829236
1358376145
1230503717
1075485072
1342668985
1355250094
1439735040
1091121838
1186328933
1384498597
1319122816
1091129757
1466699444
1389645549
1443336438
1086127274
1232396630
1236938328
743796
1065061974
1380263609
1058057079
1065061936
1078505356
1308960774
1472496985
1030721474
1467032938
1496622572
749054
1065058810
1218515280
1334270495
1357069453
785748
1230369154
1236179025
1073078521
1483454326
1273924105
1507645222
1514400023
1430429434
717805
1425033548
1076596794
1393926769
1192234278
1334277796
1065060069
1089833093
1334333424
1335829936
1449289312
1250789028
1030716493
1161318587
1127147411
1262876325
703445
1116689479
1541658439
1371107919
1274990923
1368643001
1482371577
1125771526
1266412893
1344721397
1496367354
1183704134
1471477789
1208952029
1464405071
1287891757
1079902663
1267553715
1354080377
1520213221
1187274657
1354683051
1500026422
1179989242
1208726970
1234343488
1353193540
1371967860
1473785388
1500032784
1425643944
1472667352
1354558012
1455211887
1514122084
1199699167
1509846174
1372182987
1476075287
1508915583
1334755791
1361331142
1371688533
1391265621
1394715682
1428799391
1494611403
1534478741
1436965
1151990467
1172759435
1265037206
1236350507
1286345539
1374948567
1378397062
1391291058
1391314651
1423885037
1494100466
1494665365
1498512815
1500039485
1502342398
1523084574
1540541079
1545061527
703439
1023425659
1171443693
1212163974
1216465270
1321533844
1350047310
1353071376
1384076444
1394647024
1041633712
1186740931
1241362279
1392479869
1436650349
1436970659
1494542236
1076451539
1180346600
1237624761
1274920519
1394685675
1407075654
1428951569
1431612589
1432854017
1462252365
1469544233
1519886760
1540620976
1235033443
1351516441
1351962140
1362875524
1379042995
1392504310
1394865667
1494483133
1519905622
1528010802
1534655080
1534974749
1065060363
1202253282
1205430284
1297106690
1334896975
1378063832
1436679237
1508484837
1125785472
1208820940
1315059376
1272036475
1278461173
1468799146
1531610551
1540555871
1437001
1162605363
1199593715
1371940053
1424603152
1436665144
1277003432
1353113128
1511609574
1540596405
1457210
1075422674
1276968573
1476076093
785745
1037570594
1183695673
1136729855
1158176125
1218907979
1215198113
1255267771
1281418067
1287453837
1309402192
1333107969
1337227233
1348880030
1353580041
1354069002
1416704833
1384091792
1384084956
1394861547
1448668163
1415074709
1431591325
1452854512
1460766821
1461576320
1463754470
1494177943
1498437975
1505808170
1510501427
1522154114
1536093376
1540628383
1541525161
1548574924
1550697105
1550807644
1551142061
1551191714
1551894451
1553556840
1553938931
1200273909
1337237142
1307556660
