591728
1472577342
1297817
1458705801
716417
1298027
1220649531
629354
1132109320
1298022
1160077898
1131952
1279736675
1022229704
652807
1298056
1298010
1233241
1373696636
1064967042
1132081847
1288858515
818136
822663
730462
1467646
1093949364
1298019
1448236
1169286300
703400
1123538779
654332
1206524
1298023
1025055518
550156
1207330973
819271
1172718860
1307900989
1463433
1463461
1123763508
1155042214
1509177240
1518566407
1159207
1040913363
1289051505
1463436
1464565970
1457483459
1451250148
591726
1510814688
1178371234
1126657733
1064973527
1076996183
1064804235
724986
724978
1457548069
157044
1448504693
1014905768
1195482206
1167045522
1132082802
1313643968
1463444
1503949192
1507206727
1073591047
1463430
1417717239
1432523002
1424064419
1132093167
1156573180
1457537463
1135744625
1507439855
1159211
1314522943
1279442162
1424997938
1072432214
1132069512
1018749164
1064964426
1084674775
1518545174
1430924171
1427057848
1508470874
1526048063
1031632233
1132040034
1054504769
1457474081
1313874564
1528005308
1170381349
1064978195
1317244497
1357481527
1416057017
1456805156
1008111533
1490509868
1508939501
1164115404
1071788898
1304896655
271558
1205362127
1072738630
1169275129
1073556529
1483418403
1444947834
1091326536
1232931755
1362872544
1482221326
1064794829
1017212986
1170362600
1507034323
1193947758
1064981184
1178372072
1173732296
1206647922
1362917982
1064790689
1445037434
1161998034
1012935424
1362892475
1457855642
1120689675
1463331058
1304468091
1348314447
1457852872
724983
1169289428
1429469341
1205337629
1502921273
1163831336
1519169232
1520161172
1072443802
819264
1508478160
1520151835
1138630781
1400353816
1382244714
1527767054
1157237870
1457858202
1507619526
1463471
1018854973
1132101599
1525733574
1166982500
1415624737
1205893445
1340895531
1457526615
1525748443
1484228637
1317257542
1205704232
1511142934
1429472492
1017213051
1435984691
1526319958
1368209577
1132065062
1156823853
1218308467
1218317515
1499933127
1341080592
1388983712
1467005187
1501286890
1252422239
1288797271
1400587261
1063203855
1463172042
1206538
1163710476
1273908576
1295278286
1275429253
1327706537
1276553567
1354200090
1529382788
1532115690
1532449090
1536406821
1545275249
1552428687
1552967766
1271538652
672818
1553017960
1068595764
1233251165
1246244231
1233232334
1539755908
1552971075
1195481668
1372150048
1068365746
1195462276
1233358812
1500126644
1146152005
1083488406
1233239924
1388928754
1300017403
1195453248
1233245045
1552966624
1506915033
1519129128
1234378806
1195398890
1552974382
191681
767108
745235
745244
745231
745239
