1467419147
748926
913657
716425
730453
745931
730460
574050
612499
1266957
716422
716416
856191
1413580427
1243894821
766900
1356557
1260808
716424
730461
703480
1259756
766961
730464
574014
766908
745930
1041911697
1259719
745244
559051
745235
1024688388
1259727
1213218126
1423093088
1041924160
431029
1465967272
1259753
1233369737
1319391549
1060511552
1121656727
1159475
1050347670
1159480
1050378610
1285392965
1536173382
1352442796
1277886964
559053
1480923499
672818
871403
745231
707443
745239
1134484135
1459721804
1066201393
1417887286
1427343330
1509759919
1218523430
1417893200
1536233502
1264975369
1544871291
1178313245
1499643899
1133402300
1177138809
1472269153
1539892676
1535591739
1330219039
1178177739
1178269994
1268935602
1444011324
1456359878
1456546366
1550304536
1058448328
