387017
1187067193
608988
1187073058
1422420259
387011
1018431284
1396218581
1146805914
856196
1349489367
1187062984
1516030360
1153510243
1373396250
1428901225
730387
1395853621
1032798469
1436967606
1435283401
591662
1232742780
1484530148
1486623404
1474028614
1234093863
1262838211
1277017920
1293912152
1194222166
1058372758
598696
1407437398
1508122605
1218220229
1220976364
1287698482
1139071012
1227721872
879762
972890
1137780849
835963
1402990712
1120513303
1167492344
1238236832
1081215174
1373144525
1221009135
1316740941
1145772622
1289132694
1218233874
1424765547
1153464886
1130272118
1234125235
1149303451
1223170197
1019749414
1314100299
1445826053
1154407422
1102418930
791301
1145780896
1097297988
1314085932
1306030606
1354089668
1258561990
1480913592
1189944847
1323843665
1015821751
1145272974
1041601750
749047
1210744469
1024965
1413575321
1317009077
1036602002
1154513598
1396041205
1265653323
1499014775
1495062416
672533
749050
1030193266
1444241687
1452006655
1500908075
749056
598649
598655
1153503281
1215725518
1147419805
1020693246
1321978724
1156154060
1480526539
1294955488
1012919125
1154613302
1285506400
1035256524
1529485615
1147620205
1480095573
672538
743796
1335783212
1480452183
1307162603
1347925826
1234119088
1243708183
1457487911
1543145330
1433593812
1233092695
1484511398
1029569354
1326676941
1164915474
1324792158
1187054216
1444466400
1055093962
1449948202
1173522647
1247278810
1079859958
1473784172
1511845422
1016422450
1050206995
1101122974
1137908161
1469548240
1016439265
1145746152
1484234474
1036787561
1189783816
1249015763
1262834870
1366128593
1007831506
1206588833
1231603732
1313262997
1189944852
1422438056
1498659317
1005101643
1164762460
1221014366
1231255967
1145651162
1224209286
1167149721
1307708145
1424983539
1456541613
1469768054
1495036974
703445
1322441496
1506876783
1521728784
1032999539
1513018142
1054072844
1033768471
1226676889
1218266935
1181237028
1273829414
1048747336
1308625426
1153476908
1374474154
1380555380
1464292114
1530941245
1206672867
1378550986
1237538003
1306035529
1544983802
1043977299
1457172316
1533682185
1106143637
1307177345
1335455235
1419440103
1506567868
1532429178
1532696014
1255079482
1457487637
1517634292
1530332417
1037598514
1218954409
1237805673
1422464273
1424950603
1444041112
1488410120
1499962231
1481194901
1436965
1016439751
1028602921
1033929389
1034007175
1059664478
1084238759
1145539301
1268829285
1332035985
1335092683
1364531211
1375094769
1425623427
1429935924
1446098445
1462083308
1511002403
1541461075
703439
1145655609
1218222582
1409318391
1489704309
1501855268
1506575971
1528296543
1245319016
1354083830
1428905895
1492924585
1529497337
1005087235
1032659704
1045016385
1113027785
1153483142
1176964519
1181560929
1190951475
1244497093
1470862170
1252500989
1335555010
1392463461
1417796791
1422077216
1424883384
1443566821
1463773671
1512102058
1541248847
1028794549
1064504229
1153485807
1165812840
1181560397
1184897689
1189787506
1247020703
1253718567
1264270499
1285490060
1403026347
1512014650
1524574165
1527871763
1533620902
1541139461
1036602243
1130401060
1165824714
1246810058
1402890097
1465543749
1508115256
1524632796
1528332195
1530250789
1157430601
1043926554
1043931692
1066013951
1117838456
1148438912
1167459765
1184988117
1218975350
1246970327
1257689040
1260486059
1307586867
1318199772
1326675614
1334635773
1335445770
1356431778
1445629815
1457447470
1457492681
1476448271
1470843082
1488340600
1504138655
1518705152
1234103252
1248213186
1341669475
1379606341
1422404761
1466672582
1475587363
1543002048
1335235256
1417931749
1530855843
1538774399
1457210
1098688577
1096333569
1237788192
1244658068
1335126649
1457495217
1469945447
1481938074
1517988797
785745
1018439924
1030011483
1034006819
1063904443
1255101208
1135052921
1146155942
1149411901
1150010346
1156870854
1164748359
1167549187
1172462311
1173214135
1173490967
1176642655
1182622200
1184915677
1210776448
1218086204
1539867324
1234091937
1234154674
1237821680
1244083241
1246519401
1246570233
1247370775
1252133148
1253560920
1258535693
1267498964
1269016424
1273747169
1282660510
1445070459
1285487536
1287412777
1295655601
1309968024
1310009324
1316776000
1334599963
1335110015
1335491142
1335544241
1335555560
1335686810
1335698707
1335715056
1335777080
1351502770
1356441978
1364527484
1378110924
1382668993
1385767665
1389042548
1389056791
1393004281
1410563525
1411619889
1413488127
1427377878
1421352560
1421382330
1421382749
1421603212
1424193615
1424200001
1424205362
1425080058
1426205023
1430884622
1434574428
1438825861
1453750748
1457117920
1457488421
1457491766
1457493199
1459835324
1459848422
1462375475
1464271347
1466322010
1504131229
1475590855
1479437043
1481264689
1481460472
1482317613
1492927417
1496277431
1496284674
1497635338
1498859282
1499956897
1500267611
1503160154
1505058560
1506386745
1508120669
1511859341
1511963752
1512121476
1516762512
1517682820
1521604363
1521797731
1527260831
1528304846
1528346166
1532234930
1533598397
1533929397
1535906926
1541230874
1541333788
1541418799
1541447447
1546231875
1547554810
1547703521
1547741700
1547761812
1550199258
1550930170
1551023721
1551031439
1551317864
1552414397
1555479904
785746
1154524460
1033305106
1556035622
1556305356
1547906
