1481545191
1253525121
1333064203
1439561673
1032303
1388969508
1491992373
1139380478
1239887842
1238862084
1267889255
1452939119
1467564
1467565
1467648
1156209190
1380581775
1258956942
1257348174
1115914182
1425038765
1467678822
1211394819
1238832863
1238814812
1254029522
1504775569
1259337582
1060274397
1416258462
1259550841
1288224926
1147497627
1063875151
1084543371
1397365883
1491978893
1211407595
1266772247
1238852771
1422410933
1115506739
1019771746
1034046935
1453789780
1514739772
1513690614
1259425526
1016381067
1198905593
1388944218
1073433592
1436363868
1266678171
1255329709
1060274380
1179323099
1033096957
1064685384
1453704249
1256527220
1238880404
1031330151
1057861345
1060243424
1115517931
1140029845
1318717579
1475563538
1324509677
1199866059
1204082378
1452989583
1142499036
1017678140
1457425406
1266283957
1031414448
1086849947
1439633860
1514989045
1139388621
1087699281
1213180695
1312871159
1028019941
1076079489
1112901682
1115894794
1324501594
1122105505
1160312472
1259460247
1256099879
1041907547
1430905097
1140000555
1457464782
1045188968
1403416071
1034460348
1463057629
1406197089
1114747200
1469849352
1122193278
1266358627
1116642177
1272429519
1283412721
1314316649
1329983540
1436376180
1086848639
1341446916
1465445907
1504250095
1513616175
1115582131
1523948285
1266754771
1504064246
1249312134
1432842400
1463768643
1016067353
1098365765
1213205264
1275029519
1457477400
1459700268
1118514564
1287901494
1217310699
1502414083
1514229335
1020716361
1016086463
1497735925
1030982757
1083000596
1241406461
1123523671
1381280599
1159768706
1252356205
1259372551
1253442886
1274965328
1057806773
1107362078
1286731897
1288009670
1290820834
1399733859
1354022245
1439697695
1452976049
1453370224
1486778270
1508465651
1165156010
1187071981
1252339895
1328521580
1396305382
1441381492
1360426517
1266305687
1404602182
1373342215
1170436453
1384610544
1471151297
1156149926
1439038512
1463151165
1466361649
1475308899
1373007602
1399419000
1198690081
1360732575
1475600810
1228698684
1070513548
1229087625
1239908569
1354590622
1382554159
1398946399
1398610633
1420960893
1439840666
1453803824
1491996647
1461473214
1463665102
1466373302
1475543660
1336978051
1482576063
1486787270
1459304135
1455836047
1463671942
1486906765
1505410498
1510982951
1485238157
1337957575
1459623962
1520560456
1148644604
1383287437
1392473157
1393169351
1495793756
1401870251
1115923673
1338402521
1453375084
1475541124
1086849256
1303762325
1136202660
1140625519
1324503617
1145643597
1155893931
1339093587
1159869288
1475571622
1139498953
1177016132
1179385357
1188077545
1198688035
1207332437
1290635147
1333827052
1475579668
1158113501
1475592580
1179378492
1195177496
1207976997
1259482936
1259477760
1259474432
1259467963
1259463923
1259361117
1259352521
1197117189
1267893145
1271698233
1351942351
1282287036
1277168012
1288769384
1328580200
1300496092
1303953513
1305322846
1331433317
1373030366
1329388825
1373263076
1329626643
1388945294
1329924978
1389614189
1399654486
1396679612
1404619589
1506251588
1403560222
1332362363
1331602197
1332738346
1406152178
1334505240
1334622110
1334622346
1334896438
1404494625
1335056468
1335100284
1403446533
1336248844
1352849058
1336792355
1403364224
1402612170
1337447012
1337464992
1401131951
1337954725
1337956970
1339864341
1338553310
1405745903
1338594247
1353131316
1354701689
1354758360
1354809392
1354881141
1338623227
1401170061
1382587359
1383929337
1402740842
1339883082
1339948586
1398140030
1398585921
1399636147
1411956464
1434687134
1435708435
1443580362
1445245104
1447042682
1447740845
1449314223
1451096619
1451101480
1451996617
1452971946
1453092811
1453413968
1457273937
1457299958
1457458362
1491983617
1491971421
1463758240
1464324026
1473710693
1467220574
1467319131
1471850040
1471872306
1474028451
1474090419
1475678092
1475684551
1477451638
1477630117
1477706197
1477710221
1477758466
1478984865
1485355608
1486370231
1486798984
1486901061
1503886792
1352223669
1506462538
1508022660
1508047320
1514200745
1515638188
1515754492
1517855722
1520586034
1523407732
1524902636
1526413830
1527247106
1086851843
1033305405
1327321566
1097224048
1057856830
1535189968
1528805974
1530295500
1530873676
1531885910
1532088602
1532392780
1532502420
1533703240
1535617119
1536896505
1537484151
1537625719
1538436129
1539061372
1541209557
1541333640
1542066512
1542070189
1542074484
1543072629
1545266751
1545271608
1546169661
1546337185
1548545356
1548714656
1548975247
1550798395
1443572923
1213086739
