927422
835967
700701
609023
802369
644169
609019
1256933
598630
1198152
1055613539
1282801125
754114
1034623568
1176846
802362
1332506
1332511
1198155
1198151
629361
552418
1212881
1321090170
629376
754116
629368
1312016678
791304
1457109401
1319391069
1086080246
1260510857
573072
629359
1325154404
730451
1198141
743821
629371
1456362106
1332490
629362
1443008360
743811
1332494
573069
1139491381
1452522616
1319539740
1332497
1446837965
1456390916
1117787904
1421291373
1453727226
1500269657
1501362606
1435595606
1454136532
1457147203
1555058209
