616384
708466
661333
1323115
573052
1242625
1206160
1323120
772369
1102459002
1434356263
1323129
1323128
1040178
758131
748930
708465
549865
1147319
766949
767121
1147397
785855
856203
1255486829
1206166
913598
1434582744
1017891
1154473
1212903
748936
550123
1255617560
1496245084
1145628
1206167
1515714962
1371836047
1434437520
1093669648
1054122684
1485468037
1168880369
1271666005
1027482332
1212904
1053583210
1426027978
1244388730
1147315
1167899032
1028067586
1394780313
1187018035
1177092648
1442781282
1168817584
1372287112
1026926148
1178118851
1317307348
1156301698
1398720468
1515791806
1179097917
1206170
1110482405
1484549802
1411054918
1515798115
1507510930
1484179084
1408148920
1474100036
1107108023
1334562829
1102267192
1408199620
1077155003
1123951078
1523200305
1400076870
1247937216
1156217317
1394270945
1402990721
1106447498
1411654422
1424161237
1408173824
1496237863
1507668337
1156274780
1507702305
1131237141
1179359951
1334566415
1156230452
1364735512
1364762702
1364781047
1364733097
1375157767
1388746287
1402953177
1411737264
1394765521
1419448690
1454538990
1496212819
1179178367
1210376775
1456595403
754121
1528885054
1533252609
1534670620
1545924224
1539281374
1543367497
1547792815
1551615066
1554522290
1555778725
1555823061
1162098
1064280115
1179163354
1210357809
1252698512
1172990470
835966
835965
533482
835964
549868
927178
766933
1141744
1141751
791301
661379
791276
661374
605364
751536
605332
736896
736936
703473
736932
791299
