1114062348
1256395
1232361
1408851690
1528417459
1123530737
1122088988
1322248
927420
1122658555
1409039195
1355402160
1409037930
1289111
1122079120
1260831
1475676593
1245042822
1475572989
1475581453
1502316426
1502556293
1502634987
1094578227
1065439760
1123538716
1122082043
1290696475
819277
1123534941
1121554861
1132799792
1484604973
1458034010
1129411598
1082708701
1522030342
1543138351
1122084531
1398825919
1415138327
1365100166
1306394136
1466177957
1278869
1398827670
1502483822
1122767833
1481194587
1107343896
1478470400
1122077992
1198443410
1400091384
1415102715
1503203681
1466857101
1502249709
1503245406
1107281387
1232347
1460226931
1521269917
1107264871
1121472394
1236466730
1409040554
1412485523
1442678497
1459690406
1521272537
1097085543
1120047310
1121490861
1122755500
1451758251
1306393559
1332779126
1356207360
1398825200
1400071061
1400083245
1400100952
1408431827
1411809381
1427331172
1455903967
1466861918
1474894128
1502616241
1510530847
1521274074
1552317462
1552335237
1552344855
1550784384
