550127
656532
654305
559257
605287
154996
162407
142549
165904
656555
142566
236694
656518
232332
654308
582744
692464
162411
692505
162410
656561
818160
766880
854751
748944
550087
195802
549868
654328
785849
654303
573068
652809
656551
999249
749027
591688
692553
550129
559274
879707
927178
239767
766933
692549
644616
559270
818145
1029366870
605288
654300
753184
645419
344467
672459
536960
654301
692542
856220
654311
559269
271554
743664
766887
879700
692486
559267
654307
730415
708468
856221
601616
654316
879704
644631
601620
716565
142540
692546
879710
1324958387
1528367735
433901
552359
598668
726661
818132
1467580
672548
559276
854753
1321851997
927186
871072
1490279216
661257
654302
1422091085
1359319433
766911
601617
730424
766874
726674
944249
854754
743699
927190
654313
591692
505047
692479
1474478341
582758
154966
818142
1324995410
559255
627889
822594
1465885006
726658
559273
1085503097
818141
559027
1324916250
1085476127
1431556391
654323
730420
154962
1171101493
736936
1022882835
736896
818144
1422099732
1013392287
736932
598639
743804
654324
536964
1467561
1388677064
559272
656514
644581
1271460260
1330213936
582750
1028325738
1465897364
1508497434
1271475292
1162776532
1465902099
1171257204
1354707902
1473760019
1465874406
1171251593
1162696010
1388677189
654314
785857
559268
1366612014
1465511895
1059287882
1330213636
582756
1465532349
692470
766905
1528807012
1532585249
1541754368
1544861951
1173690019
1465557730
1212384627
154960
1465919737
672473
644569
644584
1541766965
818219
856217
835960
186677
935672
186675
871078
871069
835959
678771
822675
676188
871081
856226
676191
652867
703467
856231
632558
669609
856228
766931
536966
652864
822670
730428
730431
856236
856242
871380
879726
767114
856240
871077
372440
573064
879739
692509
856201
871076
879732
652901
692504
802350
871378
652872
730412
871393
703422
716560
1251002
703432
802346
927426
525549
652810
573063
716569
791282
871397
1215859
716575
591700
871383
758131
871377
700708
785855
871385
591696
730397
871392
871382
344492
692461
871395
692456
716557
871398
166870
791300
871387
