1381940768
1397339173
1218034254
1239107897
1026463299
1266976286
1297296082
1015826959
1166580287
1419987591
1015826361
1210767803
1189284730
1243011536
1086701729
1432991567
1188415783
1228822683
1186078315
1366946442
1123138127
1164634539
1267470807
1354143135
1315263503
1441417517
1472654649
1391309949
1378307677
1433031539
1218860340
1295584804
1414603218
1381945568
1244381671
1536528586
1147836412
1362274544
1546650187
1278340377
1348528958
1394701391
1499113135
1522951521
1429848551
1539721901
1303137487
1435662347
1443061651
1452868787
1245219376
1179392335
1251085803
1266814078
1317234098
1341179338
1361420168
1383983508
1545401063
1551875606
1381940768
1397339173
1218034254
1239107897
1026463299
1266976286
1297296082
1015826959
1166580287
1419987591
1015826361
1210767803
1189284730
1243011536
1086701729
1432991567
1188415783
1228822683
1186078315
1366946442
1123138127
1164634539
1267470807
1354143135
1315263503
1441417517
1472654649
1391309949
1378307677
1433031539
1218860340
1295584804
1414603218
1381945568
1244381671
1536528586
1147836412
1362274544
1546650187
1278340377
1348528958
1394701391
1499113135
1522951521
1429848551
1539721901
1303137487
1435662347
1443061651
1452868787
1245219376
1179392335
1251085803
1266814078
1317234098
1341179338
1361420168
1383983508
1545401063
1551875606
1381940768
1397339173
1218034254
1239107897
1026463299
1266976286
1297296082
1015826959
1166580287
1419987591
1015826361
1210767803
1189284730
1243011536
1086701729
1432991567
1188415783
1228822683
1186078315
1366946442
1123138127
1164634539
1267470807
1354143135
1315263503
1441417517
1472654649
1391309949
1378307677
1433031539
1218860340
1295584804
1414603218
1381945568
1244381671
1536528586
1147836412
1362274544
1546650187
1278340377
1348528958
1394701391
1499113135
1522951521
1429848551
1539721901
1303137487
1435662347
1443061651
1452868787
1245219376
1179392335
1251085803
1266814078
1317234098
1341179338
1361420168
1383983508
1545401063
1551875606
1381940768
1397339173
1218034254
1239107897
1026463299
1266976286
1297296082
1015826959
1166580287
1419987591
1015826361
1210767803
1189284730
1243011536
1086701729
1432991567
1188415783
1228822683
1186078315
1366946442
1123138127
1164634539
1267470807
1354143135
1315263503
1441417517
1472654649
1391309949
1378307677
1433031539
1218860340
1295584804
1414603218
1381945568
1244381671
1536528586
1147836412
1362274544
1546650187
1278340377
1348528958
1394701391
1499113135
1522951521
1429848551
1539721901
1303137487
1435662347
1443061651
1452868787
1245219376
1179392335
1251085803
1266814078
1317234098
1341179338
1361420168
1383983508
1545401063
1551875606
1381940768
1397339173
1218034254
1239107897
1026463299
1266976286
1297296082
1015826959
1166580287
1419987591
1015826361
1210767803
1189284730
1243011536
1086701729
1432991567
1188415783
1228822683
1186078315
1366946442
1123138127
1164634539
1267470807
1354143135
1315263503
1441417517
1472654649
1391309949
1378307677
1433031539
1218860340
1295584804
1414603218
1381945568
1244381671
1536528586
1147836412
1362274544
1546650187
1278340377
1348528958
1394701391
1499113135
1522951521
1429848551
1539721901
1303137487
1435662347
1443061651
1452868787
1245219376
1179392335
1251085803
1266814078
1317234098
1341179338
1361420168
1383983508
1545401063
1551875606
1381940768
1397339173
1218034254
1239107897
1026463299
1266976286
1297296082
1015826959
1166580287
1419987591
1015826361
1210767803
1189284730
1243011536
1086701729
1432991567
1188415783
1228822683
1186078315
1366946442
1123138127
1164634539
1267470807
1354143135
1315263503
1441417517
1472654649
1391309949
1378307677
1433031539
1218860340
1295584804
1414603218
1381945568
1244381671
1536528586
1147836412
1362274544
1546650187
1278340377
1348528958
1394701391
1499113135
1522951521
1429848551
1539721901
1303137487
1435662347
1443061651
1452868787
1245219376
1179392335
1251085803
1266814078
1317234098
1341179338
1361420168
1383983508
1545401063
1551875606
1381940768
1397339173
1218034254
1239107897
1026463299
1266976286
1297296082
1015826959
1166580287
1419987591
1015826361
1210767803
1189284730
1243011536
1086701729
1432991567
1188415783
1228822683
1186078315
1366946442
1123138127
1164634539
1267470807
1354143135
1315263503
1441417517
1472654649
1391309949
1378307677
1433031539
1218860340
1295584804
1414603218
1381945568
1244381671
1536528586
1147836412
1362274544
1546650187
1278340377
1348528958
1394701391
1499113135
1522951521
1429848551
1539721901
1303137487
1435662347
1443061651
1452868787
1245219376
1179392335
1251085803
1266814078
1317234098
1341179338
1361420168
1383983508
1545401063
1551875606
1381940768
1397339173
1218034254
1239107897
1026463299
1266976286
1297296082
1015826959
1166580287
1419987591
1015826361
1210767803
1189284730
1243011536
1086701729
1432991567
1188415783
1228822683
1186078315
1366946442
1123138127
1164634539
1267470807
1354143135
1315263503
1441417517
1472654649
1391309949
1378307677
1433031539
1218860340
1295584804
1414603218
1381945568
1244381671
1536528586
1147836412
1362274544
1546650187
1278340377
1348528958
1394701391
1499113135
1522951521
1429848551
1539721901
1303137487
1435662347
1443061651
1452868787
1245219376
1179392335
1251085803
1266814078
1317234098
1341179338
1361420168
1383983508
1545401063
1551875606
1381940768
1397339173
1218034254
1239107897
1026463299
1266976286
1297296082
1015826959
1166580287
1419987591
1015826361
1210767803
1189284730
1243011536
1086701729
1432991567
1188415783
1228822683
1186078315
1366946442
