154996
748944
1232966460
999254
573068
652809
999249
591688
927183
536960
573076
1424615606
271554
743664
730415
792996
1286159327
716565
632576
1467602
1202827612
1227891211
552359
598668
913652
672548
1463980090
1482383071
1527416693
927186
871072
1459605883
1260806112
1490505058
1499593726
1232938553
1464517707
730424
574818
944249
1415010509
927190
591692
505047
154966
1203686483
1024363679
1232942783
1519622839
1393169076
1202844149
1024364071
1232824864
1464445599
730420
154962
1202740050
598639
1024363300
743804
1459628096
1414744486
536964
1232950563
1464494783
1467561
1052435948
1295492886
1211307202
1408338894
1052435675
1325435168
1211382160
1323815622
1252552506
1015792167
1211311249
1232945968
1032609278
1015821138
1202833399
1520141995
1032586946
1295353280
1464406938
1015791969
1218935387
1295358970
1464425431
1232954513
1025237959
1295493702
1423838837
1464390981
1394290100
1295350989
1424641521
1464396947
1513594151
1295355031
1325436967
1323793853
1028027655
1295352097
1463978787
1232819258
1031401955
1295357916
1203698253
1396947796
1052399722
1295356363
1407163374
1202836309
1394244587
1295359886
1437429
1409120970
1024366095
1024367268
1025917975
1026220072
1393196506
1409130863
1216393996
1394307797
1394317848
1148084003
1498585713
1394584103
1025389458
1026305903
1031401459
1149406500
1484017612
1484051591
1513584906
1513602395
1025260688
1177922879
1026985111
1028204369
1032607027
1052435614
1179213856
1195539989
1394560646
1394570261
1394596378
1397922728
1411814140
1412202075
1414837859
1415033215
1482603246
1500512055
1509367120
1509369971
1509371673
1485293330
1513576254
1545837506
1545829899
1545820978
1545833165
1545835938
1532642006
1535183248
1540936613
1546113396
1546119827
1546374983
1546377711
1546403507
1546404727
1546405661
1547309776
1547562180
1552780476
1554516363
1554516506
154960
672473
835960
186677
186675
871078
871069
835959
871081
703468
536966
871380
767114
871077
372440
871076
802350
871378
871393
802346
791282
871397
871383
871377
871385
871392
871382
871395
871398
871387
