262413
892917
1145626
928364
1273900938
802376
1266282728
1029638138
1424112212
928344
635845
696001
1021404819
1523193989
1120415068
1223025744
1273240181
1172716811
1008348006
1273326688
211945
1454324897
1330785634
692561
1108549916
1316543931
632597
1428828
1073685124
1271946894
211949
802277
1028013334
609021
1286306
1094786824
1098776948
1014897951
1517310418
1183828
1092963
1032689248
716431
1109993
856194
1273798348
1030870205
1307759
1447357298
1218297869
1514385102
928865
802294
1501648295
696005
1187847804
1316312349
1191757068
1106039169
1450632449
716428
1058923048
1052128971
1253917
1284890
1078628
1188706232
1284903
1083430439
1428807
1383685956
927416
944874
1446603772
1373376018
1489802748
1473767050
1085940652
1073693598
1443414166
1073763975
1530932066
1309179
1188131652
1441544660
927424
1235223123
1205545
1051279149
1162627865
1337215211
1460855046
1052567555
1490874645
1337479573
1463701353
927423
730390
1297995
1145623
1412679301
1147342
1041345822
1099206
1025548238
1095631517
1088792910
1284912
1438882076
1408066390
1451816022
1472920585
1197117397
1286275
1105980127
1474347118
1073256133
1234044966
1382295499
1462910345
1376563315
1450221679
1300462607
1120384996
1094790682
1472514987
1012984219
1408461
1027724097
1512560773
1430103430
927418
1315246936
1159721457
1050136665
1087682008
1298017
1425749244
1005248661
696013
1063909518
1014707
1512581660
1466672707
1434690490
1178435640
1209633000
1330221540
1126017876
696009
1029617222
1034256568
1052603392
1267771814
1228717042
1369559064
944425
1160587830
1429703268
1091331
1368050060
1247763748
1216607891
774513
1228714142
856183
1197123284
1282705959
1014766657
1263424296
1300090613
1018843805
1427605865
1218426230
1345893501
1127428491
1219205003
1110123148
1163763483
1069995877
1298012
1452665912
1475814965
1300372351
1137754010
1450365695
1298045777
1020121011
1482596298
1419821950
1270362707
1025540155
1083944937
1286286
1389357792
1305635003
1127546577
1253970260
1060207028
1308122191
1125422734
1384143985
1321380883
1432186906
572271
1083947128
1091322
1461121969
1176085962
944263
1330503917
1392302568
1154762928
1455338649
1076599786
1006471456
1414827289
1368473547
1180360871
1366471687
1397663033
1220561641
1244750377
1246601060
1442982301
1158133746
1323039785
1202337686
1073761799
1027346695
572269
1426082929
1368076119
1450281465
1478489361
1305994073
1218906523
1132479
1366732451
1120475179
927415
1461133022
1103434247
1368088990
1180966038
1424600457
1083825222
1072817857
1333000
1180883324
1003987809
1050867330
1413365820
1127607994
1471353764
1475949319
1179465179
1137746903
1308973061
1323701973
1017095198
1250862437
716427
1233228958
1218902965
1236160820
1078346101
1110016
1122195425
1377331373
1454288718
1521634836
1223023943
1377095141
1483384183
1470999543
1508390486
1148567529
1014354067
1435769360
1292838273
745933
1430494183
1144969317
1400549612
1431060832
1345911428
1331398382
1380373973
1142388349
1468200791
1477487919
1469021600
1015820080
1462439711
856205
1330770182
1425719985
1088163788
1332248011
1112235217
1386437550
1242119
1412545754
1027090633
1076426967
1411797263
1436514783
1392550886
1103153469
1316906681
1323615396
1428800
1194251078
1464524110
1087368536
1417636200
1309602136
1545006072
1127419071
1243884017
1218909478
1248247877
1444979628
1483425985
1490049523
1493231771
1292137260
1377351482
1439929242
1542626840
1244350238
1030680778
1219307512
1167891420
1164218970
1025825574
1513381117
1098070315
1125022728
1377297897
1167014826
1153734163
1033302404
1013477596
1145948224
1231438874
1260821160
1414811573
1154437408
1084700226
1077153455
1177004200
1020101997
1006861181
1336725558
1337072377
1441700910
1086236228
1194118858
1014935017
1487630425
1007268375
1433269869
1388662383
1155470962
1093545
1509245665
1466043330
1520960104
1447356926
1492308038
1193069625
1334888821
1232890492
1022974686
1398775277
1291708927
1084468109
1519355142
1129526881
1120542079
1178250526
1511014274
1122205485
1013478191
1119226779
1013477229
1450503519
1379994733
1461611253
1494931529
1267995023
1032960306
1246117766
1411161152
1227385228
1460985086
1347097296
1470274824
1329485137
1475129101
1450177487
1132195471
1013843255
1295280870
1020860691
1187555096
1236819104
1127424427
763204
1073031306
1405963440
1027706439
1327543896
1380275
1004174240
1291107320
1445952230
1003541940
1109980
1237187956
1382078933
1447784064
1384256829
1509764606
1243831582
1171427985
1067004982
1059681414
1153736902
1454207283
1219279110
1353397211
1495212144
1428903688
1084459119
1190953827
1014417999
1326555493
1219276950
927419
1183700585
1474537407
1366490144
1154618714
1417346458
1162627237
1108021999
1366475275
1234348827
1202445725
1390055561
1532545654
1244354211
1487896078
1509205234
1470708566
1064465771
1094769172
1388664737
1507505347
1478705423
1460986862
1355901717
1212317538
1176879507
1194268021
1407446628
1393437215
1408028620
1204363314
1415471502
1332999
1185116598
1112260988
1241589076
1022976482
1219280152
1006664981
1459717922
1377028480
1178252655
1219309358
1468282562
1171568038
1108353320
1006861388
1498863476
1434125176
1352874245
1006869412
1376783337
1098154748
1034566862
1100986081
1498941193
1126537140
1298015
1167578130
