879778
901104
879774
1451981521
1028932286
1179519560
1185072943
1149541595
1332301120
1090658174
1144663177
1437951
1447548321
1332163751
1224984234
1078617197
1174765561
1398752135
1427293182
1384788323
1494871425
1499305033
1466348566
1416764308
1409378517
1100886232
1501999319
1332290969
1312870042
1366711997
1083679998
1504904879
1333423980
1327138905
1392443055
1466880781
1367870431
1332155274
1416763520
1494901756
1466875804
1083738683
1332307470
1363416171
1475796947
1149560078
1367584967
1381848744
1463089935
1466757467
1312870043
1411523958
1427294832
1411524283
1455234201
1430962312
1427291660
1430960812
1430962872
1432162891
1318346390
1318376660
1055410859
1427377407
1430962314
1430962319
1407243210
1425883753
1430964231
1452782871
1533326702
1530371104
1532217360
1532411946
1532487677
1534777408
1539275945
1539895844
1550136083
1554050497
1555046687
