1017541
1177831
1314873730
672811
549875
559007
1452823525
559031
550180
1468698786
652816
1015777542
743829
312609
549876
1177828
1467576
791306
1318170
1424627048
672585
1083633567
1463433
1262779065
1463461
1381797589
1297507
1463436
1176988
582749
1253748940
1203686485
506899
1165161
1411616
1029846708
1463444
1202885094
1463430
1253859317
1397701760
1452711774
1420090038
1478000811
582764
1198190
1507166033
1203755939
1033844972
549874
1357668150
1042780834
1323774565
1063528137
1230257216
1088403530
1218359680
1411608
1202794210
1002589357
1477982253
1093705580
1007927707
1030775465
195800
1071062091
1146732384
1096234781
1463434
1231042929
1015808401
1020754041
1510659603
1025393371
1106492832
1002614506
1510103587
1452568259
1510018642
1437328782
1457442530
1463471
1054806457
1376656263
1340979035
1036185931
1267730704
1422055591
1144870856
1024359906
1445401281
1140245476
1397729989
1117255763
1144879058
1376880654
1396720339
1452559350
1518780258
1002554548
559005
1002554576
1002554738
1002551416
1002553445
1551744353
1545183814
1546390197
1546393714
1546395691
1546412425
1547507173
1406833755
1516599341
378526
356830
