928364
928344
696001
692561
1428828
802277
609021
716431
856194
696011
696005
716428
1284890
1078628
1284903
1428807
927416
1430880393
944874
927424
927423
730390
1297995
1312218073
1099206
1284912
1408461
927418
1298017
696013
1014707
696009
1091331
1476062930
774513
856183
1298012
1444562600
944263
1456448816
1350143592
927415
716427
1453656134
745933
856205
1007949442
1242119
1428800
1454780730
1453412294
763204
1384014344
1380275
1453403946
1453370053
927419
1456395844
1034334448
1298015
1354928304
1401159463
1206164
1395264427
1462295210
1354069
1002546899
1312307294
1248061
1107130742
1532715698
1290706872
1400439567
1497836434
1051363453
1323206874
1290803368
1357687417
1461677907
1462238360
1437575
1137773604
1276924006
1453420791
1503818426
1456401218
1456550596
1456555122
1494326063
1294959643
1445924461
1256191436
1444546469
1446025490
1445937577
1445956164
1321388462
1275974215
