591728
167970
177431
172124
1298027
1020033022
629354
654330
1298022
1032475347
1205287364
652807
1298056
1298010
1242697462
1233241
687934
1159118446
1204163564
818136
822663
1292664
730462
1467646
431029
1263985547
802122
1298019
654332
1298023
819271
1463433
1463461
1204535007
1091105846
1463436
1423946399
591726
1046684628
1319040
724986
724978
1201862685
157044
1022790333
1252415256
1463444
1048090591
1463430
1479880003
1208448851
1022603460
1087162862
1163975394
1356240045
1382401
1479972693
1317279
1233033756
1356199617
1356339914
1072998930
1472966901
1082950110
1306528861
1356403054
271558
1104830658
1229934368
1026930288
1172724634
724983
1463434
1018533134
819264
1018535142
1504435692
1528482575
1381483407
1463471
1437332946
1519109651
1088457663
1114545112
1445626520
1277095974
1187805745
1277085143
1038419713
1529762400
1529766505
1534256010
1539174350
1544504407
1544604896
672818
1185661273
1406843365
1185838658
703480
766961
745235
745244
745231
745239
191682
