1017541
1032275
1318147
1333003
1184008
1490035892
1489908196
1195514533
1189495
672811
1312568
549875
1024065259
791306
1189479
1377152060
559007
1184015
605311
1315875
1522340248
1106530
1028044667
559031
1305604184
1189478
1354345748
1459511224
1468263700
550180
1488017291
1189486
1020278155
652816
1050215523
1273665859
1086019899
1144756220
1162644927
1061185068
1091699234
1406705918
1023935293
559025
1365371
616378
743829
1497275570
1057512461
1017427739
1004777342
1221084798
549876
1030228673
1151242250
1184011
1147364
1024929
1503884088
559040
1376449
1456539847
1462364816
1316497922
1468268186
1028538208
1457307613
1018371208
1206922535
1260828
1207568857
1025594123
1488279393
1149267
733427
1184012
1421689620
1070566403
1400047323
1024936
1467576
1172695366
1146423792
1318170
1288847944
1310997763
1473701088
1354336290
1395192213
1341223343
1457310223
1016583743
1464348645
1221600
1503973195
1127435577
1420982183
672585
1471206800
1006133351
1431891780
1024559976
1244116725
1238079508
1351292118
1319050
1184016
1126931528
1189475
1463433
1309616650
1463461
1317810715
1503897880
1260813
1421223268
1444148564
1240843
1358763616
1297507
1209604861
1313955923
1002977115
1455489260
1006073935
1189488
1309977728
1420439448
1506038464
1463436
1143663110
1066761538
1184018
1019048274
1479319973
1165215
1486877219
1518459182
1494536441
1052640973
1024082276
1226780257
1199242851
1345161577
1207061088
1319040
1271866953
582749
1221596
1411628
1184367854
1370697144
1500961193
1076857796
1108961
1413253035
1072874529
1160424374
1417575811
1123727145
1467009850
1036265454
1305645880
1473297271
1502144129
1412107750
1040143
1353340506
1494300679
1078131194
1024083778
1487956532
1051462024
1130608661
289432
1411637
1376669421
1309624395
1364303468
1525703469
1103995930
1024005127
1411616
1180158079
1198698130
1311999646
1361831155
1398733854
1419411195
1036451009
1468273174
1145539920
1478178609
1076273241
1484020724
1463444
1488631583
1463168523
1223872052
1209635947
1184014
1312758163
1376783890
1463430
1189483
1086076521
1015454232
1311039996
1043004319
1053182462
1024827142
1024085021
1416443192
1127352878
1233185876
1066095207
1408232512
1454249284
1357677468
1415550426
1021379569
1057274725
1018941158
1018693288
1219293373
1434574616
1077372455
1022577036
1392173205
1478298066
1189484
1117261598
1375528857
1255727778
1489150749
1304484460
1253770576
1502894882
1072832927
1240853
1061183601
1360778178
1206761902
1053613808
1014908046
1189481
1024067563
1282373372
1097843092
1186172997
1223345412
1312767266
1457162477
1016264253
1160897426
1472763909
1470552922
1045303095
1219293379
1502636291
1294717402
582764
1375529180
1173394848
1126918126
1230217533
1234972679
1477644854
1045065687
1400530404
1526949364
1206592371
1207935505
1320822301
1190985
1016649983
1243848484
1498757044
1383366589
1522667033
1198190
1019044990
1110423481
1158969664
1491818177
1126970629
1309835568
1378123621
1503202282
1311062611
1475795293
1023063688
1075973287
1176605618
1432909211
1097859845
1189477
1435961340
1172491765
1464420230
1457166637
1418910377
1207551828
1033072543
1184010
1219293751
1079558305
1434576189
1017186423
1033846369
1491030188
1208678972
1420008052
1019419074
1227698512
1462823204
549873
1509645037
1519565782
1023794656
1024087613
1074469138
1076622990
1416002570
1049342778
1065382887
1162042057
1457541916
1463866311
1491784455
1504772191
1512843661
1004456031
1023109146
1042704008
1097849521
1101968908
1321529293
1257479686
1042129191
1427697796
1463313798
1114513825
1396183225
1003827135
1218272355
1071782768
1479306189
1006308857
1032777099
1062591873
1063030736
1126936548
1143561443
1242094
1149578765
1238065744
1241509169
1433676688
1488219162
1209671174
1457181337
1101581
1411608
1024830429
1524670631
1421654162
1142284593
1185182893
1208514236
1042135064
1097812406
1126939930
1068452373
1166001992
1219301962
1027098151
1041696653
1147006614
1262063282
1309919968
1474521160
1496030064
1083949294
1136406416
1243243450
1371590543
1432118599
1461682488
1040875156
1523448591
1452716874
1125966906
1074446360
1045320754
1121471573
1419263076
1228988328
1491670506
1452887845
1076874520
1088618764
1457563365
1077622902
1082648874
1153569203
1390036651
1042630182
1228664349
1072441761
1021339575
1021057897
1126922350
1132860512
1478933473
1323756646
1331935847
1354352015
1226785283
1024310573
1478910482
1024828328
1042648737
1114533223
1029892158
1046760299
1053534429
1330743337
1024082947
1125985260
1198684677
1234599817
1395115968
1432886153
1002626903
1004505043
1014856468
1031684707
1381827047
1097816217
1089393975
1139003232
1184931102
1188131915
1123619279
1223965222
1266369031
1266817511
1023995216
1125972359
1452721601
1090518710
1279224805
1313606666
1006292196
1004557091
1063037139
1054807611
1372594096
1440195315
1484466972
1139095149
1475059314
1013479700
1002557718
1501676559
1164785383
1026321271
1024079193
1125974466
1432977537
1065373809
1024849161
1114507001
1006293175
1024720809
1158226068
1196889320
1237763
1376644097
1475568361
1024829516
1106058559
1126927832
1023998067
1381773704
1101969162
195800
1213551544
1252586674
1234388810
1357948000
1002602975
1072322017
1073059943
1014856366
1252068864
1412211270
1429749602
1024007061
