1063645389
1522259955
1524750370
1254385010
1186344157
1192547752
1479350050
1487062157
1326248331
1194152895
1486877910
1255833854
1284035015
1074101534
1014705
1507608244
1116707509
1539606439
1356212539
1349109191
1145892816
1536773391
1437323185
1115073173
1006298685
1479360806
1421215155
1456580017
1366645242
1148609260
1533459565
1480394761
1275598846
1450627962
1395101768
1206652732
1146876663
1043754552
1511924030
1187144112
1520325210
1239488586
1469836957
1395113545
1184926702
1197127757
1437460124
1482177836
1512671448
1501181261
1420346214
1091333377
1423594537
1413944728
1516552154
1253574695
1449246078
1221939140
1167465337
1172735634
1111365456
1111299351
1490710937
1101272481
1309766403
1486990013
1481273134
1477778933
1472763269
1143604303
1374503449
1189738564
1449188259
1468012559
1148605515
1447580043
1366017854
1487995839
1472524376
1447679956
1164028168
1186009539
1409882208
1471589727
1163964544
1032379736
1430979095
1397952785
1412748522
1241379276
1366616633
1436988880
1427092368
1239410502
1121613049
1444370681
1359756601
1323208977
1059190130
1483094617
1200821134
1353407511
1345872007
1267797743
1145757687
1495569614
1494985664
1289398085
1062610004
1427622632
1445214935
1447600187
1480640939
1376253254
1500814288
1500815287
1198870843
1528419760
1499463562
1499467718
1476054563
1528191543
1422504363
1422485776
1122369913
1521788304
1476077238
1476062982
1506161049
1458407831
1523361609
1526231395
1523349262
1523256939
1523353296
1526597398
1526561847
1226425717
1407490342
1540509786
1428598932
1545667754
1536362038
1387555670
1395217976
1473084983
1387558854
1184638493
1211424368
1473102564
1519874534
1307188879
1387558399
1387562162
1186137657
1385519533
1469832404
1437213548
1421356123
1241679451
1343028344
1148724078
1409654824
1166989715
1149288628
1458977808
1145843126
1408172367
1139000464
1193467483
1288066244
1535847748
1122163363
1253868262
1487245409
1385042080
1453539918
1270459666
1444532420
1145886746
1214198341
1241426250
1438831381
1434307212
1259000538
1421349302
1535328350
1239495577
1097354875
1103082175
1366758971
1158250149
1177113526
1241415711
1323198247
1451933445
1489142364
1033830128
1063471004
1142554506
1461682104
1060226573
1177007303
1198397897
1273552698
1420938210
1279956550
1060221807
1227897399
1354803868
1374470137
1535847056
1434350552
1479648462
1089253478
1174417871
1352094138
1487006902
1080833635
1248560197
1468796112
1539413174
1238343128
1134340474
1267824255
1288752204
1384806329
1423951887
1471236606
1179345022
1211490316
1284137753
1314911957
1353417717
1334879083
1115403264
1134460751
1172677103
1282727939
1385274868
1421206708
1163956571
1202485763
1072428658
1481575039
1171610224
1146923321
1241452334
1326264834
1540446459
1018321637
1033930487
1060188579
1075024455
1193909921
1240337722
1273623936
1240046436
1267835739
1529203375
1032871277
1112723491
1162564063
1174585518
1337869502
1378536101
1504069670
1543257445
1126562554
1480611170
1316701559
1312513240
1167169952
1180117751
1409921635
1417682887
1522292838
1161189754
1440398844
1056921738
1236793199
1512777683
1530699953
1307322841
1479503386
1053117800
1433913488
1512492159
1063647250
1501275065
1506659790
1530777944
1530744169
1279962395
1392315157
1436992423
1483994349
1158201507
1350327660
1355221309
1428243792
1541648352
1526744674
1202531043
1222019751
1224165656
1428963682
1462906033
1246832311
1353249450
1444351074
1492888169
1539854347
1189120937
1234977404
1429667637
1484015368
1113014637
1360948143
1395087122
1321240417
1336073675
1522339012
1422968610
1463716878
1493243037
1511088495
1534677016
1147972040
1158998894
1224185848
1241238501
1451740433
1527882033
1063648759
1112968776
1164118827
1309782636
1339971785
1423593777
1435651951
1450620909
1533211888
1539792429
1142557013
1164257015
1202454726
1252782448
1331401791
1421188161
1514237505
1469750044
1490594484
1497846063
1166847130
1184686594
1186758311
1455994005
1314633494
1408155728
1444305975
1450443332
1457423140
1471504541
1480589184
1489828267
1515413226
1515914083
1527011273
1528282376
1533958028
1096805909
1186900936
1245852481
1295129865
1296563875
1367566914
1428876516
1470743294
1540471606
1032361579
1214174795
1241466091
1351107722
1354949329
1355788048
1397034116
1407970824
1427624587
1428349849
1445268866
1447582968
1462396242
1463868856
1464398767
1471472985
1148560852
1236656278
1238688675
1437640410
1543982066
1253814508
1371231072
1338070535
1474677451
1428767158
1430812668
1498997327
1537593292
1543995985
1030398624
1124793359
1146849578
1159032918
1160868700
1171402124
1179423263
1187050753
1187073708
1218190196
1219245463
1221914508
1237672291
1237746948
1239172788
1239966208
1249926496
1300219680
1332989042
1350050567
1361010352
1407072170
1411632745
1412772528
1422254542
1423573454
1423598673
1428888190
1447726167
1449137653
1450583678
1450588095
1457499645
1462034578
1463770840
1468182241
1478961882
1479337598
1488038271
1493021456
1501185362
1507878280
1515678208
1515922090
1526704735
1540300511
1543217996
1544420426
1117901465
1145627543
1159591297
1186781631
1186868052
1187092398
1204467379
1221983778
1221998648
1268848591
1273950584
1288735246
1335718102
1361753598
1354166954
1353274711
1367999358
1373359469
1417790476
1417798829
1449167082
1450536757
1468633279
1492658054
1507528739
1515712837
1531422560
1544889347
1158214608
1204391633
1237665568
1241370043
1345970072
1267939662
1320941888
1341635524
1350081416
1350236687
1364695299
1426074201
1426072557
1423573273
