856217
672797
835961
835960
142549
573055
871081
871078
774510
935672
573048
676188
835959
186675
871069
186677
972893
573054
1191687
1332410
1123736
1268619945
871077
1159248
802346
1145730962
1076429814
1212855
372440
162410
879726
730431
1162099
871076
1014753
652867
573064
676191
871072
1007292014
669609
1332414
676190
854752
822670
573053
1212866
856231
1332171
730428
1143383695
692504
1311562394
500214
766931
692509
856228
1131948
802350
1526308121
1275653593
536964
913654
856242
774508
1332191
879732
791302
856221
676204
536966
879739
703434
791281
652901
1064515533
644186
652864
644187
609032
652821
644192
632558
856201
1185365502
1332194
730412
632571
1475389535
609024
856220
1332168
730443
856226
753184
344466
856240
716560
703468
913595
1266800730
536960
1092288061
676192
692475
1162105
142540
767114
1332164
271554
913653
703479
676193
716555
1159249
1532410532
652859
1212860
652872
609028
927426
716434
791278
871380
871397
692489
854753
1103521690
754119
652856
692456
871378
716501
716551
871383
695997
854754
791282
700708
1255348863
753186
573050
871393
871385
871395
871398
871377
871392
644673
871382
1042163962
1290199784
1156385008
1073258096
1185078411
1268617839
1076890332
1362734930
1150433457
1401815432
1491541701
1012087831
1453642813
1212861
1258723805
1092409070
1448229631
1437245
1029328300
1076889782
1156397736
1530139047
1437878
1542240297
1054806317
1125782328
1437893
1437844
1183626313
1437879
1257522603
1362296725
1206356
716540
1432875458
1356174445
1183604929
1437518
1076899465
1327134614
1332006045
1362456373
1437870
1076203552
1448231631
1523107809
791300
1437923
1467335932
1479382692
1483165542
1486901307
1189510242
1437251
1054806319
1205808154
1433729340
1501292799
1437317
1289544241
1316487779
1534281199
1206378
1437283
1093883756
1525655634
1436928
1452878573
1469413023
1077650649
1182648542
1454389864
1525416411
1437309
871387
1437376
1437942
1069994018
1124898782
1149872177
1375170489
1182646287
1424120327
1446373840
1453641522
1454412973
1456614854
1456647543
1461727674
1476757479
1509552091
1523235299
1554119853
1242620
1124732368
574818
