1073646274
1288370987
1399854
1133692921
1505219822
1264730
1173246507
1314577492
1204486791
1366535715
1470751944
1482588070
879778
1460642863
1129552516
1284376821
1242412989
1197013248
1255270
1448155401
901104
1309786800
1073050476
1524193119
1016461358
1510418609
1172112668
1392507371
1084918123
1467394364
793004
1402599957
1337110931
1228687008
1321377465
1342908468
1470639628
1075222073
1280528
822591
1462298588
1312841837
1313912167
1271596641
1267984727
1296170873
1228601302
1468259574
1212100936
1447058402
1135596456
1305846076
1398375904
1231115419
1052777703
1510416498
1298571221
1290232966
1366234423
1286499506
1305776055
1445429704
1192388042
1292711289
1470671335
1146455691
1352953760
763214
1078342206
1306528893
1424957322
1079881528
1351254586
1091390852
1030156785
1481228775
1500172072
791254
1179132934
1497491034
1473760306
1520336045
1492900607
1211011202
1292881736
1362750665
1421196962
913608
1189453
1456943909
1206607147
1524827172
1192386575
1132480
1326650391
1147628587
1539349927
1025523720
1377115984
1407329250
1410553709
1316622538
1123329895
1022386058
1349853698
1024482568
1500204703
1076113320
1178062310
1149459769
1505131637
1076897960
1271252774
1475731023
1031120655
1179449635
944497
1381189658
1210998417
1473841372
1313860974
1527163210
1306506373
1166542622
1067136069
1022107069
1471350319
1528490922
1500511356
1328314656
1193762584
1494340040
1241033826
1452656791
1473793578
1364719929
1299812814
1045993921
1220558850
1378952073
1427134550
1510467101
1340459573
1456532008
1400603568
1207852014
1512018720
1388744342
1438553142
1505824102
1089108669
1307878595
1022632060
1355933652
1253779005
1353221327
1338099557
1497812254
1108855265
1225278636
1419042154
1441977097
1185060744
1232803177
1326456721
1528364284
1165789142
1474116732
1336790967
1065815232
1283569489
1344242135
1210836402
1123113308
1289018999
1125746434
1075283684
1228134351
1237843190
1326058365
1108939843
1158209449
1214444988
1400759394
1271618950
1427375770
1117756810
1154340350
1303808600
1390450512
1425932197
1493140232
1004505815
1311349304
1328417271
1490670866
1097182403
1180369791
1445871927
1490113924
1362726705
1015887750
1210981041
1232167598
1413461402
1251495899
1121655043
1211008085
1190689327
1409646236
1434543878
1305401016
1059825084
1358607390
1376719536
1120453566
1354819079
1137303939
1347860886
1434484069
1095811832
1521880240
1193673589
1300597445
1376400074
1056993429
1236816715
1180390361
1031308195
1105855687
1176991200
1432732923
1219233748
1323162964
1333081478
1409605980
1073528763
1490831407
1253888333
1246558825
1339381168
1067626095
1499875968
1195422468
1325120722
1035232040
1171076005
1238023297
1248464964
1382554309
1450679909
1496672853
1472298308
1108363226
1187814095
1334421304
1408902550
1434618707
1475163120
1517701811
1055006078
1312236003
1445439129
1090235418
1096936590
1120388474
1275270033
1380858937
1076109746
1063230266
1095810342
1160412659
1384501531
1269918175
1433656772
1478550947
1015876624
1267578747
1097314027
1283526237
1488330582
1116008
1055498994
1152564382
1317386686
1484104899
1421307589
1509968594
1025423566
1032695930
1067630088
1188723553
1228115093
1497934668
1143616944
1225737680
1242363616
1264776120
1527865813
1023673200
1076109772
1271723791
1398016450
1025446897
1057827867
1265187955
1306230909
1422569253
1471533543
1095689968
1362737482
1028590574
1032793825
1073367201
1478132165
1219245568
1293086471
1093245580
1122108154
1239447744
1242837921
1286644494
1315199677
1434487870
1073682773
1147686060
1152473917
1161770545
1177119735
1296307525
1073526049
1171423603
1303789332
1010959205
1422067595
1033176004
1257225862
1078342203
1161821184
1095701155
1247144902
1036895262
1227845603
1219150827
1296538136
1015878312
1020545205
1242522074
1022788178
1238345217
1024676601
1046109382
1082641688
1413634963
1160703573
1199211091
1262566771
1316336095
1466740069
1436668691
1031308644
1024592908
1160775745
1022720333
1238339934
1384113243
1028480608
1043397724
1186212344
1262917027
1273687030
1291737604
1022026465
1136597153
1171604056
1368030922
1479123018
1186409467
1496056532
1474043131
1180454691
1073411627
1314602607
1162399237
1226776452
1241458080
1384500002
1317648552
1134106180
1149519048
1185704293
1198000733
1230438491
1383847634
1238323473
1392996241
1028480323
1409966872
1227431147
1262585451
1379180163
1195472896
1436963433
1015876080
1030303672
1105708466
1225558883
1418953696
1417714776
1183652713
1207181285
1245213248
1381372026
1488229002
1502020912
1308588662
1489786989
1522234364
1171216753
1343448706
1018556915
1394627752
1143642527
1218308644
1393022791
1442297057
1527320582
1023691796
1304864969
1416061228
1520630755
1065811962
1365211764
1378172527
1457200691
1026346411
1371466936
1407118466
1412224907
1479109006
1488567764
1511096305
1070205024
1301665117
1407994529
1412600355
1437305851
1465527792
1496173954
1209064278
1220953441
1287831888
1415184167
1427432149
1432773591
1452846909
1015878811
1506073621
1218437211
1391380776
1446499099
1446673109
1481214850
1378171832
1073686710
1500482506
1502245588
1043556103
1167531354
1289069554
1215216663
1284591335
1522355518
1063175388
1082445701
1143368484
1372088644
1343647114
1407029970
1407969476
1096864345
1443521325
1070043194
1220926461
1381005760
1286414957
1413598687
1448271633
1463750407
1077264828
1149444452
1150778546
1217114657
1262830907
1238311753
1325420200
1412276126
1464443414
1470211690
1488542267
