856217
573055
774510
935672
573048
900325
676188
972893
573054
900310
1332410
1470309588
1159248
900337
879726
730431
1162099
1014753
652867
573064
676191
1444421760
900299
669609
1332414
676190
900313
822670
573053
856231
972896
1332171
1352680272
730428
692504
676204
692509
856228
1131948
1189272245
913654
856242
1288829412
1470309411
774508
1332191
879732
856221
879739
652901
644186
652864
644187
609032
652821
644192
1434713348
856201
1332194
730412
609024
856220
1332168
730443
856226
753184
856240
716560
879746
913595
1474194160
676192
692475
1206435
1162105
1154764
1395098677
1332164
774511
913653
676193
716555
1159249
1218911851
1383713330
652859
1221012203
1186991590
652872
1428799
609028
927426
716434
1291003072
1034592294
692489
1189453252
1474116801
754119
652856
1114538650
1193439427
1255274496
692456
1456569804
1210375893
1037738881
716551
1254039823
695997
1107055050
1255327529
573050
1179478955
1037884210
1392153670
1403336292
1161141783
1012084167
1228982334
1034763186
1309776013
1198574648
1016083545
1437245
1182392911
1244012529
1075186535
1437878
1127589443
1255214292
1002612476
1437893
1315334213
1369361523
1428801
1476205276
1437844
1437879
1226688093
1206350
1444405219
1497933553
716540
1228984059
1375305062
1229334586
1437518
1206434
1437870
1388589463
1503886726
1183608053
1369223700
1432968661
1206428
1206443
1206447
1437923
1155315847
1192231950
1337832562
1437251
1206381
1206437
1206438
1193453173
1223079450
1253990098
1373276858
1506731762
1206382
1206444
1437317
1174576913
1208024112
1255203831
1255220708
1531002553
1206440
1437283
1096951206
1096961088
1436928
1521290210
1443380665
1446568914
1206384
1437309
1206449
1437376
1437942
1228975222
1166974337
1208012021
1208021655
1223956118
1223971456
1255159081
1255240785
1256395922
1273584374
1548020574
1363691239
1376645109
1378000488
1420172993
1432837894
1459876648
1521060001
1423661193
