1458107725
1459763848
1104724419
1092489533
1305773563
1033590404
1091083706
1505998942
743807
1033492245
1033544370
1214242013
1230394805
1432688616
1123221441
1145624019
1222076942
1139109339
1211285544
1307188060
1287968677
1023069773
1276827872
1408390016
1085546406
1161384614
1091853882
1166708937
1275552223
1372057870
1431637799
1378502016
1123657365
1244386124
1367419485
1498151576
1026291828
1123087071
1333007072
1372056050
1381670643
1455029864
1026264359
1354908070
1233019730
1264845155
1333790519
1338903597
1293911227
1333349141
1350704681
1391327274
1230373088
1289062668
1378161661
1037484397
1089255482
1117370500
1150463789
1332804569
1332971284
1333015183
1366454088
1346993495
1350603970
1393106203
1494628819
1171538969
1492671447
1349429353
1354819092
1359620252
1383381695
1388972800
1433741381
1436779293
1179972936
1210388727
1236316495
1236427448
1257740600
1317464585
1333771143
1333831082
1344769268
1348523252
1350607072
1350669547
1354903984
1365631857
1394748744
1409626891
1414660867
1433865838
1458342873
1458342921
1474930759
1492681234
1549786883
1549802955
1026760435
