1466181753
944547
1378725331
1478094236
1012773730
1477350238
1180979341
239843
1163583978
1212885
1196468544
1334569402
1481106226
1339151
1200544901
748926
913657
191658
1025034089
1297805
1519142289
1077175337
730453
1036778577
1408440
1138004638
1107366122
1221592
1439628478
1286279
1286278
1315310348
1239151557
1319106
1482159063
1189160728
1426161955
688006
1199807526
1016365491
1375039074
856214
1220441
1253691574
1025521489
703400
1017892
1416508896
1257477097
1463181465
1162790076
1077219635
1367862963
1127372502
552377
749065
1462182277
1041283688
1355032239
1255433408
1430374884
1311007655
1420342254
387006
1037163985
745931
1254104338
1347114871
1331900814
1205956750
1388615063
1075463563
1072931
730460
1080248310
1229765887
1074044
1038745420
1082565
1082571
1496796819
1259064409
1438806843
1489794898
1329520010
1494578075
1452899077
1199737361
1424538660
1408467
1319121
1294287335
1117855821
716422
1121503242
1455498696
1205706023
1126553154
1053972235
1095698063
1017039105
1129367687
1112911398
856191
1271275415
1036880277
1476294186
1430450871
1024664993
1069214128
1126036455
1057778427
1239178028
1170344288
1412722594
1432762792
1479265895
1032675240
1077219747
1379305519
1410995947
1528575539
1186898920
1080248474
1211468333
1392167455
1443696570
1337586982
1379638686
1126553309
1330042850
344485
1303763000
1483492360
1320275575
1020566104
1218344984
1381449043
1398632226
1377557515
1356557
1521906461
1411522071
1468841604
1255222301
1248130555
1462163936
1217572760
1133181500
1230204742
1438494099
1478556089
1532070043
1376660141
1338851809
1287245358
1269352105
1124234466
1482794776
1096288497
1319106974
1134638437
1077175270
716424
1377339684
1433948297
1467269898
1060152230
1528492742
1482931605
1055323227
1255416931
1056079614
191681
1011916809
1236567697
1262572198
1530386851
1420289595
1072435750
1133172381
1463190622
1139180854
1020518217
1195565833
1394651829
1036480438
1440877652
1522263029
1483288260
1379356566
1108144235
1316145391
1379437005
1060124379
1123761
1061231291
1069319918
1483382475
1483330253
730461
1395915496
1501994949
1078155927
1528991686
1418635857
1478475646
1050198604
1379264519
1393963356
1393520907
1267503479
767116
1304678854
1304653024
1317071985
1304472788
1304699953
1412413553
1521278649
1220537451
1236564719
1480539784
1478497522
1433923546
1505267284
1470935258
1488042750
1201861400
1429108197
1125699136
1533739179
1213526962
1395935604
1456825648
1475842772
1162645941
1502481713
1239072127
1476067272
1110625693
1169258929
1132265809
1371765988
1127550050
1405332074
1341320448
730464
1372250133
1198431819
1219286341
1126780356
1408112318
1476070205
1262367158
1506448064
1003351640
1418329998
1500217385
1023757976
1396319918
1080956011
1315080944
1055189651
1481388490
1016660924
1131078472
1339124893
1284900527
1039548352
1507101112
1017867
1074047
1137382180
1329155372
1050081173
1433146005
1212762602
1036483423
1059834300
1357918655
1136217396
1439635005
1492828349
1451426296
1020858468
1478957605
1060220133
1051142484
1255207888
1328344107
1316403194
1003341030
1005832812
1159328784
745930
1478169458
1498604937
1448260272
1020563118
1162819904
1328665360
1194367559
1035459529
1509249038
1014684778
1138337251
1478128612
1133541747
1134804862
1304321697
1304172892
1398823395
1264643236
1467482493
1492383238
1219284408
1144892317
1017481439
1074369335
1385565142
1076285900
1482903781
1219286506
1329174718
1219301611
745244
1478530986
1219298291
1429030612
1104707634
1462810014
1219290084
1021426439
1535237034
1037012331
1145522560
1025160147
1439618296
1353076676
1332743676
1200687756
1528523709
1086869822
1266697957
1395229629
1313279559
1293685559
1480030233
1475312862
1127007751
1467495564
1006329555
1405557521
1526474768
745235
1072437684
1060001187
1479345036
1014393550
1055409738
1470809714
785751
1220190456
1337598963
1219288721
1210840504
1134599819
1522021637
1259429641
1420164855
1307608431
1203926610
1173429903
1055411005
1023760364
1180387972
1239103308
1239035576
1298423485
1171914447
1411551989
1023764420
1083434184
1060044839
1359798866
1512882884
1379387560
1059996004
1219286641
1159414289
1104680729
1531871740
1472980380
1273380166
1394038735
1173423935
1016450975
1134699627
1252570519
1289493510
1060187893
1412029145
1069728151
1338971965
1219300583
1379160372
1040081009
1057522616
1473753281
1329265513
1020858572
1084825644
1514680841
1324129334
1144885672
1035451704
1191897049
1472680101
1477955668
1478400743
1020120439
1199297474
1234243141
1006476874
1252225200
1021252435
1085888980
1256328410
1124179347
1013259446
1513476129
1007729414
1126927669
1025165770
1195394289
1504858031
1415272190
1488421863
1205864915
1485287155
1020858895
1297993909
1020860239
1512805682
1460799041
1010557234
871403
1539428174
1504966350
1283939799
1501258696
1246721426
1056625814
1500601234
1255171466
1078383860
1181144746
1483695199
1173421568
1180241666
1338921977
1530192473
1159066590
1262303934
1139182757
1032291867
1470520110
1364233288
1067760557
1180384660
1450499800
1367909287
1147384090
1030043460
1021429151
1127656966
1122038404
1185111675
1050337620
1235457237
1429794591
1076104923
1097047476
1298038546
1304440170
1268681263
1079005733
1023027229
1205969191
1219292093
1494493651
1136579986
1372692353
1050126798
1144906436
1161332666
1385807557
1366547062
1478346263
