626166
187715
1243729662
1068375545
1503999688
1021172603
1160871073
386973
1066206996
1108300
1010727118
1006375791
1121795578
1125056194
239295
1473055585
875209
716300
1248170146
1074564131
1013801329
806143
1165214
1433533544
1075011027
1023567416
1309687061
1237982047
1479343820
1076290371
1072876204
1081705938
1396898620
605349
1418901479
1289321043
1203868481
1479009617
1076395828
1445087807
1032398586
1082067634
1046519271
1398362189
1016460008
605370
1233127646
1286944
289433
1512597691
1280529
1231302349
1031570082
1512681005
1014903162
1063759822
1357801970
1051386385
1240858
1082130656
1267375327
1103781512
1035326816
1282447105
1286947
1101591
654298
1203877253
1378440600
1068239990
1010765951
1440883946
1133221839
1008549787
1473514955
1245673170
1486389522
1323050553
1061812356
1197237264
1463173113
1211897805
1482956273
1154005328
1341270108
1318585
548405
1012572286
1196578859
1082142811
1231419791
1021827182
1100166923
1079241438
1022239703
1356449700
1372311916
1075336722
1397626519
1026725165
1231123335
1090683707
1034979141
1510002925
1104668998
1288832865
1498133214
1396984954
1513627468
1318594
1503267663
654348
1318602
1318595
889086
1012572617
1324702153
1019472403
1004276091
1094671383
654354
1475741907
1014903253
605391
1318579
1084745506
1376256610
1499424599
1282788003
1503828215
1028121708
1074169883
1433671567
605372
1516084781
1511047989
1021865806
1245383135
1041374557
1081988579
1357792506
1255649606
1318580
1354532428
1318596
1453002109
1109403483
656526
1245721839
1512717028
1220673097
356832
1236572825
1026309630
1318597
1530902653
1468250025
1530910850
1394584066
1051990734
1031222952
1017022896
356833
1182382951
1357988823
654340
1023598723
1252488800
1285445179
1468026313
1073563826
1318592
1531425116
232331
707402
1443296472
1331295676
1318601
1233060779
1068372286
356828
1040227816
1456369032
1081955760
1357950432
1003099817
1074355286
1486444022
791306
1396196890
1004498212
1074073069
1015032276
1062452062
1073556308
1471436568
1076539031
1062451473
1084738032
1334292
1387950667
1345082236
1204886612
1082060312
1445063972
1111265250
1542030187
1318598
1411163199
1535885558
656536
1076963894
1022693995
1289167
605375
1530569916
1419653674
1344634059
1074226516
1073555915
1324785945
1445072571
1357935554
1057835813
1060835410
1378428181
1471067898
1329293
1329759600
1074222020
1516099920
1463102964
1516121953
1243149500
1162745408
632580
1289113
1378410436
1387707261
1422425570
328282
1060048362
1037964726
1265350718
1477301745
1322969772
1012605994
550187
1011753947
1473211723
1064493434
1391165991
1473668155
1230220281
1138915500
654338
1161119123
1128356141
1076277907
1073841498
356830
1185398611
1055783196
1243022486
1128351592
1325813
1503310189
1391100855
1108299
1055666961
1013861880
1357979977
1516041947
1232900837
1445976047
1265436026
1022181565
654345
378526
1111151581
1243143940
1133117182
1443320669
1037546919
1524510049
1229903930
1467339013
1016464497
1076478416
1463211215
1442525864
1325914
1021275827
1496008279
1094876454
1441298939
1349629173
1323027380
1228115910
1004053366
1058826
1072402804
1245704493
1318587
1008358729
1058806025
1064922587
1367419648
1334929
1015975002
1245677906
1046484648
1484525670
1471434869
1396666226
1124567681
1007570019
1514503838
1471480011
1457852896
1357970978
1121761261
1217731125
1008322151
1325881
1069177500
1133181041
1012608134
1467212599
1217259301
1419658102
1142640790
1323043744
1140889413
1148078599
1123637304
1013812393
1015751275
1023685278
1499441818
1313223150
1069231218
1446646973
1073839595
1499352457
1289178
1233148814
1185428886
1318590
1342418826
1470940111
1525631951
1159472
1325833
1341268995
1022533291
1014387739
1076538535
1300349916
767102
1109782380
1025959151
1034543600
1516054591
1032320
550148
1470997751
1423658074
1265480578
1265505686
1515100907
1515129823
1325820
1168865073
1506377192
1021794100
1008325619
1255514877
1399244372
1463132719
1454569874
1431337942
1227691385
1267720222
1318584
1330218337
1101579
1094848774
1187810521
1415134431
1028338701
1267956189
1235255392
1231360453
1207898463
1271241687
1074470692
1143928494
1425932634
1054332455
1028184447
1016335980
1082015632
1455653323
1323159488
1112905210
1141569779
1058243211
1160322034
1222728533
1275726609
1440516504
1019125515
1257677901
1307620324
1406742024
1459463471
1271215298
1082004869
1174796627
1289172
1094938476
1074063882
1516113375
1496101434
1243163186
1121801851
1330152472
1483467186
1229905550
1398003194
1462837772
1062585757
1422346592
1473307425
1096850971
1031223220
1016458560
1334727177
1133222449
1229908
1008235198
1422396096
1208664340
1045532466
1304087659
1324536200
1142505562
1013791739
1231333801
1205838127
1081994669
1074069105
1422408191
1069136085
1002560404
1026639198
1313105343
1243159514
1021265712
1285646647
1324092941
1287953871
1324531358
1031223971
1130031225
1204374580
1013792294
1037889985
1243176958
1356577159
1089188032
1073557434
1422339273
1300436724
1082023739
1422391957
1469475384
1172982753
1393560625
1167605295
1227920095
1289267582
1028475445
1440514112
1031559051
1423536177
1111160806
1237750902
1513557478
1071796136
1324489750
1229902074
1265384914
1346644703
1233070266
1283445799
1234336027
1415097627
1235204973
