1385168789
1229026667
1126983174
1236306
1232356
1425042196
1232365
1202558597
1400219092
1215845
1208886263
1162494293
1083173443
653707
1033394717
1341099109
1003748886
1463872391
1010485926
1400192676
1433920139
1003748678
1312107455
1341164855
1079931805
1024298899
1341067219
1208401945
1050877906
1031278754
1490777501
1144954031
1487246961
1472617864
1080944946
1211380059
1484546984
1295398206
1150409211
1233063903
1539164705
1215851
1126725347
1219660
1079826950
1080182629
1079915027
1006588716
1027402445
1520651563
1038206257
1202542280
1507509332
1081976382
1507394128
1081838505
1506454620
1510499357
1081968573
1400591573
1081740537
1021243229
1082010697
1452911073
1250798370
