1322607234
1260742187
1141584146
1502828659
1449198257
1287296973
1132038878
1344147146
1444992719
1366926906
1033251432
1452924370
1411840608
1367605698
1380515209
1354565278
1416247625
1382128958
1463732003
1452932574
1415202583
1477334008
1446392682
1133444630
1416242975
1260741611
1150439723
1139680478
1416396739
1268688731
1284116074
1145412302
1456668368
1399459983
1287301459
1365020733
1393092148
1382122083
1317092938
1396776932
1401448500
1329654174
1382123956
1350742837
1397985763
1401490369
1382129040
1401846457
1405974965
1401868123
1406040862
1406095199
1406130677
1408325569
1411848639
1432633052
1432636806
1444996941
1451718110
1456616282
1456686226
1456707979
1458276747
1463095628
1477712007
1488729707
1514155508
1544245619
1557106822
1461356261
