154996
748944
999254
573068
652809
999249
591688
1480167263
927183
536960
573076
1419382897
1036261455
1385549594
271554
743664
1042562530
1244002078
1471398
1484577455
1435318239
1426877184
730415
1147744965
792996
1242933509
1431952425
716565
632576
1467602
1262615
1262614
1288252986
552359
598668
1424902575
1167143800
1467580
913652
672548
1084924653
927186
871072
1246759464
1468200839
1491669812
1389052744
730424
944249
927190
1514578038
591692
505047
1460611191
1242996191
1190723720
1499606581
1438638614
154966
1507946591
1385035204
1424202282
1401808585
1246827608
1055705517
1281796359
1385655900
1478928595
1212533068
1132777327
1142291099
1013752957
1424117813
1252235069
1425346468
433903
1339509455
1055664086
1157144227
730420
1213869149
1322333486
1065365219
1288220138
1204178054
1132804807
1081917523
1055650485
154962
1230617711
1384620125
1227902772
1518244299
1246795601
1013897506
1138631125
1508012452
1055707617
1113017362
598639
1223969342
743804
536964
1246983969
1467561
1356701228
1481407671
1057225839
1016374132
1215201569
1235117684
1487091441
1496711225
1246782755
1520594552
1149344243
1222745886
1057228558
1508429592
1516827043
1055235030
1288231050
1222777568
1257659899
1055700976
1288248125
1254317476
1481787444
1055659937
1246711360
1424663721
1159695873
1055712597
1247099631
1224083278
1159702677
1055203593
1288213441
1294729835
1252131817
1466185072
1288236645
1478986954
1515965659
1222767353
1243980345
1475307302
1485294733
1159705874
1295254067
1290909972
1430874997
1462040303
1288259184
1211465648
1496766403
1224112924
1243990097
1474638685
1432919101
1457455963
1246769673
1138628003
1235278380
1485102916
1486790078
1437429
1016087308
1288204771
1518243238
1335429230
1346989998
1458235694
1482530645
1288239316
1505742304
1509457987
1137752462
1007171698
1288243800
1138628339
1138629129
1479195039
1159715877
1223220197
1227879543
1240940545
1252248208
1286655666
1400509167
1475348954
1484530150
1505187740
1526731513
1055653615
1288225556
1055657180
1243924184
1288234272
1055233110
1528886145
1533260620
1536550501
1539282673
1539382463
1544436623
1544456518
1551468633
1460674752
154960
672473
1400766984
1454074447
1288299588
835960
186677
186675
871078
871069
835959
871081
632558
766931
536966
871380
871077
372440
871076
802350
871378
871393
703422
703432
802346
703467
871397
871383
871377
700708
871385
871392
871382
871395
871398
871387
