1173376792
1484429521
1313862560
1446844500
1501467368
1483305464
1515284307
1183938509
1162573291
1075017555
1011318537
1075028387
1075013352
1448237696
1271253456
1443999780
1515044009
1081099870
1192497030
1265181330
1130453974
1332478
1388796934
1264576405
1391232524
1070079067
1444826603
1466466562
1393075197
1107982637
1107108460
1434713546
1535511320
1202308665
1113498033
1449953794
1061598455
1307185044
1478153286
1142407130
1319437144
1182310780
1532670254
1504912410
1036028866
1536308947
1081098094
1307180791
1393340227
1024238702
1307189743
1011266956
1262003253
1075029225
1515009244
1503770078
1323734308
1511040867
1267136544
1038002621
1519839429
1268070097
1515020169
1208583769
1180703771
1011311529
1180689698
1180704623
1449960674
1453548434
1542776176
1180710077
1064494677
1265482428
1262547166
1427464102
1470824221
1470827333
1503750441
1496225076
1181009659
1545169759
1180716993
1207952923
1219467645
1248218882
1307185201
1448856714
1447711335
1308537917
1470825317
1515027452
1180690732
1449948061
1136259319
1282616033
1464290437
1515036802
1552290939
1552329210
1552361662
1553411949
1117288722
