1017541
1197391110
672811
549875
1294874463
559007
1106530
559031
1354326967
652816
1056368029
1180114241
743829
312609
549876
1041676412
1244299429
1483237179
1467576
791306
1231250395
672585
1223536
1473174829
1477709574
1297507
1096288356
1177123692
1415183874
1376764791
1418896276
1283439834
582749
1384981036
1083789948
1348264551
1247857524
1145215692
1458820305
1133692670
289432
1343275764
1419380893
1344791487
1463430
1014623320
1415180569
1233204298
1460097155
1113669509
1136136643
1223363506
1347990975
582764
1145211093
1159228459
1457551861
1420219603
1276853106
1022713034
1420043223
1348003690
1097085704
1041903268
1237003419
1011621537
1285545943
1101013746
1297511
1047739343
1421610751
549873
1236943524
1262059583
1433040581
1153698474
1101859722
1159288900
1246897379
1459106806
1221787104
1236265602
1255736362
1289011841
1474524514
1527525007
1138993979
1452924409
1042041823
1200816702
1068460012
1510625625
1007996638
1167487608
1223312033
1237649658
1020899498
1101969072
1042678972
1166095878
1110389642
1295047003
1384994475
1501552379
1096376221
1027591247
1433047940
1139017233
1362805964
1201856200
1098217796
1435311032
1391689546
1042651962
1058000465
1454072002
195800
1144830946
1220806479
1165260299
1033960227
1485849426
1507369349
1323085
1060182038
1126643528
1517215570
1100937290
1456840051
1148120899
1245384169
1019636106
1126927687
1454066905
1412208005
1234452388
1379266390
1432999572
1016519728
1042675196
1129978623
1131313808
1153565989
1433009112
1466296822
1042715909
1473498537
1475777602
1463471
1236849763
1259674239
1373131939
1433092434
1477982189
1117684688
1042170494
1236537238
1140507959
1507476135
1432985768
1474529063
1171175475
1112999864
1321414243
1470587421
1504908507
1433034318
1164291666
1211368746
1457566221
1041581638
1211737320
1246886363
1285546344
1376911684
1463927179
1469545372
1477999462
1396257989
1014530137
1112989473
1381179261
1005793399
1011621508
1140239876
1140399252
1159525594
1159536605
1177026791
1343057421
1415173195
1430853956
1432970677
1432994463
1433016961
1433024420
1433052839
1433063491
1445620200
1456944156
1473531884
1474530479
1480120419
1480175489
1514588404
1517665769
1520344192
1246697407
1037597393
1232178164
1437035593
559005
1347925355
1232185657
1225299708
1011621017
1101990352
1163532874
1008367324
1530604290
1530629922
1531762821
1539158907
1540261687
1540264519
1544277446
1549310965
1549487166
1556223047
1231268289
1155843492
1247789578
1024375967
1015610643
1117361866
1117469474
1090776621
1359122682
1140299354
1500141562
1506925522
1023006035
356828
356832
356833
632580
378526
550164
356830
567803
