1178067178
1150011194
1288365794
1192902101
1468842030
1292065292
1324226107
1243169394
901104
1161181944
879774
1391328799
1458755197
1232969255
1108254504
1178726
1297836
1131946
1327512871
1308540736
1424839585
1276889521
1422033758
1460063341
1166654622
1522658018
1267472919
1124266229
1209505385
1450226898
1208443320
1348274744
1447321072
1409781677
1519268042
1489950370
1298720208
1235464182
1341225233
1391434778
1026180712
1262606260
1238334184
1463151005
1414831394
1206926366
1454088832
1117640836
1371798118
1336197947
1025796195
1199283266
1505838905
1110646500
1472599993
1442699804
1501033569
1022787559
1207037256
1490420044
1020742904
1427651928
1116661788
1176595993
1460854357
1108944202
1305804893
1336178688
1052008197
1033356921
1097816316
1379850689
1155610309
1132051359
1245513105
1355031387
1458124000
1463767624
1435886158
1193438811
1411028065
1281173757
1077619349
1372480181
1388952376
1474082428
1432864750
1520495855
1491952339
1070372620
1247145476
1329058409
1408089226
1515165764
1497359623
1015944812
1100586981
1131631721
1227013079
1242999878
1253481646
1472734858
1490444796
1064556157
1238296775
1311138945
1375565537
1393927812
1434622155
1452851139
1490107239
1506813138
1008400538
1097037073
1260788586
1163729407
1095679635
1138807369
1227000211
1237789578
1442001651
1315288495
1460185300
1490427077
1091553184
1214922441
1170392802
1207079260
1350406748
1114005163
1435881788
1253875338
1371727885
1362740769
1084738857
1057016523
1076163054
1041325675
1134763030
1272421806
1423121897
1315246057
1016157866
1490438817
1003812346
1113533790
1432950036
1412923733
1063398716
1409638811
1451269053
1245091763
1495653765
1237648438
1380269381
1421220849
1089293812
1304409121
1463137337
1276953835
1023983440
1253966877
1371697116
1315048829
1458693732
1026337784
1219709423
1366569361
1471533488
1514171298
1515704132
1185918312
1015987264
1222201188
1362970775
1063744540
1204425586
1356908582
1475521143
1472666635
1253944417
1186558367
1312780744
1026339591
1498547874
1114516755
1362750701
1299825999
1343393298
1407192143
1469870714
1217774996
1522380479
1368131987
1312739217
1252138978
1275491313
1291079294
1310006283
1369556209
1381181363
1384969406
1454140716
1522512250
1025819365
1138772352
1421053361
1522872155
1519681033
1023982617
1035656438
1273532161
1291742798
1343343146
1442690413
1458787152
1466166186
1481188562
1489243392
1205928083
1040052802
1073719330
1180353912
1221929924
1228126294
1232148005
1265133754
1286256036
1415432104
1508379795
1025837738
1036897570
1048062481
1111817815
1135769400
1026299038
1160472244
1191602922
1257324856
1293996484
1265282944
1462260865
1295281676
1304593108
1315457729
1336175478
1385240079
1426478578
1432083621
1372679541
1434267886
1452938902
1483322665
1460881296
1474197805
1482370764
1483456670
1371740483
1506006093
1509108213
1516429248
1528370519
1026265244
1134715916
1163015187
1372697316
1509138740
1267366782
1286206598
1304878255
1026336361
1395954344
1410047400
1412210744
1421048564
1465311232
1474990452
1479406926
1487133277
1509943365
1026422495
1414623222
1117311218
1137486541
1155155063
1362613378
1239425173
1361309999
1455730391
1458804971
1515408345
1149434529
1137343116
1371711323
1459722626
1427441070
1481502570
1026331629
1353072842
1477675207
1414636227
1484738821
1500024832
1467230113
1076071205
1238350550
1248228293
1327085340
1333071779
1333921138
1341041984
1467532084
1356704298
1424673850
1452785544
1481742812
1504943789
1509126881
1521893652
1155121600
1187554760
1293604476
1245235079
1268202760
1290993465
1321374686
1372179313
1334386669
1371327052
1468219035
1382421867
1394700063
1518568050
1416059178
1458542018
1481228282
1506057615
1514136192
1185598918
1170281755
1264749421
1249570993
1371837992
1341055474
1356908214
1410883292
1412203233
1443799570
1467219919
1497464464
1504977629
1163949744
1185060747
1235372586
1253509363
1282465390
1282787847
1314993611
1427379360
1434292340
1443338722
1463754477
1454226423
1465780618
1505030216
1506012928
1362754640
1180994777
1026422564
1026340742
1043482467
1146912705
1161838700
1180853009
1193996685
1435888848
1251556814
1265670610
1289414032
1341013087
1350714864
1351609887
1372447357
1378793947
1382459269
1384727868
1392328032
1410038815
1414673132
1424223792
1470265959
1497380363
1523847487
1026881479
1462876609
1148002332
1227036334
1144435139
1185888156
1190944441
1217868606
1239501366
1268959864
1388054406
1293080618
1314506829
1314860360
1320864291
1372083542
1330433157
1334882950
1335374465
1336190067
1350706576
1382488282
1397946023
1399021931
1410636917
1473791684
1459500918
1497419976
1497898295
1504126022
1504808012
1505097608
1506028251
1514111523
1514158437
1514180537
1523786131
1524760699
1167836743
1147598481
1355032942
1304450341
1033619791
1098354440
1008118280
1541297629
1551280647
1551254661
1551251012
1549092456
1543906725
1529728155
1531432888
1532190971
1532373524
1532727299
1533738499
1534181548
1534279329
1535082362
1535697654
1536883905
1538296820
1538863971
1541520936
1541843353
1542453679
1542653282
1546519016
1545783247
1550372081
1550633901
1550965844
1550994558
1551748264
1552585019
1554232882
1554825561
1555895519
1556108508
