1493146341
1241546816
1509665923
1050051242
1417141013
1307459079
1409449295
1291859129
1352105257
1086148788
1089046251
1386358622
1133642510
1515544743
1423988794
1285786174
1465245708
1500287146
1094043540
1376302990
1211603129
1137328120
1155130341
1196713075
1409581849
1181003021
1379348467
1259718543
1337702021
1248643400
1252796749
1292701725
1131729597
1219238248
1317877419
1324778535
1522254048
1384623880
1386221607
1379506794
1411993827
1490384734
1246338806
1243032065
1293998861
1221971733
1135972560
1191476283
1309399516
1521287002
1306129030
1330178444
1539052908
1552991896
1553004207
1556112575
