1500794142
1436980380
1455192914
1480729492
1178289198
1516837254
1415101763
1366112242
1415099599
1266847814
1508988556
1479607384
1208795333
1273750522
1173137122
1455884639
1219250953
1533841503
1370715633
1532392394
1107171556
1279946982
1422042649
1536527935
1281348796
1273724166
1325638302
1543200645
1373453420
1466991285
1296638900
1473285130
1157793856
1235641705
1507955080
1453882463
1516812222
1430260768
1465160653
1437620746
1430270045
1455505794
1438410888
1454442455
1472879997
1501995798
1534653216
