1459061612
1108121819
856196
1232950144
1390482279
1015326834
1457957212
1076859538
730387
1503163748
1506414094
1119890369
591662
1164164885
598696
1193619710
1456347061
1162385749
1013086858
879762
972890
835963
1497206591
1232949223
1022330735
1497435505
1025253527
1459109397
1024966
1445043063
749047
1192178602
1016399296
1379762653
878330
1008128795
1497590133
1356874112
687999
1380672913
1237635497
672533
1456356349
1073147613
1195572228
1524230647
1242297192
749050
1012957484
1034751548
1023181220
1036270501
1237774948
1379343270
899143
1234049213
1002419829
1201974952
1014979696
1508273587
1235179222
1497171970
1497184935
1235227260
1016913524
1235284360
749056
1521063354
1484193070
1022087486
1234959644
1375115022
1008451369
1074345832
1507155072
598649
1481285494
819288
1239207594
598655
1374752531
1424370100
1498839499
1050331462
1507193468
1235033609
1481288751
1237656337
1050333530
1257359115
1008456354
1507172399
1485738338
1498888856
1498827042
1443624713
1497156904
1193420158
1007908162
1000222348
1024945404
1232878867
672538
743796
1021205941
1457743680
1543033608
785748
1050202883
1034963225
1031998526
1428934046
1163947470
1232985238
1383947569
1507185020
1526177469
1237723432
1011675491
1022060852
1207051536
717807
1013334689
1060796312
1380650963
1498675615
899146
1011675136
1232924297
1107392968
1032156981
1018931912
1008453502
1014207513
1021203878
1020100887
1038477703
1457712736
1323112652
1235263298
1534306440
1148861853
1015961392
1157041757
1456426278
1026268180
1155403087
1033110136
1064425189
1520083445
1020059931
1400398314
1058132042
1427463190
1375373352
1521952159
1015791754
1033150956
1082961254
1302974596
1442905604
1234310636
1324302782
1417683849
1073283718
1207542667
1226175227
1453670438
1060806268
1073790628
1075654721
1060948110
1457734871
1531781458
1021198197
1025721508
1060794578
1060803835
1060807989
1060809265
1060813810
1311007312
1388334824
1105074058
1193462638
1524701332
1041967214
1060797975
1508276816
1457699192
1457727169
1457739516
1473442720
1522914221
1555309244
1033629153
1166984792
