1179127737
1210721401
1487163338
1107412599
1257978028
1343190092
1511477384
1333883846
1010739419
1348861742
1004992978
1063495047
1428900985
1484830071
1461430287
1484777456
1197478430
1484768045
1017855097
1036699515
1382014872
1273537770
1330217393
1033667392
1206928440
1089491980
1317726753
1267887786
1016035397
1252828068
1460354381
1027523631
1462082685
1343215739
1350098943
1352613958
1167069642
1037174509
1322460738
1216036737
1378548321
1191569102
1364848086
1361442575
1089487768
1494415134
1134720326
1389045545
1355161419
1267539795
1179130897
1378371552
1494199335
1324604533
1339066788
1373841566
1454131977
1190551467
1076050314
1122743535
1360347778
1352627561
1384064730
1354204204
1459507919
1161504605
1243189982
1093747402
1306235539
1319283573
1461406343
1178451105
1182716681
1452881291
1290220847
1202209575
1014000050
1312422008
1181794152
1462233831
1231264347
1182825351
1032009738
1419398247
1012288340
1247681725
1247681642
1287276987
1546274984
1151339491
1353159640
1536506481
1014362009
1428689966
1210620366
1128357732
1330155326
1462165995
1105532984
1006243711
1089483782
1496121900
1376576581
1018919755
1319130093
1006486061
1343261922
1444140497
1187300983
1449964255
1014157039
1543875536
1460354386
1074646225
1031053347
1382536469
1021420680
1271904770
1043527356
1166722017
1492860031
1529735236
1084731049
1379415661
1048714090
1223124740
1206933537
1056226978
1076434017
1150827145
1020974703
1220752308
1326395213
1412438706
1412466749
1018198794
1018198598
1127337187
1129343033
1384030151
1022780847
1030999645
1362832706
1547738420
1315236935
1484320990
1247696466
1394294392
1545701006
1532409261
1350410220
1484821458
1191240990
1247680005
1348639649
1401416030
1433965420
1357580863
1365931763
1460343676
1541366470
1227751426
1514219248
1295259036
1393782926
1532186574
1312104182
1026105440
1032820444
1028236111
1291803116
1484508793
1469518361
1411989789
1492827262
1184654839
1355899283
1376683107
1401380518
1453853603
1514371357
1515532386
1518887119
1230300367
1231281732
1532460537
1141965343
1144397095
1166805601
1362873772
1454119115
1459931398
1462848078
1014577543
1089231069
1341160067
1475031244
1535112090
1075508299
1016084590
1055532017
1117625877
1166948921
1266635960
1296883882
1331396780
1372364468
1392626678
1460356944
1514154657
1506458318
1013270723
1014007148
1026029097
1368130446
1277423757
1356792052
1368229993
1440274792
1492839387
1436196817
1341725011
1398595512
1437575622
1518509241
1533914355
1538535660
1026299501
1028522578
1376955349
1499066994
1347528474
1392663802
1444193342
1457096219
1531748114
1535129957
1026034847
1046771491
1142325359
1245201245
1306043646
1332303141
1366060710
1392274056
1399952318
1444174870
1459508072
1457099181
1459507319
1484510285
1512551282
1515469607
1534741259
1026985026
1179323272
1231298673
1281764983
1492662713
1023793671
1027794670
1028593011
1037513305
1117606189
1318184612
1401430966
1462190076
1481531819
1490884378
1460341897
1026725808
1063388247
1089481105
1332317341
1379468939
1392486594
1455613509
1472330310
1539445639
1011771557
1076050276
1020672762
1412472026
1277084029
1278347609
1347514892
1354915928
1362859687
1385002004
1396981981
1401406057
1462378462
1026386449
1028386557
1032654166
1161977879
1163641649
1554921656
1376201567
1380182759
1380784657
1412711854
1437603039
1438477718
1521689447
1548530120
1549033933
1549244563
1549353635
1550207440
1551819588
1551837207
1553487972
1555328397
1024805744
1184653186
1030125482
1247694713
1026127277
1547917594
1556435357
