1308289207
1409200433
1451630004
1362261746
1440994371
1031466982
1380442386
1475688612
1062279602
1332478
1475052922
1437554636
1219216690
1501607548
1312101345
1237124031
1545582594
1460806076
1318710704
1546404034
1332465
1456861670
1541996439
1541428136
1237785286
1335442548
1332471
1332470
1529631423
1480426251
1544520151
1483922402
1526741969
1099212351
1219223361
1244987974
1308305454
1526731497
1541383110
1246657638
1456863673
1335082918
1351765471
1456862205
1542035525
1034432828
1364055768
1450806204
1532408140
1541398080
1528241302
1130924383
1244600007
1346530098
1383778020
1219180794
1226171574
1247065054
1247715807
1335100288
1335137152
1357096338
1539776260
1074167166
1074180195
1307356932
1335150660
1335203708
1336193779
1430979985
1354356719
1386196967
1526728101
1531607799
1541371344
1541430588
1542012980
1546331762
1334628950
1526731496
1537458784
1334900989
1335149014
1335212295
1479641748
1526728102
1272286254
1281528743
1506552951
1505157498
1529461895
1456855785
1282278695
1284485294
1305114198
1335514380
1336205645
1339996832
1354311281
1382625551
1507629836
1521631090
1539828040
1541387828
1542005761
1542009534
1335556051
1218433493
1282672684
1284435458
1304696442
1305492910
1332773843
1333211187
1333212259
1334625555
1335109355
1335127005
1335427295
1335443334
1335489605
1336048827
1354326205
1354337753
1354353076
1354425204
1354447892
1354538745
1357029349
1394083134
1394612515
1433999316
1433999780
1449267317
1463670378
1504448447
1505709470
1505723630
1518773910
1521578434
1526727005
1526730623
1526735975
1530428992
1539835671
1539842729
1552269129
1556108604
