1289084781
1262289215
1067446272
1057437248
1433783655
1180254708
1405174200
1353166803
1055757707
1270418759
1411601842
1043048154
1328382774
1067510147
1030153998
1267134688
1282622777
1320637054
1454378208
1454159081
1455049076
1440150526
1079739962
1358217447
1455048258
1454556717
1275334102
1440903708
1269967911
1436727364
1312201878
1439263703
1229014272
1031188665
1385742992
1449180768
1098858133
1436659527
1233195726
1434296899
1048128229
1062890709
1446743877
1443926555
1267986870
1380390206
1309207722
1328256170
1458340526
1392409289
1455050448
1381583141
1294692974
1317921138
1454156273
1410415196
1056228320
1448691621
1274401741
1351787216
1050868300
1240046931
1082528578
1317902067
1035798890
1033587736
1030111631
1042412865
1235379802
1405933218
1268171556
1400383120
1309289262
1446495616
1367054780
1279216992
1410429869
1444917882
1465414361
1282751552
1340962397
1459786704
1455043022
1037686482
1341175442
1167011282
1271894261
1411621221
1032424254
1033153549
1050304684
1064551284
1065533582
1317930235
1389324057
1033472962
1242897694
1343888490
1315345851
1098880016
1421386343
1439815415
1478324155
1068279667
1385053792
1035594504
1062872084
1158904683
1366309223
1372464723
1017407536
1053652017
1042071203
1043346374
1180176787
1214293406
1229182998
1252223546
1032230909
1295274894
1055309087
1065046298
1369748109
1042632408
1434291304
1035780858
1214244302
1032523855
1041284482
1033166973
1043722804
1273297678
1308090122
1388762861
1405858946
1037372324
1275548417
1436665149
1289229342
1001559121
1032419140
1214339625
1303815599
1311045167
1338138463
1340585544
1341385972
1364639990
1364658071
1379490211
1400589292
1330338002
1317999110
1250403688
1276689563
1290880175
1309583251
1424312740
1428977455
1028501162
1052571122
1274993903
1037927871
1034899223
1040939852
1013085815
1065534769
1333007840
1293548573
1007542052
1036511006
1369759488
1262557197
1052299635
1293702534
1332340807
1333127328
1399453070
1055976547
1275524454
1052993612
1362982710
1064556884
1007639378
1282236867
1032530788
1307953463
1347320046
1034630948
1015373807
1035789841
1063155035
1055939372
1383937665
1252246670
1289650078
1033001070
1347308426
1462343534
1035605390
1068267239
1074395056
1234138338
1263898514
1388985990
1275576908
1307204871
1434429946
1406700609
1030699731
1034067244
1333085356
1064563647
1293575506
1311018547
1311109773
1317747849
1318034208
1333176838
1312741871
1341170984
1354240788
1085979950
1289137735
1364685379
1034040742
1366276855
1371653587
1410983747
1414178106
1430907374
1034172674
1332272600
1410857068
1397860011
1332557739
1265130980
1290106150
1297106257
1424769066
1051295645
1333078633
1064565660
1278460400
1074347604
1089837464
1035756000
1036928644
1312341423
1250793853
1032456021
1293644229
1282472684
1041049400
1333313415
1053665076
1067482052
1275320741
1033107132
1275639742
1341386877
1004417129
1008049369
1442637292
1027378341
1028364217
1028938317
1029550822
1437011998
1033026691
1034070865
1317945929
1064570042
1034206521
1034897984
1034973357
1035067703
1035593102
1034910407
1036057723
1032413635
1032765128
1036196164
1036370866
1333356705
1044715945
1037678906
1042328376
1045363597
1048601618
1051059620
1031277664
1367179127
1441500620
1028494831
1067635209
1354297053
1159010795
1159644027
1180233778
1317911108
1064571790
1432883908
1278460400
1052422817
1062858790
1035775797
1036934530
1251029638
1037372335
1434289777
1328519783
1032448690
1028950266
1030854686
1436975106
1367156637
1033160639
1034496613
1034904427
1035068693
1036457671
1041050867
1087637647
1045517592
1052482418
1159597053
1180243171
1259160159
1253390816
1333070599
1064545547
1365957567
1263887658
1270405933
1271846737
1273834430
1275065242
1275410044
1037372452
1275439475
1328498077
1032235640
1275595978
1447280747
1283739918
1288971865
1289001161
1034500915
1068194938
1035071376
1293456844
1296664882
1299912388
1436670796
1052490011
1308787970
1309574526
1310082617
1298547892
1333054498
1064547261
1052637101
1275471632
1052271228
1035833940
1456495174
1037372452
1252191517
1434295246
1031875613
1028952297
1049029028
1033179414
1034504023
1035598880
1035725437
1041293618
1068211851
1180249456
1220220100
1275122065
1270456188
1275432012
1275467628
1293097834
1279170143
1283770961
1283961035
1289014721
1333033840
1064550039
1289157398
1296682212
1298547892
1304770877
1307218228
1046908531
1309581018
1309834384
1310082617
1310140321
1032445715
1311127620
1234100503
1036426365
1312378517
1328434856
1068278901
1332526119
1334796000
1335712969
1270460381
1335723790
1275500173
1275744226
1340905186
1283826708
1341213008
1289073993
1389661709
1354820795
1070403708
1236209015
1035848765
1338852019
1013085646
1029024669
1029150761
1250568693
1032459115
1436956733
1038064890
1043543377
1052077358
1220284949
1299662351
1282458400
1283844685
1287514281
1289143417
1293571656
1303803990
1436672454
1309891406
1310190473
1311179582
1324873714
1328568914
1332538543
1317988799
1334800409
1341101309
1341362565
1343645496
1347586084
1013976944
1356230952
1030445281
1364621251
1032462824
1364584459
1089220713
1371634455
1372530879
1373897332
1375038683
1377986440
1287821767
1315537888
1290095006
1293585708
1379189522
1379514015
1309979464
1321228258
1390244071
1400055697
1329370353
1332543420
1317961735
1067446070
1032167770
1035826827
1276499588
1338852019
1013976944
1250597144
1030668482
1037136182
1043929259
1436953335
1093839155
1220578033
1299662351
1282146235
1282492748
1287877529
1290242073
1293679219
1310150188
1316874366
1324878457
1329448471
1332543420
1334853162
1340806376
1343711120
1357855192
1364874144
1318042897
1364680995
1371638929
1390244205
1400055697
1401374421
1013977236
1407004530
1410528619
1084346895
1410991069
1412684829
1333459509
1413293753
1413743208
1416403906
1421381889
1287911305
1293361905
1293694040
1311199279
1318058593
1424940730
1329468275
1332551937
1433795345
1439815681
1451600726
1357909100
1366315909
1318024687
1038697910
1074289545
1035782372
1305441066
1014699502
1058681023
1062813618
1273933375
1245360199
1299654979
1282578422
1446620088
1305808207
1319144429
1324900848
1329471707
1332299285
1332562638
1334893067
1343141918
1347555403
1364757985
1371640063
1383904475
1400330385
1411081797
1413362474
1414157950
1424950179
1318062856
1439817833
1446004249
1451522649
1458426795
1014795873
1276328913
1461399301
1462292906
1466811362
1478324220
1296366152
1288950636
1380493883
1438865148
1267968698
1329478878
1332322794
1048137980
1441864669
1275371239
1430474550
1364907607
1364645930
1229174453
1455841927
1411544709
1413378083
1364869402
1309122851
1335460491
1317975130
1317979815
1318011956
1333015710
1333025600
1335460472
1057996004
1245286527
1343429428
1083112603
1343430579
1374858585
1067436602
1091109523
1313134261
1059612176
1055538828
1067473698
1343153735
1067466797
1262108015
1343429414
1262094645
1313159335
1354786675
1366067424
1052680758
1255597330
1052987520
1130476134
1238002290
1313015006
1343429014
1374932859
1343431562
1354257399
1036476095
1224907277
1112747759
1313015600
1313247820
1111365537
1067436387
1074347978
1082720314
1262241738
1302797123
1307900178
1313158214
1352586400
1343428804
1352613466
1448800923
1470701120
1046813962
1014948225
1014948815
1014977670
1014977799
1470701120
1046813962
1057847703
1014948815
1014977670
1014977799
1014977823
1014977920
1014978106
1024247726
1116418068
1029621607
1034628196
1034672294
1034883876
1034905498
1035771020
1035778653
1035793019
1041313837
1041313859
1046512151
1046908465
1052265580
1053047447
1055695928
1055713210
1055881113
1057605100
1060958257
1062825859
1064708240
1067436396
1166072412
1166036202
1067466255
1067466768
1067466786
1074347898
1074347991
1074348094
1074361708
1074441334
1075913494
1089899934
1089845610
1100370956
1220736691
1250801332
1251017528
1251095556
1251136535
1252042373
1252062057
1252233649
1262242955
1262268089
1299672248
1293374910
1275920715
1276690224
1276737683
1276883656
1282610742
1282619282
1286842959
1286863304
1286864468
1289568739
1289598983
1289619601
1289627420
1289640360
1289656000
1289660931
1289663692
1299649222
1299700267
1302838483
1304560802
1304564801
1307877816
1307890870
1308063878
1308546296
1312746751
1308842795
1311347571
1311403681
1312236224
1313017129
1376654396
1313133090
1354768043
1313134016
1313134982
1313159232
1313329422
1313630372
1319018699
1329492538
1329497031
1329506180
1332394473
1333135631
1333141626
1333171998
1333323147
1333331947
1333371358
1343166428
1343264177
1343386764
1343569098
1343578767
1343589290
1344685788
1346736659
1354213029
1354301689
1362358001
1364790764
1364589367
1371646380
1371650090
1372760062
1379440040
1391317005
1392307287
1392343561
1410221182
1411603579
1411610535
1415967122
1430911606
1439817145
1439817458
1448801074
1451553411
1456474842
1463039814
1463172727
1463192201
1014251135
1055708852
1051255247
1283753085
1439380039
1289028341
1055611697
1072597485
1309734657
1032913409
1033171682
1276863773
1289608503
1313950940
1276820180
1062701037
1074348038
1311253431
1283802101
1313015688
1313062722
1013974500
1032526117
1043919199
1245279639
1276779863
1289210602
1303824430
1313072757
1313247168
1321237061
1333514993
1340849916
1371640101
1372394136
1313016862
1478133405
1051292979
1163775700
1290184215
1310187589
1393524107
1456486809
1495998110
1296172644
1052676468
1067473768
1166802513
1228741977
1470696483
1437006245
1032999381
1050965827
1051234562
1062675090
1075384481
1237869650
1241193977
1243724122
1266517272
1262229301
1262290405
1290848149
1314598479
1341163405
1343152001
1343152359
1343265049
1354315409
1383927139
1400014952
1430895077
1430911809
1439342589
1456485558
1496007733
1519972102
1300307443
1460611209
1052064580
1290212546
1313248283
1354269910
1376510587
1456413659
1012619821
1015366565
1028197105
1041033486
1041063653
1054772199
1275138284
1180241673
1225290042
1275480743
1276840395
1312377482
1276840395
1312377482
1313114259
1316165923
1319033823
1354751068
1343431430
1411517028
1411636164
1421761627
1470702755
1001565128
1024185806
1027281140
1032352185
1035234864
1037508244
1050983269
1051347905
1055923641
1072437695
1074361926
1166837745
1075986933
1098764027
1214299676
1225418900
1225474832
1225729547
1230719818
1252104432
1289031505
1298571568
1298626556
1305834193
1305860109
1310214347
1310956698
1313016291
1362480778
1318100083
1321252637
1341032883
1343151315
1343151766
1343153361
1343429950
1364629851
1372761875
1381184698
1399491421
1410082939
1411592760
1411594367
1425913619
1430910610
1453819016
1459483732
1470692118
1034949756
1058003762
1236599084
1299676231
1302895207
1313157602
1347334025
1361149273
1372907932
1405836571
1405871525
1411526400
1412773815
1470763761
1512278919
1513981668
1029155661
1040799324
1227123184
1258723421
1307904683
1312025746
1314092744
1316857630
1328560952
1354302771
1405878006
1506337287
1042040706
1052407164
1077013097
1107113607
1241075810
1298752889
1311224409
1347405047
1366138745
1371649137
1460630966
1462365837
1462938160
1470700976
1033140282
1033631937
1034804018
1035375659
1036476407
1060801308
1050481949
1051239522
1075913543
1160798242
1238001337
1354525110
1251064078
1282997524
1283693390
1294042487
1313015785
1316889753
1334115348
1384931385
1341070638
1347381420
1393830215
1405901831
1406979772
1415496917
1416052559
1460669388
1029140255
1074361792
1075956803
1227149115
1237576654
1266366165
1267922763
1302809575
1304551887
1309105565
1321297050
1322502858
1328729219
1343265456
1410987160
1439336112
1007083051
1051287893
1024189734
1024251925
1028503054
1036232251
1035741838
1041038891
1041057498
1043456581
1050862034
1059934632
1060984809
1063860693
1063881833
1067436941
1067466699
1295235860
1074441232
1075384500
1075913017
1367409367
1225213221
1227113899
1236598811
1236600465
1240995401
1259441346
1262237929
1264403144
1293589225
1293678447
1302818217
1302891940
1305742166
1307097331
1311189939
1312395920
1313133763
1316606936
1317045504
1341020404
1341201095
1345480088
1343150594
1352864955
1343153138
1343153184
1343262808
1343263615
1343265262
1343429814
1378484197
1347561035
1371657258
1372754467
1385229843
1392283311
1392350640
1405359933
1410387551
1411617186
1415554630
1421684606
1456418483
1459146791
1462389932
1462886010
1470699618
1470702368
1478119549
1495998115
1497871239
1510582738
1531638819
1033468229
1037695981
1410453746
1033148069
1296991367
1304843273
1307625410
1343429717
1419302781
1421696028
1432885357
1043548250
1037551665
1055086436
1342792154
1310251065
1283459695
1055929490
1313247502
1245024934
1004417934
1013557799
1110440528
1014794065
1014946614
1014947738
1014950358
1014965777
1014965810
1015157847
1015367596
1015368811
1015375698
1015847646
1016017385
1378502020
1020169195
1024194260
1024251926
1024260851
1245234085
1024364351
1024364241
1024364861
1024378829
1024379135
1024379388
1026535834
1028009229
1028026498
1028052855
1028172634
1028477592
1028574079
1028592949
1028595481
1028602907
1028606585
1028734571
1028740204
1028741819
1028826767
1028828724
1028832235
1028897026
1028942856
1029165324
1029310888
1069301579
1069300175
1030639747
1030697081
1032230980
1032232902
1032315165
1032403589
1032429878
1032434801
1032453435
1032518811
1032529647
1032532590
1032727996
1033001817
1033002904
1033020833
1033022457
1033025391
1033126737
1033622184
1033626977
1034066975
1034159530
1034174777
1034177406
1034179546
1034201590
1034205009
1034208425
1034384151
1034401049
1034483472
1034490249
1034560527
1034681458
1069296988
1034791743
1034806432
1034899986
1034901764
1034908279
1035066865
1035275991
1035293624
1035601601
1035607224
1035620309
1035728052
1035744153
1035764553
1035774788
1035777888
1035779122
1035787013
1035787959
1035796129
1035796598
1035815585
1035815786
1035815838
1035816023
1035816482
1035855740
1036057480
1036057603
1447276843
1036178755
1036258654
1036420943
1036444991
1447276843
1036178755
1036258654
1036420943
1036444991
1036447378
1036454625
1036459903
1036460540
1036463421
1036466529
1037372267
1037372294
1037372424
1037506641
1037622870
1040806326
1040809521
1041055912
1041058557
1041201065
1441502077
1041313785
1041313864
1041313901
1067738773
1042040857
1042071193
1067719103
1042430662
1042431225
1042431396
1042432661
1042432675
1042468402
1043203439
1044913170
1046473482
1047206308
1047209415
1050062444
1050307899
1050313159
1050380375
1050394470
1050419211
1050423820
1050436567
1050441559
1050451573
1050462179
1050843031
1050858951
1114081495
1050868025
1050879915
1050923853
1051303017
1051307587
1051314591
1052070752
1052072723
1052075637
1052080750
1052082465
1052087729
1052090097
1052091966
1052302538
1052305964
1052308698
1052310905
1052357983
1052430258
1053021946
1055716928
1055730068
1055871274
1055971994
1056405169
1059522024
1062479218
1062665008
1062666842
1062669569
1063808360
1063814904
1063825180
1063864914
1063869314
1063905190
1064248624
1064249774
1065824508
1067436458
1067436446
1067436822
1067436537
1166027505
1218121794
1067437085
1067445618
1067445817
1225116251
1067466521
1068225839
1409026616
1068265728
1068369256
1068451293
1068634519
1073739661
1073701186
1069294499
1069321225
1069323633
1072612253
1072766728
1072979597
1073549990
1073701186
1069294499
1069321225
1069323633
1072612253
1072766728
1072979597
1073549990
1073613583
1073877954
1073880501
1074200166
1074347488
1074347523
1074347803
1074347585
1074347639
1074347680
1074347876
1074347780
1111369125
1074347866
1074347932
1074347950
1074361447
1074361901
1074361751
1074361810
1074361996
1074361968
1074362034
1074362026
1074362086
1074400930
1074409795
1074409754
1074409809
1116790271
1074410429
1074410434
1074410577
1074441221
1074441251
1074449505
1074449722
1075135078
1075135220
1075135246
1075135263
1304208268
1075925029
1075514133
1075921578
1075919271
1075489036
1075912976
1075912999
1075913102
1075913125
1352471374
1075913238
1075913389
1225245244
1075913510
1075913488
1075913548
1075913554
1116632547
1075915795
1075915715
1075915737
1075915765
1075916433
1075916447
1075916461
1075986865
1075986877
1075986839
1075986759
1076859263
1083625143
1083799070
1082720307
1082720341
1082755845
1083072601
1089249160
1089271178
1089276871
1089355878
1089840518
1090002742
1218228156
1093844977
1093852238
1093899201
1095706120
1095789616
1095803524
1100350819
1338561081
1130476038
1130476083
1130512705
1133830016
1159702307
1159709570
1160533475
1160789082
1160793153
1160802090
1167802565
1169584052
1385832450
1170240523
1171405345
1171414981
1171428480
1171440301
1171464772
1180248499
1190979087
1204148002
1207784869
1212151472
1214310687
1214316589
1214328222
1214343485
1217652652
1218066050
1218069004
1218073590
1218076741
1218079875
1218083118
1218108135
1218111041
1220240368
1293711336
1220265303
1220281671
1220291655
1220348946
1220543511
1220627998
1220690215
1220729952
1220742211
1220749408
1220767000
1220777482
1220793338
1273887389
1220804113
1220828984
1220848069
1221007158
1221014970
1221022614
1224265732
1224531238
1224536717
1224548501
1224552963
1225149977
1225219968
1225225448
1225231568
1225239009
1225252178
1225312395
1225323099
1225340697
1225372577
1225390566
1225405035
1225410505
1225501121
1225530737
1225372577
1225390566
1225405035
1225410505
1225501121
1225530737
1225576202
1225591081
1225621473
1225625310
1225628946
1225631959
1225634470
1225636817
1225641483
1225646911
1225652484
1225655401
1225661746
1225668450
1225675887
1225681418
1225684704
1225689654
1225701053
1225721771
1225729317
1225734972
1225742644
1226223079
1226232817
1226984272
1226985351
1226985641
1226985859
1226985920
1226985988
1226986020
1226986256
1226988783
1226988812
1226989417
1227084323
1227086751
1227087974
1227089406
1227090864
1227091026
1227093946
1227099442
1227099890
1227101004
1227102558
1227104433
1227104406
1227106972
1227108751
1227110437
1227110891
1227111200
1227118693
1227120432
1227119911
1227120011
1227122232
1227121202
1227124732
1227122648
1227122681
1227122840
1227124251
1227124657
1227124801
1227125078
1227127832
1227126486
1227128154
1227128736
1227128853
1227129005
1227130204
1227130380
1227130549
1227131500
1227132064
1227133057
1227133194
1227133613
1227134392
1227135089
1227135523
1227136103
1227136783
1227137087
1227138738
1227139367
1227139505
1227139800
1227140681
1227140896
1227142180
1227142360
1227142680
1227143638
1227144005
1227145139
1227145081
1227145264
1227145290
1227146082
1227146361
1227146468
1227146584
1227146820
1227147085
1227147568
1227148744
1227148793
1227149639
1227150142
1227335578
1227351264
1228122842
1228121815
1228123249
1228123514
1228125229
1228123659
1228124395
1228124449
1228124785
1228124812
1228125358
1228125889
1228126444
1228126612
1228127246
1228127846
1228128555
1228130237
1228130255
1228211540
1228211479
1228212305
1228214059
1228214101
1228214333
1228215138
1228215683
1228215726
1228215733
1228216425
1228217025
1228218881
1228219848
1228220545
1228220968
1228223576
1228224751
1228228090
1228229266
1228229990
1228231011
1228231290
1228232021
1228232640
1228232782
1228233721
1228233767
1228234419
1228237131
1228237377
1228238018
1228238364
1228239767
1228242665
1228242711
1228243284
1228244653
1228245000
1228246303
1228246628
1228247716
1228248569
1228248834
1228249078
1228250430
1228250709
1228251674
1228252866
1228257514
1228258594
1228262026
1228262134
1228263202
1228264524
1228264567
1228267032
1228266208
1228267670
1228267990
1228269429
1228269602
1228269957
1228576457
1228577497
1228949374
1228962409
1228972643
1228983248
1228995559
1229003838
1229093721
1229123707
1229132139
1229168870
1229466487
1230025218
1230605532
1230604387
1230606712
1230607109
1230608496
1230609829
1230608706
1230608939
1230609769
1230609796
1230610056
1230610687
1230611751
1230611995
1230612535
1230612589
1230612681
1230614312
1230614334
1230615164
1230615199
1230616358
1230612535
1230612589
1230612681
1230614312
1230614334
1230615164
1230615199
1230616358
1230617049
1230617197
1230617216
1230617564
1230618184
1230618335
1230618393
1230620332
1230619003
1230620035
1230620368
1230621430
1230621288
1230621411
1230621907
1230623619
1230624739
1230624789
1230625640
1230625703
1230627016
1230627044
1230627266
1230627487
1230629033
1230627533
1230627742
1230628097
1230628719
1230629412
1230629470
1230631043
1230631258
1230631286
1230632775
1230633534
1230633566
1230633999
1230634122
1230635752
1230636055
1230636096
1230636126
1230636178
1230637299
1230637494
1230637698
1230638701
1230639043
1230639535
1230639927
1230640677
1230640781
1230643048
1230643847
1230674361
1230685517
1231239358
1231680028
1231681406
1231681662
1231681897
1231682296
1231682617
1231682793
1231683198
1231683585
1231683913
1231684276
1231684499
1231685594
1231685741
1231686280
1231686323
1232925137
1234122768
1234129371
1234146149
1235755760
1235755775
1235756275
1235756694
1235757103
1235757221
1235758039
1236200232
1236198151
1236198845
1236198891
1236199448
1236201034
1236201235
1245279083
1236207401
1245285717
1236211155
1236252600
1236253150
1236253706
1236253941
1236255117
1236255427
1236255753
1236484245
1236484464
1236599765
1236601161
1237763938
1237935296
1237994211
1238016616
1238021561
1238036466
1238063592
1245299129
1240995166
1353147437
1240995255
1375042005
1240995739
1240995860
1241029223
1241074810
1245268620
1241077119
1241194037
1241192669
1241192860
1241192899
1245307304
1242595361
1244317444
1245090737
1245107154
1245135781
1245142244
1245160427
1245160503
1245171386
1245370208
1245395555
1245422269
1245444006
1245453920
1245466415
1245598699
1245627548
1245642646
1248574072
1248582805
1248626667
1250059436
1250060812
1250077830
1250082192
1250087987
1250097641
1250097673
1250102620
1250111324
1250396380
1250410130
1250418835
1250452387
1250459367
1250470059
1250502172
1250514433
1250527269
1250580255
1250580757
1250588208
1253948403
1253965362
1253976667
1253983251
1253992650
1254007335
1254032874
1254057081
1254089320
1258538611
1258542020
1258542584
1258544564
1258545794
1258721607
1258722712
1258724867
1258726356
1258726517
1258728362
1258729090
1258731104
1259437442
1259438757
1259439840
1259443292
1259444611
1259447258
1259448585
1259451557
1259663429
1261128019
1261602388
1262007910
1262029473
1262033638
1262099694
1262115941
1262117411
1262123255
1262129787
1262130794
1262239006
1262243976
1262244549
1262246686
1262247894
1262248090
1262249583
1262255565
1262257474
1262257788
1262259516
1262263334
1262270455
1262272925
1262277430
1262279095
1262282476
1262283479
1262922216
1262922876
1262922916
1262923541
1262923575
1262923676
1262924752
1262936197
1262937179
1262937191
1262937613
1262937838
1262938186
1263029099
1263029261
1263029280
1263029776
1263034640
1263703944
1263725205
1263741496
1263755093
1263770717
1263777112
1263791372
1263796696
1263808546
1263816426
1263824571
1263832983
1263843730
1263855957
1263871332
1263882964
1263901771
1263910623
1263929125
1264292700
1264321584
1264325646
1264328478
1264330848
1264331282
1264332026
1264334146
1264343322
1264346062
1264348059
1264350682
1264351620
1264351815
1264357047
1264357823
1264362935
1264363710
1264367899
1264369676
1264374106
1264374154
1264379716
1264391640
1264395096
1264399499
1264409735
1264413260
1264417771
1264471350
1268954019
1275026309
1299666902
1274984627
1275012708
1274968050
1275004322
1298744950
1268825124
1332494592
1298740039
1293384256
1293674621
1265237231
1266531905
1267157125
1267567371
1267625338
1267629172
1267632183
1267634896
1267637512
1267638003
1267642240
1267645982
1267647400
1267651407
1267658034
1267659006
1267663086
1267668040
1267668911
1267728655
1267732365
1267737734
1267743340
1267746977
1267751322
1267757645
1267760682
1267765406
1267772338
1267776430
1267778290
1267783276
1267786695
1267790989
1267798163
1267802656
1267808329
1267844927
1267847620
1267852811
1267859197
1267862103
1267869729
1267872951
1267876499
1267880870
1267882697
1267888730
1267889489
1267895725
1267901476
1267903793
1267908913
1267912172
1267914798
1267921343
1267926946
1267929514
1267931905
1267937382
1268005575
1268177240
1268268894
1268321127
1268322523
1268323578
1268324289
1268325800
1268326676
1268328548
1268328793
1268331036
1268331472
1268331614
1268332338
1268332358
1268332994
1268333025
1268333333
1268333841
1268334780
1268334821
1268334886
1268336150
1268344822
1268347063
1268347694
1268347779
1268348244
1268348433
1268348695
1268349137
1268349658
1268349679
1268349823
1268350176
1268351532
1268352136
1268351572
1268352207
1268355557
1268355982
1268356014
1268356247
1268357939
1268357279
1268358098
1268358235
1268358470
1268358654
1268359369
1268359534
1268359784
1268360848
1268367241
1268367412
1268472979
1270411784
1270436685
1270447150
1270450508
1271896145
1276344348
1276355399
1276364204
1278288783
1278312984
1282130163
1282150785
1434287228
1282402635
1282440691
1282530110
1282653732
1282672081
1282681699
1285624883
1286886599
1354226793
1286887753
1362376319
1287249627
1323242882
1287252523
1287253572
1287393897
1287936329
1288728226
1288730789
1288741444
1288744920
1288814092
1288819478
1288823565
1288833488
1288838638
1288841902
1288848910
1288961580
1289042870
1289045281
1289054259
1289087635
1289430219
1289442065
1289451105
1289455838
1289642902
1290113438
1290125754
1443616888
1290363007
1290725297
1290835358
1290862152
1290898543
1291041945
1293188388
1293328752
1293491262
1293583290
1293606305
1293670954
1293693790
1293735196
1293760096
1293776060
1293819926
1293830347
1293849861
1293967602
1293995915
1294002421
1294023161
1294030840
1294584326
1294585015
1294585082
1294585108
1294585881
1294585947
1294586118
1294586468
1294586524
1294586954
1294587585
1294588795
1294588891
1294589009
1294589034
1294589336
1294589575
1294589669
1294589708
1294590010
1294590532
1294591230
1294590273
1294591532
1294590363
1294588795
1294588891
1294589009
1294589034
1294589336
1294589580
1294589633
1294589669
1294589708
1294590010
1294590532
1294591230
1294590273
1294591532
1294590363
1294590476
1294590509
1294590679
1294590853
1294591019
1294591208
1294591259
1294591468
1294591611
1294591762
1294591824
1294592041
1294592167
1294592178
1295337968
1295514935
1295536511
1296094648
1296551592
1296694734
1296697717
1297025988
1297437051
1297463934
1297486195
1298067825
1298498624
1298512994
1298542185
1298556200
1298556213
1298568061
1298577834
1298583612
1298588242
1298592827
1298594229
1298600713
1298601420
1298606062
1298610461
1298614408
1298633044
1298687991
1298699588
1300176433
1300189447
1300381566
1302001848
1302747593
1302752839
1302767421
1302774378
1302782052
1302792656
1302843950
1302902961
1303396189
1304428810
1304519574
1304542573
1304572468
1304781454
1304818382
1304828846
1304835195
1305259961
1305276842
1305780181
1305807460
1305839741
1306122468
1306122733
1348334609
1307340506
1307622680
1307638757
1307642854
1307670635
1307676011
1307714398
1307812334
1330771108
1307865309
1307872031
1307885179
1307895948
1307911820
1307994225
1308028301
1308541726
1308554367
1308561253
1354315144
1308721439
1308863439
1308876420
1308899701
1308930494
1308972862
1308990649
1308990921
1309001812
1309571019
1309573065
1309573075
1309573080
1309573096
1309573101
1309580958
1309582197
1309647604
1309662556
1309761579
1309803577
1309859288
1309869650
1309940874
1310049410
1310146158
1310155115
1310160916
1310170281
1310183643
1310194178
1310200306
1310207683
1310222581
1310271363
1310288063
1311071582
1311075625
1311080088
1311124190
1311144762
1311177371
1311186186
1311205484
1311208019
1311216377
1311242868
1311245954
1311256021
1311265069
1311269590
1311274525
1311285998
1311322840
1311350915
1311355537
1311356198
1311359502
1319509901
1311430178
1311437700
1311997601
1312146050
1312157439
1312263513
1312281610
1312302969
1312409114
1312423004
1312737172
1312742614
1311350915
1311355537
1311356198
1311359502
1319509901
1311430178
1311437700
1311997601
1312146050
1312157439
1312263513
1312281610
1312302964
1312409114
1312423004
1312455112
1312737172
1312742614
1312749884
1312751581
1312756515
1312776274
1373314280
1312789682
1312792717
1312800316
1312821825
1312841962
1312870769
1312915656
1312968831
1312966814
1313009997
1313015574
1313015785
1313015813
1313016313
1313016350
1313016853
1313044689
1313055684
1313055703
1313099588
1313125816
1313131300
1313131318
1313132012
1313134744
1354829092
1313133937
1313133953
1313134266
1313135344
1313145562
1313156669
1313156689
1313156774
1313156795
1313156810
1313156818
1313157282
1313157310
1313157791
1313158164
1313158191
1313158360
1314545881
1313246728
1313247180
1313247786
1313248091
1313248157
1313248186
1313248259
1313248266
1313331330
1313327714
1315306385
1313328194
1362480778
1374943299
1313332054
1313387776
1313430794
1313500437
1313532618
1313554760
1313555199
1313580564
1314071148
1314078435
1314215572
1314474808
1314528496
1314957252
1315176159
1315179650
1315204255
1315222268
1315238073
1315381514
1315382999
1315384351
1315387956
1315419472
1315572826
1315582116
1315598636
1315615264
1315628068
1315640666
1315646777
1315655618
1315735351
1315756486
1316180781
1316430429
1316633816
1316660654
1316691604
1317234107
1317237004
1317259048
1317564617
1317654681
1317893849
1317897633
1317902123
1317908041
1317995583
1318001956
1318011373
1318016065
1318042473
1333626549
1318121013
1318377738
1318421062
1318453578
1335460417
1318705835
1318708472
1318712051
1318735034
1318785926
1318807244
1318824835
1318850455
1318883283
1318943918
1318969509
1319154025
1319165544
1319202583
1319252625
1319261065
1321151427
1321161132
1321175800
1321195276
1321213066
1321283266
1321325353
1322463689
1324306337
1324307431
1324305420
1324306148
1324306326
1324306343
1324306377
1324306397
1324306467
1324306488
1324306661
1324307134
1324314334
1324311462
1324311498
1324311601
1321151427
1321161132
1321175800
1321195276
1321213066
1321283266
1321325353
1322463689
1324306337
1324307431
1324305420
1324306148
1324306326
1324306343
1324306377
1324306397
1324306467
1324306493
1324306661
1324307134
1324311211
1324314334
1324311462
1324311498
1324311601
1324311787
1324311921
1324312236
1324312254
1324312268
1324312475
1324312481
1324312589
1324312652
1324312767
1324313158
1324313171
1324313179
1324313289
1324313837
1324314247
1324340274
1324430522
1334319522
1324480707
1324481095
1324484034
1324481217
1324481613
1324481892
1324482022
1324482049
1324482218
1324482516
1324482569
1324482574
1324482638
1324482645
1324482663
1324482756
1324593530
1324591695
1324594230
1324591851
1324591858
1324593133
1324592451
1324592635
1324592649
1324592692
1324592791
1324593072
1324593166
1324593245
1324593559
1324593587
1324593594
1324593601
1324593739
1324593881
1324594073
1324595892
1324595988
1324733447
1324770108
1324771823
1324771854
1324771882
1324772395
1324772520
1324772563
1324772622
1324772773
1324772785
1324772817
1324772999
1324773018
1324773358
1324773390
1324773397
1324773993
1324774138
1324778136
1324776901
1324777244
1324777278
1324777514
1324777742
1324778036
1324778042
1324778075
1324778101
1324778226
1324778637
1324778337
1324778344
1324778468
1324893643
1325298689
1325351545
1325364528
1325364783
1325364795
1325364808
1325368038
1325365423
1325365428
1325365684
1325365690
1325365696
1325365979
1325365991
1325366126
1325366184
1325366190
1325366323
1325367733
1325366852
1325366862
1325366894
1325367047
1325367064
1325367070
1325367075
1325367159
1325367165
1325367173
1325367204
1325367256
1325367441
1325367446
1325367454
1325367460
1325367641
1325367750
1325367838
1325367945
1325367951
1325368055
1325368242
1325368248
1325505898
1325506795
1325508117
1325508500
1325508505
1325508578
1325509552
1325509783
1325513829
1325511123
1325511314
1325513729
1325511402
1325511501
1325511528
1325511824
1325511901
1325511906
1325511914
1325513932
1325511978
1325511984
1325511990
1325512064
1325512156
1325512164
1325512551
1325512558
1325512658
1325512663
1325512673
1325512683
1325512748
1325512753
1325512938
1325513136
1325513235
1325513241
1325513444
1325513944
1325551935
1325824124
1325825044
1325825209
1325825656
1325825845
1325825853
1325825940
1325828630
1325827069
1325828342
1325827200
1325827223
1325829636
1325827275
1325827313
1325827382
1325829345
1325827526
1325827884
1325827891
1325827896
1325827940
1325828226
1325828364
1325828451
1325828786
1325828798
1325829051
1325829076
1325829286
1325829536
1325831424
1325832519
1325832568
1325832770
1325832775
1325832889
1325882397
1325886904
1325888496
1325888713
1325889081
1325889373
1325889543
1325889933
1325891210
1325891226
1325892113
1325892960
1325892967
1325893006
1325893043
1325895532
1325893147
1325893161
1325893378
1325893515
1325893663
1325893674
1325893706
1325893998
1325894117
1325895342
1325894177
1325894315
1325894371
1325894396
1325894443
1325894448
1325894727
1325895071
1325895077
1325895169
1325895352
1325895472
1325895973
1325895998
1325922038
1325925886
1325926324
1325926455
1325926666
1325926743
1325926844
1325930731
1325931497
1325931523
1325933837
1325931991
1325933530
1325932171
1325932187
1325934049
1325932695
1325932710
1325932725
1325932880
1325932988
1325894448
1325894727
1325895071
1325895077
1325895169
1325895352
1325895472
1325895973
1325895998
1325922038
1325926324
1325926455
1325926666
1325926743
1325926844
1325930731
1325931497
1325931523
1325933837
1325932001
1325933530
1325932171
1325932187
1325932415
1325934049
1325932695
1325932710
1325932725
1325932880
1325932988
1325933169
1325933204
1325933388
1325933471
1325933816
1325933946
1325933955
1325933980
1325934069
1325934135
1328186616
1328505720
1328527543
1328573561
1328620812
1328621780
1328673091
1328701220
1328704644
1328713541
1328714005
1328724952
1328727271
1328733880
1329239406
1329273566
1329382012
1329482293
1329500406
1330254780
1333339911
1333349058
1333383068
1333394046
1335658886
1334292361
1334304844
1335540825
1334821048
1334859404
1334871651
1334879839
1334887019
1334906325
1334912324
1335408709
1335446621
1335778490
1335828609
1335854438
1335915480
1335941237
1335950937
1335976480
1337740097
1337754778
1337773864
1337784352
1337791232
1337803055
1337812064
1337818543
1337825753
1337835271
1337842046
1337852011
1337865121
1337873850
1337890186
1337895469
1337912986
1338098270
1338942824
1339754776
1379426850
1340849911
1340856772
1340912398
1340927398
1340935953
1340942432
1340950327
1340952129
1340959621
1340973266
1340981498
1340995941
1341034140
1341090786
1341093518
1337812064
1337818543
1337825753
1337835271
1337842046
1337852011
1337865121
1337873850
1337890186
1337895469
1337912986
1338098270
1338942824
1339754776
1379426850
1340856772
1340912398
1340927398
1340935953
1340942432
1340950327
1340952129
1340959621
1340973266
1340981498
1340995941
1341034140
1341090786
1341093518
1341111336
1341121325
1341127068
1341141785
1341152035
1341157310
1341167572
1341179896
1341188849
1341199156
1341214676
1341222527
1341228872
1341248250
1341257007
1341259975
1341266010
1341270036
1341279521
1341345460
1341389783
1342997425
1342998125
1342998792
1343060905
1343061193
1343061686
1343062170
1343125094
1485696078
1343149027
1343149626
1343151223
1343151473
1351754579
1343153153
1343153840
1343154044
1343191758
1343218107
1343244784
1343262800
1343262822
1343264452
1343264467
1343264476
1343265037
1343265145
1343265255
1350167105
1343265351
1343265439
1343265736
1343275053
1343290659
1343339737
1352729602
1343429821
1343429997
1352598362
1345974168
1343430499
1350200585
1343430839
1343430966
1343431433
1343431546
1343431749
1343564194
1343577710
1343578753
1343579342
1343582452
1343664663
1343722373
1343734900
1343747549
1343867391
1343868517
1343868696
1343871542
1343869221
1343869795
1343869901
1343869923
1343869983
1343871832
1343870124
1343870220
1343870245
1343870448
1354579830
1354769245
1354787447
1354813637
1354846133
1354865565
1366065799
1356298398
1356311016
1356312677
1356591404
1356591951
1356592109
1356594933
1356594433
1356594400
1356594600
1356594868
1356594907
1356596679
1356597112
1356598530
1356597795
1356597977
1356598401
1356599933
1356600354
1356600580
1356638224
1356639201
1356639748
1356639764
1356639851
1356640079
1356640179
1356640266
1356640388
1356640814
1356641256
1356641509
1356641563
1356692233
1356690179
1356690210
1356690798
1356691094
1356691303
1356691355
1356691528
1356692158
1356692261
1356692287
1356692300
1356692493
1356692950
1356693041
1356797323
1357336624
1357342922
1357389817
1346308292
1346308316
1346308695
1346308855
1346308935
1346309255
1346309468
1346309477
1346309723
1346310247
1346310376
1346310463
1346310916
1346312233
1346311048
1346311088
1346311187
1346311406
1346311452
1346311642
1346311714
1346311772
1346311821
1346312017
1346312065
1346312280
1346313630
1346312360
1346312405
1346312580
1346312639
1346312770
1346312787
1346313061
1346313092
1346313333
1346313689
1346394825
1346402022
1346402603
1346402815
1346403219
1346404367
1346404386
1346404396
1346419051
1346422716
1346423421
1346425531
1346423752
1346423780
1346423961
1346423997
1346424027
1346424051
1346424141
1346424162
1346424385
1346424868
1346424890
1327156889
1327156984
1327157470
1327157485
1327157552
1327157593
1327157641
1327157678
1327157704
1327157763
1327157794
1327157809
1327157854
1327157912
1327157946
1327158174
1327158280
1327158357
1327158638
1327158854
1327160691
1327160892
1327161137
1327184626
1327186900
1327187274
1327187384
1327187395
1327187407
1327187417
1327187527
1327187958
1327187970
1327187994
1327188000
1327189035
1327188043
1327188055
1327188102
1327188197
1327188250
1327188338
1327188473
1327188480
1327188642
1327188677
1327188740
1327188780
1327188790
1327188842
1327188935
1327188953
1327188958
1327189283
1327189646
1327190408
1327211144
1327221218
1327221424
1327223730
1356594600
1356594868
1356594907
1356596679
1356597112
1356598530
1356597795
1356597977
1356598401
1356599933
1356600354
1356600580
1356638224
1356639201
1356639748
1356639764
1356639851
1356640079
1356640179
1356640266
1356640388
1356640814
1356641256
1356641509
1356641563
1356692233
1356690179
1356690210
1356690798
1356691094
1356691303
1356691355
1356691528
1356692158
1356692261
1356692287
1356692300
1356692493
1356692950
1356693041
1356797323
1357336624
1357342922
1357389817
1357389897
1357389923
1357390290
1357390613
1357393535
1357391015
1357391374
1357391587
1357391592
1357391601
1357391665
1357391690
1357391707
1357391943
1357392314
1357392347
1357392361
1357392451
1357392575
1357392936
1357392969
1357393197
1357393210
1357393216
1357393487
1357393750
1357393768
1357393965
1357394355
1357407887
1357408968
1357412354
1357486760
1357487387
1357511324
1357612750
1357782199
1357807990
1357808319
1357808324
1357808567
1357808798
1357808981
1357808989
1357811933
1357809285
1357809444
1357809506
1357809523
1357809742
1357809818
1357812740
1357809852
1357810023
1357812929
1357810256
1357810422
1357810511
1357810586
1357810685
1357812330
1357810756
1357810772
1357810875
1357811397
1357811453
1357811470
1357811660
1357811834
1357811926
1357811954
1357811983
1357812148
1357812244
1357812256
1357812539
1357812756
1357812770
1357813049
1357815088
1357816046
1357817340
1357830511
1357849683
1357849689
1357850742
1357949100
1357976930
1358024365
1358100629
1358096403
1358096594
1358099267
1358099287
1358099865
1358100240
1358100450
1358121216
1358121225
1358125536
1358122691
1358122894
1358123016
1358123062
1358123082
1358123465
1358124530
1358123688
1358123801
1358123826
1358123846
1358123882
1358123918
1358124155
1358124165
1358124346
1358124518
1358124540
1358124567
1358124868
1358125545
1362258683
1362271173
1362275162
1362283573
1362299900
1362305134
1362335381
1362348113
1362378257
1362391001
1362436886
1362486332
1362563285
1364913661
1363105298
1397917013
1399450648
1399456346
1399458791
1399461889
1399464594
1399490630
1400017147
1400095960
1400115261
1400128009
1400247241
1400301940
1400313829
1405260678
1405338736
1405945015
1425993809
1425975105
1425933698
1409647356
1410109489
1410504533
1410584209
1410636601
1410711440
1410738461
1410870971
1410922240
1410933355
1410941527
1410960249
1410975064
1410994285
1411050675
1411095274
1411099761
1411515671
1411516602
1411518200
1411527685
1411536386
1411553469
1411612970
1411633799
1411635549
1411639041
1411655553
1411659168
1411668895
1412219081
1412225161
1412231640
1412253826
1412276445
1412302740
1412439473
1412463981
1412480743
1412523112
1367634929
1367634749
1367634845
1367635055
1367635434
1367635441
1367641924
1367642204
1367642211
1367642217
1367644445
1367643114
1367643285
1367643296
1367643504
1367643889
1367643927
1367644098
1367644256
1367644290
1367644539
1367644564
1367644833
1367644843
1367645042
1367655044
1367654014
1367654516
1367654843
1367654859
1367654946
1367654953
1367655277
1367655342
1367655551
1367655566
1367655621
1367656160
1367851966
1367883546
1367894918
1367923516
1367924914
1368006294
1368035430
1368033213
1368033951
1368034897
1368034968
1368035263
1368035974
1368036098
1368038234
1368036493
1368036503
1368036712
1368036969
1368040740
1368037585
1368037988
1416286643
1416291986
1416295267
1416308994
1416309759
1416341738
1416339964
1416367667
1416376738
1416373628
1416375285
1416408706
1416408721
1416409578
1416414780
1416425362
1416443312
1416465792
1416482402
1420175024
1421377770
1421690733
1421748203
1421755421
1423137371
1423651150
1423668452
1423718894
1423789632
1423804570
1424652385
1424954451
1426135595
1427006099
1427301507
1427316500
1427326930
1427373473
1427397989
1427715117
1428663433
1428665005
1430345700
1430857007
1430857784
1430857911
1430859165
1430861712
1430863939
1430893420
1430894794
1430897133
1430898889
1430900069
1430902522
1430906130
1430911812
1430912668
1430913001
1430913284
1431587720
1431774858
1431994268
1432025879
1432881394
1432882114
1432903199
1432885369
1433551113
1433822817
1434022372
1434050921
1434445072
1446886702
1481614371
1437489743
1446880989
1446877388
1439198662
1439331487
1439347962
1439353594
1439363097
1439366209
1439367220
1439370740
1439817937
1439816781
1440193595
1440200654
1440206278
1443709737
1443846685
1443877780
1444514893
1444516461
1445087292
1445440605
1446013172
1446233911
1448096434
1448097619
1448112831
1448110499
1448801178
1448803047
1449236385
1450429292
1450578783
1450656878
1450790059
1450802200
1450832861
1450916014
1450964929
1451540458
1451603147
1451655292
1451675310
1451747786
1381487193
1381518597
1381628174
1382059123
1382709509
1385645514
1385197175
1385571179
1385572128
1388361379
1388372953
1388411469
1388427705
1388438965
1388578087
1388805184
1388820747
1388839439
1388850799
1388864165
1388894277
1388922070
1388936574
1388952143
1389160326
1389180842
1389185841
1389196680
1389204404
1389293352
1389296374
1389306641
1389313230
1389317096
1389363424
1389368845
1389375199
1389661091
1390233073
1390242523
1390245631
1390243009
1390246032
1390243594
1390243614
1390244183
1390244671
1390244964
1390244972
1390245081
1390245339
1390245378
1390245547
1390246042
1390246235
1391149524
1391301117
1391308968
1391320594
1391325252
1392310074
1392337069
1392385778
1392431507
1393252124
1393270332
1393284362
1393320739
1447530299
1397679220
1397798815
1397867323
1397871596
1397886149
1397917013
1399450648
1399456346
1399458791
1399461889
1399464594
1399490630
1400017147
1400095960
1400115261
1400128009
1400247241
1400301940
1400313829
1405260678
1405338736
1405945015
1425993809
1425975105
1425933698
1409647356
1410109489
1410504533
1410584209
1410636601
1410711440
1410738461
1410870971
1410922240
1410933355
1410941527
1410960249
1410975064
1410994285
1411050675
1411095274
1411099757
1411515671
1411516602
1411518200
1411527685
1411536386
1411553469
1411612970
1411633799
1411635549
1411639041
1411655553
1411659168
1411668895
1412219081
1412225161
1412231640
1412253826
1412276445
1412302740
1412439473
1412463981
1412480743
1412523112
1412559056
1412569848
1412584683
1412598263
1412657935
1412671752
1412691965
1412728718
1412750759
1412780251
1412786338
1412790433
1412871209
1413326387
1413477830
1413597078
1413903504
1413977467
1414048005
1414097206
1414636103
1414673150
1414761850
1414802939
1415424816
1415446345
1415474217
1415481014
1415493415
1415507821
1415513968
1415521233
1415531832
1415539498
1415556650
1415558489
1415566765
1415569628
1415574895
1415581528
1415930802
1415940599
1415948038
1415960032
1415961404
1415980508
1416005386
1416015202
1416023301
1416041081
1416057014
1416060807
1416063608
1416068559
1416078635
1416258923
1416259161
1416259166
1416262281
1416281725
1416286643
1416291986
1416295267
1416308994
1416309759
1416341738
1416339964
1416367667
1416376738
1416373628
1416375285
1416408706
1416408721
1416409578
1416414780
1416425362
1416443312
1416465792
1416482402
1420175024
1421377770
1421690733
1421748203
1421755421
1423137371
1423651150
1423668452
1423718894
1423789632
1423804570
1424652385
1424954451
1426135595
1427006099
1427301507
1427316500
1427326930
1427373473
1427397989
1427715117
1428663433
1428665005
1430345700
1430857007
1430857784
1430857911
1318021393
1457917778
1034390983
1034557201
1180241632
1282125071
1307881258
1334809945
1043845309
1293489379
1373979123
1093910194
1283422103
1324890892
1038253081
1255028662
1296326704
1300230240
1328566812
1334864367
1379533251
1430797663
1444957896
1057422292
1267528475
1065536737
1275458756
1275558015
1309117183
1319179294
1334612846
1336742867
1447563455
1389178370
1412245767
1437017471
1447272398
1041290843
1050347371
1068280447
1180234225
1234107407
1250442059
1252159353
1253524729
1262648364
1282191478
1299659444
1302849267
1307654548
1307908073
1314003709
1341061176
1341393108
1379478474
1382120975
1089853817
1231566210
1411119900
1226989737
1448803047
1449236385
1450429292
1450578783
1450656878
1450790059
1450802200
1450832861
1450916014
1450964929
1451540458
1451603147
1451655292
1451675310
1451747786
1451779669
1451885365
1451891811
1451905349
1451923157
1452015277
1452044493
1452056392
1452062912
1453052633
1453048897
1453046799
1453823087
1453825084
1453827094
1456428817
1456436392
1456448022
1456455334
1456458105
1456467885
1456492393
1456503205
1457406153
1457965748
1458959301
1458972704
1459002602
1459017684
1459133877
1459144078
1459458022
1459506489
1459510849
1460568807
1460598617
1460603122
1460629462
1460639174
1460646630
1460664542
1461558759
1462377657
1462822672
1462849988
1378392940
1378393582
1378395220
1378399865
1378403960
1378417975
1379066017
1379079899
1379079904
1379079909
1379081574
1379086450
1379087944
1422984212
1423001167
1446849650
1528956098
1028479079
1073593942
1221994531
1309631791
1309779351
1312735426
1312753923
1319146474
1334812538
1336879427
1351361788
1372041818
1379256167
1389166663
1389170365
1389187991
1391312530
1412617738
1412622115
1412645154
1412711611
1460947461
1461328367
1075912162
1338227528
1529423921
1309564066
1407454789
1312396431
1312403999
1407430094
1010674155
1275542711
1300215008
1309754837
1268582065
1410878072
1221994507
1248039915
1312056589
1410759163
1410949995
1453973308
1478114165
1495998105
1495999502
1496002328
1496003874
1496006682
1496007082
1496007395
1496007697
1496007713
1498836545
1497859223
1497859820
1497862723
1497866905
1497869452
1497874840
1497884311
1497892086
1503299506
1504803491
1505046925
1505087999
1505108888
1505903306
1506061705
1506088769
1506365331
1506392464
1506428353
1506863044
1506895839
1506901436
1507046852
1507237771
1507525437
1507550629
1508024621
1508472204
1508523774
1508534533
1510867686
1510895300
1511975933
1512393492
1513466023
1515552058
1515581720
1515609269
1519989575
1529194555
1529493331
1549447303
1056042581
1369860780
1030235918
1055996864
1276614134
1275607169
1439814624
1263063860
1263064166
1263064516
1263065754
1268335320
1268335642
1268336943
1268337154
1268337515
1268337767
1268338576
1270067698
1325301625
1325302221
1325303191
1325303260
1325303407
1325304005
1325304135
1366767322
1366768018
1366768025
1366768187
1366768583
1366768973
1366769334
1028948545
1328555716
1241496139
1308604066
1274279787
1328474921
1328603420
1341277809
1341291018
1341349466
1341366253
1341401607
1341418049
1341431510
1033761371
1055621803
1221999442
1293214878
1309639304
1312421158
1341262038
1429454705
1062815445
1266663749
1285727276
1012418434
1232785943
1053191610
1321657773
1312422477
1321118772
1068391482
1068423082
1236450355
1241343534
1294588748
1306394740
1306402533
1325364040
1253956681
1268206034
1312350300
1462909262
1041304276
1321655659
1221999771
1253917408
1253928225
1253967143
1311529716
1388912228
1407435254
1407440752
1286317030
1252856642
1279619238
1309044020
1336894186
1380279484
1237591965
1279261395
1309649012
1433476134
1074182682
1325826229
1293991258
1295116778
1295145849
1295267188
1295276998
1295349582
1296693980
1297137004
1297977418
1297989343
1298273668
1429453412
1429454520
1429457090
1454557774
1236625158
1419793472
1267766522
1369843016
1048661554
1341381183
1446505977
1236313323
1236314524
1236314757
1236315038
1236315773
1236316288
1236316549
1267853453
1267854803
1267856146
1267858528
1267858592
1267861298
1267864957
1268364298
1268364613
1268364644
1268364663
1268365264
1268365355
1268365363
1446863877
1321118124
1014894218
1075181697
1220273969
1385779932
1410127302
1453950143
1037539055
1045872594
1236587298
1429653056
1062592175
1452731917
1076318632
1329453585
1329459553
1329463172
1225028150
1042420069
1056056158
1056260188
1306340011
1306343051
1328337895
1089070831
1237592509
1010677306
1055652648
1075183077
1075183967
1380637277
1446490926
1449103284
1237722915
1309769021
1462113424
1250838943
1309125411
1268455315
1436300724
1415469560
1035843785
1385669637
1415542104
1167032093
1221994170
1234094921
1236437989
1250525568
1250602134
1251545461
1253996015
1266780391
1266790132
1266795599
1267554725
1267594583
1267612114
1267703129
1268552958
1268563460
1268574044
1296310407
1300204349
1312033716
1312244885
1332253903
1358687417
1375096551
1375098688
1378387585
1378388220
1378392940
1378393582
1378395220
1378399865
1378403960
1378417975
1379066017
1379079899
1379079904
1379079909
1379081574
1379086450
1379087944
1422984212
1423001167
1446849650
1528956098
1444852067
1028479079
1073593942
1221994531
1309631791
1309779351
1312403999
1312735426
1312753923
1319146474
1334812538
1336879427
1351361788
1372041818
1379256167
1389166663
1389170365
1389187991
1391312530
1412617738
1412622115
1412645154
1412711611
1460947461
1461328367
1075912162
1338227528
1529423921
1309564066
1407454789
1312396431
1407430094
1010674155
1275542711
1300215008
1309754837
1268582065
1410878072
1221994507
1248039915
1312056589
1410759163
1410949995
1453973308
1279248485
1424954171
1221992119
1237779440
1334836876
1225055424
1225040568
1341341689
1075519886
1075525340
1075907070
1075912931
1268225222
1309740099
1329457343
1031884075
1241092498
1325510802
1343871187
1367635538
1028578619
1236176906
1308026266
1308031331
1356332967
1356333033
1367542222
1367543808
1388923743
1446903825
1014890182
1014901200
1512393492
1513466023
1515552058
1515581720
1515609269
1519989575
1529194555
1529493331
1549447303
1030235918
1056042581
1055996864
1275607169
1276614134
1439814624
1439817473
1313001213
1064447836
1332969137
1333015018
1313866684
1037909641
1221784548
1367146065
1340730487
1315021273
1033535461
1067466608
1309566021
1311231243
1343430160
1273905645
1293429102
1311025448
1347492567
1031487488
1240277210
1380355802
1304483224
1308002125
1308003471
1325890934
1327561672
1357406313
1357410435
1357809928
1357810850
1275353176
1447290775
1043936685
1221764115
1221767697
1221772944
1221775825
1221857531
1221865924
1221874154
1221878253
1221889456
1221902159
1243722977
1306357678
1306363212
1308001174
1308002225
1308005730
1308004814
1324745249
1357407602
1357409254
1357409637
1437421419
1366782464
1293726580
1437374502
1447357041
1441894320
1241468851
1267933208
1322366729
1371275288
1322323490
1235253224
1235254713
1235255792
1235256885
1235256909
1235256944
1235257241
1324466223
1324467760
1324467840
1324467860
1324467865
1324468261
1324468343
1441351482
1498783630
1498788781
1498799229
1498811124
1047526377
1256347633
1274040795
1321325948
1326505770
1327191620
1035047902
1222009540
1250459665
1250490894
1255956671
1293499075
1319307900
1326990553
1356818211
1375699233
1375845982
1432603274
1447346590
1309649012
1433476134
1074182682
1325826229
1343981405
1236650672
1293991258
1295116778
1295145849
1295267188
1295276998
1295349582
1296693980
1297137004
1297977418
1297989343
1298273668
1429453412
1429454520
1429457090
1236625158
1419793472
1267766522
1369843016
1048661554
1341381183
1446505977
1236313323
1236314524
1236314757
1236315038
1236315773
1236316288
1236316549
1267853453
1267854803
1267856146
1267858528
1267858592
1267861298
1267864957
1268364298
1268364613
1268364644
1268364663
1268365264
1268365355
1268365363
1446863877
1321118124
1014894218
1075181697
1220273969
1385779932
1410127302
1453950143
1037539055
1045872594
1236587298
1429653056
1062592175
1452731917
1076318632
1329453585
1329459553
1329463172
1225028150
1042420069
1056056158
1056260188
1306340011
1306343051
1365009905
1365011438
1089070831
1237592509
1328337895
1010677306
1055652648
1075183077
1075183967
1380637277
1446490926
1449103284
1237722915
1309769021
1309125411
1462113424
1250838943
1268455315
1436300724
1415469560
1035843785
1385669637
1415542104
1167032093
1028490289
1240451164
1263063330
1268352711
1325305301
1447560647
1015154325
1074188924
1322341784
1392573062
1455166222
1063906463
1236270912
1236271323
1236272123
1236272144
1236273472
1236273687
1236275268
1324747618
1324748296
1324748526
1324749350
1324749355
1324749441
1324749673
1415455537
1415932089
1415936790
1045191043
1318269852
1383877637
1050888855
1267485859
1357129417
1232447449
1307994161
1307995722
1307998320
1308504195
1357848467
1357848471
1357850363
1368077424
1368078096
1368080859
1065536343
1416030784
1235306533
1234108450
1246294146
1236412297
1254308742
1373852003
1382287358
1385873121
1056086509
1383726269
1037709667
1309022824
1243732322
1267821948
1268362061
1306348009
1306353662
1443303451
1250793050
1227362506
1351762009
1008118878
1010676008
1053512926
1076866273
1082162994
1213452005
1236419278
1248541314
1250624720
1252602383
1270664240
1281379534
1281386044
1288734844
1288739694
1240119631
1324663835
1311212047
1027209541
1028454182
1029396212
1437055773
1029401905
1441874427
1029803219
1460830812
1461012173
1240190817
1062033074
1441908378
1265273857
1322331808
1306680989
1297930655
1075535609
1075537253
1363611413
1364647878
1241535601
1305590119
1305603263
1324306089
1437289430
1035286534
1073585645
1083184524
1083194073
1083195513
1213724578
1214029253
1216647596
1221645322
1222123988
1222323141
1223777039
1234041698
1234044590
1234058369
1234337508
1234356904
1235283369
1235299457
1240093969
1240106452
1240185058
1240957199
1241553685
1248067641
1269087000
1269103459
1269937979
1270418410
1270842832
1271892052
1280559021
1324568868
1324568884
1333440408
1055701861
1232431907
1063207089
1326231381
1429456264
1041070469
1516109284
1443289585
1307990785
1307997520
1357849699
1357849704
1368076990
1368079324
1167055331
1222003964
1228665171
1256375731
1256384864
1325158743
1309970845
1353654292
1375777408
1410721487
1456378738
1322082624
1049550867
1216729237
1399554768
1276058585
1366261577
1373290312
1065826551
1014959811
1447552165
1282426205
1053601531
1027685075
1243722977
1306357678
1306363212
1308001174
1308002225
1308005730
1308004814
1324745249
1357407602
1357409254
1357409637
1367926668
1367926727
1367927263
1437421419
1366782464
1293726580
1437374502
1447357041
1306402533
1325364040
1327382668
1253956681
1268206034
1312350300
1462909262
1041304276
1321655659
1221999771
1253917408
1253928225
1253967143
1311529716
1388912228
1407435254
1407440752
1286317030
1252856642
1279619238
1309044020
1336894186
1380279484
1466811376
1237591965
1279261395
1309649012
1433476134
1074182682
1304362654
1325826229
1293991258
1295116778
1295145849
1295267188
1295276998
1295349582
1296693980
1297137004
1297977418
1297989343
1298273668
1429453412
1429454520
1429457090
1454557774
1236625158
1419793472
1267766522
1369843016
1048661554
1341381183
1236313323
1236314524
1236314757
1236315038
1236315773
1236316288
1236316549
1267853453
1356819434
1357410429
1357409158
1357848228
1357850545
1367926251
1367927553
1368076408
1368081130
1446876024
1067719414
1048330947
1274285633
1274290199
1280516732
1327081155
1427701120
1281349787
1281359567
1393480926
1293842942
1293862760
1012700161
1466814336
1220277088
1225014209
1077028622
1247685255
1339776290
1383394045
1383398350
1383709505
1383732176
1385594290
1426551623
1426554498
1435011075
1466811376
1406699828
1075506269
1075516672
1075910146
1075910808
1232152981
1401268925
1239297191
1306381880
1306388901
1324474638
1356817821
1356820245
1383400107
1282570804
1410899269
1420342955
1420366191
1436302144
1071067354
1083188872
1327189157
1283741692
1446512840
1392303138
1015259636
1037621617
1076475409
1361234133
1401274117
1065007053
1411335136
1236229958
1236230014
1236230591
1236230897
1236230990
1236231512
1236232844
1308005472
1308016227
1308018428
1308023683
1308026039
1308029319
1324304213
1324306910
1324307014
1324307284
1324307455
1324307468
1324308334
1356331713
1356332226
1356333090
1357408902
1357409167
1367543599
1367543604
1367546040
1367925858
1367927337
1221597224
1254035631
1274238545
1281334602
1295458611
1295554342
1313649278
1314892828
1315769656
1324287167
1326427085
1381159958
1313007120
1339776222
1415568832
1415932552
1371325758
1038286603
1240131048
1268253956
1307998320
1308504195
1357848467
1357848471
1357850363
1416030784
1235306533
1234108450
1246294146
1226381304
1236412297
1254308742
1373852003
1382287358
1385873121
1065536343
1056086509
1383726269
1037709667
1309022824
1327692760
1243732322
1267821948
1268362061
1306348009
1306353662
1327266059
1347649420
1347650174
1443303451
1250793050
1227362506
1351762009
1008118878
1010676008
1053512926
1076866273
1082162994
1213452005
1236419278
1248541314
1250624720
1252602383
1270664240
1281379534
1281386044
1288734844
1288739694
1298921345
1303463802
1369013475
1321543518
1322475055
1345903296
1358647915
1374674636
1390159171
1410825389
1410981966
1411112931
1499590204
1015668074
1044740921
1057612851
1306363739
1306353532
1306356539
1344613088
1363815741
1363831428
1441899509
1308738734
1022817218
1043095182
1076929142
1207570583
1207791426
1232302014
1234554155
1248591772
1250448151
1269536154
1270580981
1433617865
1443040937
1443049650
1478364456
1415101206
1250481191
1265287206
1291288266
1317224179
1331392009
1439272403
1439606599
1439697903
1509167694
1076928969
1322311412
1462337838
1462249231
1462365472
1462297923
1053494514
1065084718
1015482697
1015600632
1048655264
1018907050
1052177058
1211672819
1306369098
1306380322
1306380516
1306384407
1306388397
1306390982
1035615300
1053632862
1057298416
1057613391
1076929528
1077028333
1216728881
1274242020
1279236760
1297764794
1309663338
1309667589
1057014109
1075530325
1253461120
1312855971
1165416080
1227547539
1437466003
1453908664
1016780837
1363869536
1322702998
1363709442
1268783138
1046587680
1035010430
1053518399
1073432369
1077027579
1267402867
1267477883
1274274572
1274295399
1281341843
1281432159
1282122612
1291278557
1306367045
1309652731
1309657269
1309661042
1371007633
1371012764
1379847748
1379861747
1422405724
1422411737
1446722377
1449707400
1449765681
1018907565
1036400973
1267447891
1295296625
1296965703
1296993089
1303999633
1321358736
1363844130
1427739988
1429455584
1435670801
1306340661
1306342805
1306343656
1306391276
1306395412
1365009993
1365010355
1366918829
1226283071
1248609910
1250433533
1270585877
1298926708
1326993769
1322051775
1359961515
1459523914
1076500401
1098173909
1326479334
1344612595
1446512192
1437398829
1035009297
1249721291
1441868631
1083159559
1234344262
1432008405
1282616983
1027101336
1331267800
1308016739
1308021878
1356332775
1356333769
1367544306
1367544781
1034259915
1331337653
1459527848
1276853183
1224267431
1245406311
1040945571
1047011638
1292698670
1437036590
1069185075
1382414807
1382427827
1382437971
1382439579
1382458558
1382466338
1382468974
1382472969
1382985969
1382991464
1382992489
1335401848
1335412389
1317108987
1317109988
1317111025
1317224680
1335424288
1335422463
1335420652
1331388748
1364046732
1431918714
1371068716
1431000382
1441431020
1441431809
1441434929
1455929482
1455932118
1455933757
1457160961
1475734677
1031339541
1093727548
1452756543
1030851506
1053447301
1167062178
1053538470
1457606966
1029640023
1029944831
1318379103
1363858401
1441345137
1053619155
1435400369
1305594539
1305595245
1305601774
1305603736
1306373947
1306379753
1388411797
1388415341
1388416416
1388423837
1441342401
1442394097
1453909352
1030653384
1035273636
1262605384
1048279828
1048665616
1435890381
1026254444
1071858476
1076140164
1262601523
1036053589
1032034858
1218940121
1306391690
1306394206
1366918381
1446865102
1446864329
1015206842
1437236676
1033276903
1363871722
1025863599
1069176144
1207851974
1270724069
1272344693
1289436706
1333001260
1393122852
1440968631
1451714126
1023130415
1363705179
1384857207
1040935471
1073870928
1293204096
1456847800
1069182945
1220274074
1035242830
1041276944
1014425628
1015260408
1015537308
1437254365
1072988820
1076927949
1077026853
1223854650
1248578483
1252558626
1270720936
1306350515
1306357641
1306359874
1306360343
1306364328
1306365769
1331340997
1331348521
1488296393
1268252194
1282593735
1316708259
1357913929
1357947772
1363731305
1408010715
1423716848
1429444729
1429444238
1393122505
1423674756
1459521691
1053607576
1033288056
1041272707
1306136926
1306342624
1365010935
1365009718
1446859578
1465131310
1023173581
1035564901
1218085690
1221579296
1222060420
1222114673
1245615482
1250485934
1261011642
1278477611
1278481368
1278484108
1288747206
1291213190
1326548821
1344613647
1393121513
1443043326
1451686815
1053656546
1313942910
1363744191
1366050102
1036547508
1053514106
1276187191
1081366061
1217703677
1359724874
1318706606
1306368488
1306373140
1306377289
1306378742
1261064226
1268974766
1306360427
1306368531
1371016176
1371022433
1227556795
1015537278
1023174371
1076926136
1216721185
1265280116
1431976256
1363834770
1364500094
1364503429
1405148055
1364962733
1077026429
1253533028
1053448271
1015668074
1499590204
1044740921
1057612851
1306363739
1306353532
1306356539
1344613088
1363815741
1363831428
1441899509
1308738734
1022817218
1043095182
1076929142
1207570583
1207791426
1232302014
1234554155
1248591772
1250448151
1269536154
1270580981
1433617865
1443040937
1443049650
1478364456
1415101206
1250481191
1265287206
1291288266
1317224179
1331392009
1439272403
1439606599
1439697903
1509167694
1076928969
1322311412
1462337838
1462249231
1462365472
1462297923
1053494514
1065084718
1015482697
1015600632
1048655264
1018907050
1052177058
1387311872
1030848835
1035273582
1220263446
1273372415
1466073489
1057302997
1292684957
1363653881
1445048169
1268461269
1270837970
1292159153
1274979513
1263510085
1364646774
1368494373
1374091471
1448247953
1297818780
1368497980
1373810716
1379843656
1379844877
1454660947
1454661361
1305960904
1325298275
1354113772
1362090392
1362498326
1362498526
1362500188
1362647594
1362647686
1362648090
1371023860
1371024398
1371025614
1371064093
1371064958
1371066135
1441431508
1441432185
1441432421
1453924456
1455929398
1455934681
1455940255
1458472090
1458472716
1458473366
1292687653
1073433145
1039670360
1466070358
1263511901
1452056917
1305650145
1306683670
1073431036
1264843485
1264850864
1264867682
1274973051
1303345028
1312079609
1321763337
1321790849
1412239052
1457610243
1457767109
1253582327
1308738542
1308739056
1308795208
1335404883
1317110781
1317110808
1318154244
1335428415
1335424317
1326488842
1512638378
1362500227
1362500664
1362500710
1362649051
1362649082
1362650066
1371025576
1371026388
1371026916
1371030476
1371032779
1371064414
1371065520
1371066158
1371066592
1371067314
1393120297
1415732514
1441434132
1441432578
1441432593
1441433673
1441434338
1455928114
1455929770
1455930368
1455936872
1455939848
1337780422
1453943096
1053618686
1220269551
1251248667
1268932245
1305967794
1324391645
1263512156
1265277564
1265279220
1308738597
1308740150
1308740363
1308795696
1308795794
1308795856
1316330881
1335401848
1335412389
1335413423
1317108987
1317109988
1317111025
1317224680
1335424288
1335422463
1335420652
1331388748
1364046732
1431918714
1371068716
1431000382
1441431020
1441431809
1441434929
1455929482
1455932118
1455933757
1457160961
1475734677
1031339541
1093727548
1452756543
1030851506
1053447301
1167062178
1053538470
1457606966
1029640023
1029944831
1318379103
1363858401
1441345137
1435400369
1053619155
1305594539
1305595245
1305601774
1305603736
1306373947
1306379753
1388411797
1388415341
1388416416
1388423837
1441342397
1442394097
1371030774
1371032054
1371066910
1371067258
1371067294
1371071029
1371070952
1387284894
1392767492
1441432605
1441432807
1441432979
1441433077
1441433950
1453917766
1455929102
1455930653
1455933463
1455934048
1458474448
1459225172
1446704674
1484900323
1496104093
1372107221
1312770846
1374533487
1041278176
1445126850
1360330030
1324020005
1484905034
1485850930
1503764951
1523901648
1263511174
1068479448
1393120256
1320918112
1282586167
1515113301
1336859383
1274165597
1317796700
1028196933
1059660742
1292355842
1364654731
1301951196
1371047194
1436219258
1446320834
1342777199
1380417939
1446860387
1452226918
1462977642
1484901325
1515711686
1336861407
1337784573
1342583223
1445866489
1485683528
1452225160
1514356073
1514387618
1548418734
1445841203
1484900419
1542201927
1425990642
1271744411
1032685318
1278021327
1366185385
1048544720
1005822798
1012029795
1288980495
1054027727
1055986610
1056700817
1054049371
1051306535
1055996684
1056100280
1079059747
1079367870
1281617923
1046509130
1063917225
1311189939
1372754467
1367153665
1033015262
1060973948
1073870928
1221620904
1227086751
1228246715
1230623619
1230635752
1236334055
1236650672
1245627548
1262938841
1263065445
1270717243
1294589633
1298588242
1308795696
1312455112
1313532618
1315381514
1316861296
1316879670
1316935932
1335408873
1335413423
1318756113
1324311211
1324481613
1324593145
1324593315
1325832583
1325832679
1325894106
1325932415
1357808319
1358124518
1379086472
1435500255
1443642080
