1432035034
1416074704
1267658503
1251002
1065327878
1282105854
1433438132
1241277689
1081149027
1090126313
1226675531
1052259588
1461459868
1376882923
1162665256
1221589
1507306453
1014111964
1397340572
1259231082
1266319609
1158135688
1302278314
1166054864
1425085380
1475575622
1278325551
1224092410
1277838164
1076499418
1110391310
1146879319
1259150605
1437428251
1186068355
1050853236
1186461454
1181338567
1434481794
1252471278
1076767835
1085902732
1120458166
1212867
1078468172
1268647849
1051039476
1513780150
1005558169
1475580828
1103004185
1362823300
1399009962
1290723898
1275691935
1098462998
1479339704
1211314987
1227692830
1400735967
1432035034
1416074704
1267658503
1251002
1065327878
1282105854
1433438132
1241277689
1081149027
1090126313
1226675531
1052259588
1461459868
1376882923
1162665256
1221589
1507306453
1014111964
1397340572
1259231082
1266319609
1158135688
1302278314
1166054864
1425085380
1475575622
1278325551
1224092410
1277838164
1076499418
1110391310
1146879319
1259150605
1437428251
1186068355
1050853236
1186461454
1181338567
1434481794
1252471278
1076767835
1085902732
1120458166
1212867
1078468172
1268647849
1051039476
1513780150
1005558169
1475580828
1103004185
1362823300
1399009962
1290723898
1275691935
1098462998
1479339704
1211314987
1227692830
1400735967
1432035034
1416074704
1267658503
1251002
1065327878
1282105854
1433438132
1241277689
1081149027
1090126313
1226675531
1052259588
1461459868
1376882923
1162665256
1221589
1507306453
1014111964
1397340572
1259231082
1266319609
1158135688
1302278314
1166054864
1425085380
1475575622
1278325551
1224092410
1277838164
1076499418
1110391310
1146879319
1259150605
1437428251
1186068355
1050853236
1186461454
1181338567
1434481794
1252471278
1076767835
1085902732
1120458166
1212867
1078468172
1268647849
1051039476
1513780150
1005558169
1475580828
1103004185
1362823300
1399009962
1290723898
1275691935
1098462998
1479339704
1211314987
1227692830
1400735967
1432035034
1416074704
1267658503
1251002
1065327878
1282105854
1433438132
1241277689
1081149027
1090126313
1226675531
1052259588
1461459868
1376882923
1162665256
1221589
1507306453
1014111964
1397340572
1259231082
1266319609
1158135688
1302278314
1166054864
1425085380
1475575622
1278325551
1224092410
1277838164
1076499418
1110391310
1146879319
1259150605
1437428251
1186068355
1050853236
1186461454
1181338567
1434481794
1252471278
1076767835
1085902732
1120458166
1212867
1078468172
1268647849
1051039476
1513780150
1005558169
1475580828
1103004185
1362823300
1399009962
1290723898
1275691935
1098462998
1479339704
1211314987
1227692830
1400735967
1432035034
1416074704
1267658503
1251002
1065327878
1282105854
1433438132
1241277689
1081149027
1090126313
1226675531
1052259588
1461459868
1376882923
1162665256
1221589
1507306453
1014111964
1397340572
1259231082
1266319609
1158135688
1302278314
1166054864
1425085380
1475575622
1278325551
1224092410
1277838164
1076499418
1110391310
1146879319
1259150605
1437428251
1186068355
1050853236
1186461454
1181338567
1434481794
1252471278
1076767835
1085902732
1120458166
1212867
1078468172
1268647849
1051039476
1513780150
1005558169
1475580828
1103004185
1362823300
1399009962
1290723898
1275691935
1098462998
1479339704
1211314987
1227692830
1400735967
1432035034
1416074704
1267658503
1251002
1065327878
1282105854
1433438132
1241277689
1081149027
1090126313
1226675531
1052259588
1461459868
1376882923
1162665256
1221589
1507306453
1014111964
1397340572
1259231082
1266319609
1158135688
1302278314
1166054864
1425085380
1475575622
1278325551
1224092410
1277838164
1076499418
1110391310
1146879319
1259150605
1437428251
1186068355
1050853236
1186461454
1181338567
1434481794
1252471278
1076767835
1085902732
1120458166
1212867
1078468172
1268647849
1051039476
1513780150
1005558169
1475580828
1103004185
1362823300
1399009962
1290723898
1275691935
1098462998
1479339704
1211314987
1227692830
1400735967
1432035034
1416074704
1267658503
1251002
1065327878
1282105854
1433438132
1241277689
1081149027
1090126313
1226675531
1052259588
1461459868
1376882923
1162665256
1221589
1507306453
1014111964
1397340572
1259231082
1266319609
1158135688
1302278314
1166054864
1425085380
1475575622
1278325551
1224092410
1277838164
1076499418
1110391310
1146879319
1259150605
1437428251
1186068355
1050853236
1186461454
1181338567
1434481794
1252471278
1076767835
1085902732
1120458166
1212867
1078468172
1268647849
1051039476
1513780150
1005558169
1475580828
1103004185
1362823300
1399009962
1290723898
1275691935
1098462998
1479339704
1211314987
1227692830
1400735967
1432035034
1416074704
1267658503
1251002
1065327878
1282105854
1433438132
1241277689
1081149027
1090126313
1226675531
1052259588
1461459868
1376882923
1162665256
1221589
1507306453
1014111964
1397340572
1259231082
1266319609
1158135688
1302278314
1166054864
1425085380
1475575622
1278325551
1224092410
1277838164
1076499418
1110391310
1146879319
1259150605
1437428251
1186068355
1050853236
1186461454
1181338567
1434481794
1252471278
1076767835
1085902732
1120458166
1212867
1078468172
1268647849
1051039476
1513780150
1005558169
1475580828
1103004185
1362823300
1399009962
1290723898
1275691935
1098462998
1479339704
1211314987
1227692830
1400735967
1432035034
1416074704
1267658503
1251002
1065327878
1282105854
1433438132
1241277689
1081149027
1090126313
1226675531
1052259588
1461459868
1376882923
1162665256
1221589
1507306453
1014111964
1397340572
1259231082
