927422
835967
609023
802369
644169
609019
598630
1246612995
1388346344
754114
1302657476
802362
1338915
1384232132
1332506
1332511
802355
1052722530
1036576622
1091314573
629361
552418
1359137969
1143882
1262945514
1349347151
1295276901
629376
754116
1017150006
1374387287
1267941689
1150422221
1443325066
1328154708
629368
1374362475
1147941242
1045730739
1016104827
1267418073
1453169524
1075275466
1247494113
1016105502
1255033606
1333221832
1261513510
1030719700
1132599149
1434286781
573072
629359
1253960969
1091556289
730451
743821
1445753420
629371
1332475
1030719328
1332484
1139076072
1017878802
1106669689
1037131369
1332490
1240932850
1447536886
743811
1392145071
1018122682
1190597179
1339096621
1062598180
1461384482
1502191765
1332488
1117861202
1121603325
1076079436
1461973732
1020375603
1358611176
1332494
573069
1398798528
1412194232
1379189103
1178381907
1227957721
1020827243
1086716751
1160775258
1023321240
1204551563
1356386363
1213472002
1179160804
1063874885
1443055670
1215780718
1241530919
1445787191
1519689458
1332497
1181027227
1527639072
1121611729
1525892490
1020755259
1387232293
1421347323
1225618160
1023323347
1101317106
1318795503
1502141198
1242552546
1271720375
1300342207
1435578867
1522338389
1396810937
1462049848
1462800093
1505200313
1076000074
1135622312
1170230087
1225489252
1283345676
1335364413
1380873926
1447322708
1522931468
1530177667
1204587346
1428852813
1434521069
1466716795
1121606040
1136039384
1117312081
1158153833
1435222828
1101182387
1117264993
1233189972
1234838580
1374368381
1434497425
1481666235
1481379327
1481659306
1502124924
1512016356
1116420194
1116686243
1158153706
1178382918
1194515573
1273267331
1276674154
1408553329
1448221697
1356222249
1387412613
1198648498
1312022591
1457087296
1179162180
1199726670
1019980267
1095693066
1204540448
1204608352
1249158674
1258604019
1259205752
1282404099
1356401921
1463044612
1503355236
1020776895
1038538544
1130536495
1153900241
1198504435
1283360108
1316720315
1335905476
1374379187
1374802540
1384745387
1391188279
1408587759
1422432446
1427111738
1427518793
1430464388
1434034261
1459815380
1460706489
1481421662
1516326410
1518928010
1519060350
1522949527
1546286088
1525857079
1528968498
1552232550
1552254900
1553081382
