387017
608988
387011
1232725164
856196
1061119369
730387
591662
1519186655
598696
879762
1288961005
972890
835963
1437491671
791301
1063454922
749047
1024965
672533
749050
1495273432
1428798
749056
598649
1100992901
598655
1028819754
672538
1504285194
743796
1335865577
1335974399
1497219137
1523013788
1111145685
1014384346
1016115182
1465420642
1060243462
703445
1021887191
1470439557
1001945053
1094488660
1299708583
1111696081
1436965
1112063351
1111669892
1503350853
703439
1025237417
1335988978
1002624097
1315390977
1475913190
1298733995
1438907717
1523365763
1299627157
1299726476
1516834505
1112065437
1387955678
1299652460
1457210
1435654746
1445025627
1515790220
785745
1016285834
1017958992
1077668230
1255184936
1435482105
1437450553
1438564615
785746
1038586760
1335981749
