708466
1354050
1110018
1323115
1306629
1029276412
1206160
1323120
772369
1292447
1256418
1204577522
1116016
1259732
1270365464
1323129
1323128
1245602870
1273327947
748930
708465
1147319
1147397
856203
1256988
1245603629
1306635
1206166
1147335
1259726
1206140
1398859259
1394536203
1206190
1179878464
1231950648
1490039945
1460959241
1445401255
748936
1090859583
550123
1245602524
1105752142
1112121331
1394502020
1475457983
1206167
1449354460
1039915176
1206162
1026947918
1024686487
1523886807
1470793106
1098436199
1107285614
1012550264
1306630
1165202
1492968299
1399003221
1465417913
1455525902
1208504021
1012172202
1469921145
1460217858
1063706133
1245603685
1007951292
1520484115
1116449767
1206189
1449251482
1245603642
1211358319
1185470635
1107344237
1098435779
1007022888
1462350761
1035354374
1073374067
1103641489
1107308076
1104443726
1421317367
1457136196
1018665768
1024581487
1180212462
1107353703
1130654053
1212567035
1411139113
1026427270
1004782442
1025428718
1107381322
1218523915
1212572218
1252739337
1455030544
1364774668
1185473975
1510774375
1194288835
1520538564
1450330026
1011685685
1093680933
1139123746
1025300311
1104338461
1121473275
1499077197
1206170
1107308700
1093705710
1105247823
1286322
1104312280
1107391837
1180405513
1511186022
1108374517
1099671160
1104346996
1026937918
1106408129
1249319840
1210566855
1207074808
1195835935
1491146499
1230473429
1107337271
1107604600
1466974664
1104250582
1455840621
1123237245
1501292746
1134903956
1512678515
1151305910
1520647486
1231630670
1149538281
1104771664
1450403467
1224417402
1454355556
1116737498
1491172599
1104279369
1020145254
1106424869
1026427442
1151318054
1149521406
1429824238
1230646052
1480518573
1100672105
1339094880
1104270379
1026427413
1104281783
1026427898
1104323971
1026937754
1506284674
1104423011
1339071398
1104435389
1035331179
1149520000
1105121601
1105883402
1105937498
1106267544
1115347046
1229468998
1494176162
1106479742
1212457280
1211714850
1447679489
1108308261
1245602896
1245603931
1135967378
1106497978
1340268960
1130633126
1130665122
1131201367
1486816598
1131760128
1526066212
1069877552
1490635548
1180400925
1004695939
1208792216
1224168973
1493347524
1224497471
1182429174
1144862140
1005071064
1057571913
1231575864
1247988276
1205775670
1162098
1023470399
1023471918
1345238
1248212311
1435742815
1004695485
1026426979
1425928138
1026427351
1026428078
1516582937
1234431719
1210352767
1024359832
1479979373
835966
835965
835964
1554457464
