1497677981
1513879847
1212469967
1484346926
1333577082
1476948220
1531727622
1481025549
1531660920
1467306337
1531664210
1316683809
1546152578
1514367220
1304556351
1479193649
1516604906
1523418620
1529099633
1461308
1255726083
1475823906
1534612728
1484329198
1513308699
1460794467
1257551726
1086908095
1152538390
1489049770
1261486186
1510485716
1316250806
1531953103
1481492726
1091119618
1180006548
1488476771
1546151766
1130409294
1546151359
1150974965
1484132907
1448834076
1459806345
1335480070
1531663889
1235825440
1523947067
1526541440
1313109097
1474739882
1419542285
1166663203
1447314254
1466706721
1464983942
1534218477
1228905834
1501473863
1248174446
1090637243
1531284724
1242640044
1494884476
1226572249
1091115327
1531758332
1245565619
1527926680
1209887693
1444574601
1276925605
1483988265
1476943342
1509702944
1532022454
1472041043
1252838301
1474030701
1477319253
1499514972
1537174970
1474313541
1519216593
1299960328
1329653776
1483660947
1477821782
1533756533
1309981994
1458868227
1517740544
1233257475
1309328649
1334920323
1484687108
1535213665
1204870192
1493816767
1490959162
1523991992
1021420070
1286898402
1446609382
1535345479
1478477460
1279233048
1426998463
1387618905
1477360267
1180714639
1462550620
1537224851
1187763675
1283696407
1157266121
1463961443
1329652861
1492691991
1243787575
1298539836
1484960098
1532526405
1158826545
1255264929
1524767728
1411129509
1163575027
1178359838
1372500180
1466219199
1467396308
1499204991
1466680946
1501149645
1511059948
1032437104
1077090470
1351340626
1477082040
1125759171
1253703590
1480785158
1535019891
1156491162
1259383876
1498618626
1529097199
1540068511
1171563336
1495364732
1315058480
1509837439
1511589214
1466903293
1533738437
1535001932
1314147822
1308825026
1016842254
1515797197
1524927286
1497581013
1514349764
1463026286
1533192258
1305242091
1505071890
1324317123
1486509482
1486540940
1503406202
1244052611
1453009715
1372285284
1480318997
1478592850
1087007219
1506541888
1247077004
1516587303
1493010842
1277910746
1412212536
1495251029
1257633630
1533975149
1253856076
1501872580
1532000413
1227715941
1234447017
1461632227
1091144901
1324919470
1532505052
1352835327
1113661858
1497498824
1529393960
1461636922
1493155832
1494071988
1336775861
1344739173
1522174544
1525662714
1536891971
1498900355
1076328292
1408494504
1522409079
1296628173
1508838336
1111382246
1217862539
1479405804
1490045984
1526443204
1470633210
1518870601
1520537113
1523097114
1299850632
1084186346
1482248499
1492067781
1498921176
1159662783
1300016299
1471920358
1504451149
1531566393
1048926932
1498802789
1504065190
1254407965
1366525817
1505963345
1516884675
1534692409
1472713803
1484968092
1526355796
1315119543
1504288737
1524910433
1240179022
1534292215
1444149866
1477565833
1482378900
1510713873
1084686526
1474358040
1525079745
1479292382
1521784130
1461046153
1465932716
1478611813
1504454472
1373829683
1529105505
1529302205
1262783856
1524915400
1500626474
1487144682
1330085649
1496628527
1445647742
1033690268
1333820258
1411943064
1442224015
1271286826
1535753240
1480661606
1345766638
1476529375
1339072086
1516563805
1328641216
1487313836
1040028376
1315346623
1339662856
1312579071
1475321027
1339596870
1502094223
1404116986
1529085371
1520006993
1279608368
1422126493
1495665101
1330352837
1217940679
1208875786
1275544414
1034726037
1315007689
1333122893
1233218817
1248551818
1280910038
1268699232
1308656105
1401535421
1240181401
1495951745
1360445089
1040548014
1053536661
1324606705
1327196734
1392414923
1059389073
1384234376
1421315578
1269481422
1279224772
1337835697
1513126513
1339906853
1283067552
1332983134
1334320634
1274616989
1041737982
1471959164
1480448730
1162778713
1489462254
1522936255
1401322632
1361243800
1351516132
1491931240
1483475425
1049623594
1398563437
1334951702
1502576871
1366626446
1485049563
1348853549
1382035869
1332774305
1031131338
1375833492
1370072733
1341842081
1119933143
1305998936
1281181834
1495834407
1504101312
1518256446
1327145610
1459803918
1010516443
1328989449
1033596581
1374210472
1465959985
1510262998
1512088247
1088266026
1111939581
1160751090
1198077864
1312493702
1268614342
1323626375
1522102971
1522145628
1034679661
1084655984
1424324949
1486323840
1538407693
1354779892
1216834317
1469754764
1546618081
1032501554
1040406658
1240975619
1533317225
1536553086
1299849772
1427288418
1049138329
1374363684
1305958326
1331060283
1439650826
1534314720
1537244421
1185033654
1198450606
1268984900
1276711477
1486126139
1286598868
1361276501
1460271553
1460756538
1498906
1515338926
1016905846
1060849479
1402888937
1471641288
1531979839
1145012560
1412322641
1081962060
1471641288
1112599192
1511059943
1515338926
1016905846
1060849479
1339495312
1402888937
1531979839
1145012560
1154693667
1255290130
1282137984
1321810506
1479438982
1536553315
1040567174
1049255951
1172381077
1351105041
1406638602
1437184030
1487705271
1509396837
1299849772
1014601220
1230119930
1383329598
1426399049
1523991995
1077218556
1232181794
1242762104
1485723719
1519167378
1252166817
1315011761
1328148772
1475342146
1477709790
1499438155
1519988061
1527716479
1330448453
1532836178
1208032975
1331814146
1452763267
1472573104
1480445045
1514772528
1037513213
1122601258
1254043482
1303931051
1332820617
1389711233
1474648316
1180772721
1424323610
1195528699
1249963137
1361274093
1330329734
1411945896
1508513797
1529086027
1478939509
1022523638
1026077413
1036260368
1041350759
1113953243
1125893246
1253437955
1348250551
1368221430
1495161438
1038232298
1299949342
1304777483
1331304852
1381312659
1405806560
1412227890
1434283409
1035197379
1354825184
1470919256
1484822218
1495247477
1035633412
1106492423
1052665096
1061861566
1179136766
1251179495
1272001491
1294731334
1008461419
1309444969
1366019156
1375222206
1397432816
1417836807
1529041212
1473269683
1476082630
1041338871
1219077264
1239564728
1303284545
1341689567
1376915850
1412220278
1396759275
1476050869
1483077374
1034685737
1022793462
1505171730
1522956497
1036057225
1035344260
1077218747
1271991579
1016327874
1040406946
1053478191
1105615074
1173482301
1322966081
1347644317
1384984007
1447746325
1473474454
1484342679
1376826395
1057532626
1182817084
1287348658
1299700506
1309050514
1337722507
1363291619
1399030761
1430306272
1434263422
1456409559
1011900062
1207981200
1023073631
1033410170
1046452543
1052589409
1253465646
1310280010
1315258773
1370241336
1345759620
1351032112
1220602392
1397282234
1242429866
1243134866
1262551455
1306369823
1320947252
1324543137
1360780472
1378903081
1378807208
1424813465
1278268470
1286485381
1294780003
1317756976
1366485291
1337728432
1207995717
1324145335
1378903081
1220602392
1278268470
1282844958
1286485381
1294780003
1317756976
1341822968
1366485291
1374185211
1382031455
1401225800
1347782550
1366416338
1373758143
1440260661
1472075250
1475336807
1500035514
1022522399
1059432986
1207980007
1309054430
1330486199
1347610621
1354427473
1394624489
1016326793
1033248264
1040967984
1047162983
1048987844
1072980832
1097101238
1144796613
1164852259
1174852582
1222960499
1242479463
1247168840
1252531597
1257359180
1272004741
1393751196
1309986985
1330385172
1337477582
1341900184
1346208885
1351235568
1357614755
1369716179
1380241293
1394718170
1419744115
1438593849
1460700223
1019726246
1033759969
1045123114
1234586005
1333017202
1352605885
1378711154
1426410854
1540350734
1267550793
1293774673
1470586651
1035030035
1311398487
1285846103
1288798570
1374711891
1456624458
1517971888
1263592080
1271161149
1305533023
1018338158
1418190576
1341089165
1337216234
1016686951
1056255653
1043128471
1059528782
1418124586
1315461127
1328716142
1331858348
1368107450
1469981491
1474280082
1002566120
1006965600
1012595906
1012950336
1015480779
1015889366
1028594246
1452080269
1031828231
1033617138
1048708677
1042397850
1045694007
1058150395
1058835378
1058648504
1067688163
1075538063
1075593494
1078535467
1079093244
1099244178
1126678863
1058835378
1058648504
1067688163
1075538063
1075593494
1078535467
1079093244
1099244178
1126678863
1187901124
1210999446
1213363226
1224984869
1266809221
1227478305
1230009454
1264748090
1233096691
1234274673
1249865576
1257293053
1261242284
1262308033
1264828907
1268770715
1268873097
1273484782
1283959505
1283969098
1284057221
1289180524
1291123203
1293555879
1333119499
1297482433
1299879601
1301929172
1303713291
1305465717
1305658739
1307198577
1536269743
1307867952
1311388702
1312167769
1314686061
1315175621
1320880801
1320933559
1326517014
1328714704
1329029609
1329973775
1330233350
1333372788
1333765049
1335782870
1387618928
1337717573
1337717586
1360427017
1366330068
1366798526
1372382534
1374752387
1375555448
1375986416
1376926669
1377028477
1378532049
1378807843
1379535138
1380402555
1380928810
1381821786
1383088830
1383929150
1389664207
1389864890
1394314121
1399446413
1408075408
1409415922
1411762462
1416399528
1417393050
1418174600
1423536310
1424170165
1433505423
1434352294
1434375706
1434379840
1441400160
1446505594
1456704159
1460030953
1460642842
1460654865
1461840074
1470919272
1475824177
1483563667
1500812208
1505566727
1182354294
1266981835
1038626709
1046679060
1293596426
1332015914
1349609249
1395013881
1016213636
1500471235
1257268611
1033757645
1253608414
1224824055
1274993605
1232868943
1293596426
1332015914
1349609249
1395013881
1016213636
1046679060
1500471235
1257268611
1224824055
1469801743
1033757645
1253608414
1274993605
1322371322
1441173225
1467417579
1329337869
1269382441
1338169459
1506956095
1532148344
1341494415
1495884637
1026837093
1262213908
1271303100
1410575213
1470881098
1040936528
1489865564
1499661452
1271989202
1337244678
1476228234
1250898596
1335459474
1462992877
1468287614
1492420601
1516981768
1040932873
1211319224
1257050038
1309921600
1324718562
1361289770
1389994095
1427243121
1430733017
1485322672
1503721840
1512051694
1528797885
1537635935
1034140762
1256439620
1361297084
1322827054
1338398413
1472618319
1480485768
1492809660
1508832618
1511971626
1523633703
1529998022
1532310774
1237962824
1238813572
1247020656
1312547873
1376928871
1415711104
1424153119
1461094198
1486141146
1506145862
1525591455
1532760806
1533888840
1536889328
1539722735
1016487387
1049661709
1464340785
1477802678
1486198468
1525468778
1525500141
1533985579
1495061
1084765401
1113882008
1214179290
1267531283
1283736727
1396760048
1456372130
1489898449
1491933133
1498561391
1503722066
1506053374
1516358309
1528276733
1529356012
1533564943
1544879577
1090044304
1209758818
1229775091
1231350029
1245151338
1252401330
1269962309
1271989212
1292016991
1308831742
1315462506
1529356012
1533564943
1544879577
1090044304
1209758818
1229775091
1231350029
1245151338
1252401330
1269962309
1292016991
1308831742
1315462506
1383927413
1385917205
1463826595
1469475867
1471447925
1474408116
1478987001
1499190630
1500190735
1502237928
1506111015
1507109308
1508583290
1509971591
1513936775
1517351002
1517745300
1521753034
1522124916
1524024554
1528908376
1531953477
1531953487
1538025074
1540858843
1542794363
1546469792
1546667016
1049431520
1221638829
1247523306
1247753003
1292703263
1300454711
1396055566
1336474968
1396264439
1398818102
1421415191
1424337344
1432957113
1461636449
1478075098
1480291468
1491045109
1495550941
1505281439
1268492068
1270282364
1295308621
1299716936
1305439389
1396055566
1335456292
1346194842
1352528123
1352598120
1354173123
1360752408
1383352193
1389874502
1397343161
1402148295
1419651257
1429246589
1432002524
1432970863
1434000460
1435765114
1439212215
1445363953
1447588783
1453450668
1457283270
1457398101
1471529464
1472866327
1477800418
1478032216
1480159509
1480472785
1480592127
1481174551
1482572333
1492097960
1495159421
1503815272
1501603100
1504100996
1504104191
1505959519
1507390599
1507853222
1508005923
1509237312
1511694062
1520669012
1521475715
1521526998
1521948046
1521993687
1522142905
1522592051
1527807746
1529148302
1529173423
1533269000
1534499447
1535637002
1537413651
1537988188
1538025074
1033989426
1061428905
1064478252
1076833286
1077218405
1217255676
1257030187
1282718121
1283873633
1288866089
1317873485
1327248851
1341210922
1343304062
1366679639
1424949130
1405733501
1486245263
1486487790
1499014661
1507801055
1526294992
1533988816
1540480182
1027630884
1052303645
1287049149
1311611329
1376311421
1376923529
1412132535
1451536685
1460030748
1491223548
1494850101
1507341528
1508251358
1522111490
1525023006
1525076819
1532003086
1534243627
1030326065
1033176691
1037666573
1121843580
1210685742
1237608539
1249812221
1263937648
1290617649
1298012480
1299988489
1308036217
1315073069
1534243627
1030326065
1033176691
1037666573
1052303645
1121843580
1210685742
1237608539
1263937648
1290617649
1298012480
1299988489
1308036217
1315073069
1317770289
1322527103
1322927108
1346933105
1353561785
1488440068
1376923529
1395071455
1398338802
1423687620
1424189520
1431885041
1461050801
1463211097
1468183549
1472922295
1474078398
1492867403
1492263962
1493499539
1493635250
1493804621
1495182154
1505957785
1508312073
1508679827
1509452215
1509556851
1511302278
1511442057
1513947341
1517981947
1522164231
1525314284
1527329513
1527620066
1527792161
1528252117
1528822488
1531954451
1532305715
1532314234
1535596621
1536598061
1541768105
1541812474
1333167206
1333885447
1358049190
1540934018
1381914296
1384064018
1388869918
1389750511
1400577854
1405018138
1405427289
1410805760
1411143731
1415331875
1417353393
1422805681
1424335625
1427419982
1431890653
1446671115
1457467866
1461850141
1469752022
1473748165
1478313827
1478798310
1480100593
1480146259
1481402890
1486279985
1495642432
1511062394
1513310109
1513947341
1516523340
1521531426
1521914222
1521934145
1521942147
1522245088
1523356551
1528819350
1530797722
1532310290
1536063191
1536067446
1536218321
1540262885
1541529113
1542496198
1032060735
1126588805
1130560839
1180113373
1241021434
1246380655
1267489753
1269931537
1279652506
1282704230
1532310290
1536063191
1536067446
1536218321
1540262885
1541529113
1542496198
1032060735
1126588805
1130560839
1180113373
1225214139
1241021434
1246380655
1267489753
1269931537
1279652506
1282704230
1287718562
1309784001
1315381859
1337874720
1345551326
1355406929
1360749297
1361234468
1365049692
1370006641
1373171419
1379441140
1383354851
1384089521
1388086746
1388098738
1390218055
1394275235
1398713323
1398856756
1399452127
1399667973
1405356107
1419849795
1420020322
1420857524
1427413870
1433431047
1434581277
1434685583
1434955174
1437004300
1447599383
1457365924
1460323996
1463783169
1464299833
1464997280
1473684964
1473706111
1475512125
1477617818
1507309775
1507619522
1510958381
1511211530
1512773678
1513943774
1515016487
1518785707
1519177480
1519222510
1519578884
1522910369
1522071148
1522173153
1526095391
1526327421
1527332329
1528202962
1529147427
1530153456
1532137010
1532648968
1533628342
1535525443
1536885803
1537532928
1539216986
1539698665
1539710238
1540389253
1540465799
1540760724
1542149442
1544991649
1546556183
1950339874
1022524677
1069576460
1035710933
1062763780
1066928876
1143360124
1170602992
1225018451
1225214139
1246985111
1248302643
1308056928
1323125803
1350130840
1357621002
1363380287
1416037373
1438396615
1495159000
1496864507
1498248584
1501066196
1512234484
1524289291
1475829064
1493636700
1497848419
1506130172
1507201347
1511211332
1512637644
1530517161
1533518861
1538659879
1031656950
1035987882
1062450036
1243053342
1253110473
1266763358
1308070937
1338810404
1341020678
1343738042
1367411301
1388027496
1433793163
1443042050
1486049680
1493244137
1494015859
1495881064
1498561406
1501738440
1508187450
1511302278
1515323274
1520005905
1522950891
1526297430
1527352013
1529336216
1530323439
1536029957
1538030724
1111249328
1116381675
1213120842
1286690609
1234179295
1237833982
1331235278
1356025227
1358042715
1368252772
1368761897
1384213447
1417982974
1443613666
1478252767
1478484329
1490792701
1501591744
1512425629
1508187450
1511302278
1515323274
1520005905
1522950891
1526297430
1527352013
1529336216
1530323439
1536029957
1538030724
1111249328
1116381675
1213120842
1286690609
1234179295
1237833982
1331235278
1356025227
1358042715
1368252772
1368761897
1384213447
1417982974
1443613666
1478252767
1478484329
1490792701
1501591744
1512425629
1514679584
1521510468
1522569920
1522651746
1524063704
1528984598
1532392664
1545350825
1020697138
1032975171
1050961391
1079564215
1098178858
1117604315
1131506465
1136781928
1161849994
1171292258
1171302620
1171448335
1205307799
1216125630
1225016511
1238066748
1241081837
1242672526
1245354775
1247039874
1248200113
1253924970
1256095721
1264670497
1259683743
1263280410
1278716605
1282243946
1288036809
1288040152
1289271682
1296969967
1306178600
1307707017
1307777658
1307867506
1308968483
1310982558
1315238059
1317788235
1320074063
1322904166
1323117345
1332617356
1333092737
1336247804
1336883084
1339804836
1341893214
1346776842
1424053917
1348815573
1349484929
1350766574
1351616457
1352399199
1352426337
1352768601
1354803267
1357988333
1359423312
1359424571
1364115595
1364351686
1366020090
1366518670
1366528055
1367490026
1374022864
1376928654
1388845817
1383995354
1385168953
1385167669
1386229439
1387416326
1390020152
1391652557
1393103905
1393612441
1400417576
1402620929
1390020152
1391652557
1393103905
1393612441
1400417576
1402620929
1402929407
1408209847
1409451911
1411567547
1411856930
1413268866
1413292879
1420266731
1424066967
1424336678
1426867418
1434512983
1441174013
1448658007
1450699221
1457393548
1460639058
1462986913
1463212527
1465933518
1466362184
1467711920
1468140838
1468203869
1470834614
1471462332
1471543151
1472489459
1473141566
1473661244
1474928097
1475188440
1475828951
1475989100
1478220802
1478288458
1479022597
1479399997
1480541976
1481623940
1484962901
1485636823
1486367543
1489644436
1490042724
1494800339
1494846870
1495158406
1495178954
1495229570
1495242297
1495245516
1496936579
1497211147
1494846870
1495158406
1495178954
1495229570
1495242297
1495245516
1496936579
1497211147
1498762547
1499506754
1503823950
1500886337
1501042256
1501626189
1501839157
1503652040
1504605181
1505255870
1507569461
1508020075
1508213596
1509222888
1513185246
1515001420
1516715240
1516876498
1517043095
1517676359
1517994842
1519149332
1519174077
1519948064
1520528627
1522182080
1525603266
1526326839
1526438219
1526465602
1527797748
1528206502
1529177137
1529289113
1529331712
1530511107
1530664100
1530681760
1532142821
1532490125
1533407749
1533556570
1534891281
1535606994
1537617018
1539493323
1540413055
1544359659
1545087321
1545677611
1546237868
1116338004
1521537841
1038243464
1059980161
1248397843
1308125911
1458027065
1462072670
1469913169
1472800086
1483078511
1488869961
1505687444
1510905266
1520219893
1521998966
1522027671
1527396425
1533298884
1536070206
1546355477
1016256807
1517768619
1232140360
1405616984
1527022877
1056077407
1361892962
1471970352
1506065724
1004177082
1004183770
1019216123
1025917965
1375158623
1030745668
1030744688
1026622842
1026898605
1028474297
1029251028
1031831488
1032193128
1032280889
1032613197
1072422019
1034303281
1035676229
1035425258
1035701626
1035846141
1035847770
1036517500
1036519508
1036609135
1037062639
1037043921
1037443230
1041045085
1042914179
1047513612
1036519508
1036609135
1037062639
1037043921
1037443230
1041045085
1042914179
1047513612
1047516299
1072416788
1048699074
1049108454
1053353252
1054980368
1058836428
1059732751
1059752084
1060907323
1062211048
1065259601
1074099799
1075077540
1075323793
1075639437
1076324974
1076605528
1076833687
1077377156
1077386069
1078645093
1093645323
1093645383
1094353264
1098189320
1111431781
1113715389
1121893767
1121897315
1130560442
1185569298
1132038336
1132186718
1132436778
1133593815
1145001755
1145261490
1151113802
1148910246
1148914248
1150419515
1150458708
1161850890
1161944148
1406942969
1166942468
1167879722
1171077634
1180182128
1180182988
1232077631
1211818806
1214136821
1214196814
1214722988
1225017462
1226440367
1227859460
1259353728
1232881716
1233146166
1233223968
1234322766
1234431547
1234479813
1234531726
1235689650
1236211742
1237125568
1237980615
1238898969
1240180357
1240577483
1241383944
1241452324
1243387713
1243394845
1245849456
1245871153
1246380837
1246547019
1247030199
1247990220
1247996489
1248141338
1248229146
1248382165
1248392185
1248446768
1248465263
1248468149
1248469347
1251229987
1252305742
1253475753
1255103348
1255545032
1255664827
1255822276
1256440743
1256538387
1257348482
1257582594
1260906935
1261351965
1262137645
1263701499
1263845632
1263865128
1263930401
1266471536
1266471817
1271279654
1266539387
1271157087
1266576858
1272004732
1267704365
1267861352
1267877636
1268663833
1268672427
1268674583
1268678078
1268683543
1268693237
1268791165
1268802339
1268805975
1269940448
1270158681
1271238950
1272670051
1272769169
1273490171
1273498747
1273955331
1291002392
1292703724
1275452602
1275718544
1275956678
1276000195
1276020116
1276392540
1277813909
1278147811
1278155948
1280062370
1281200209
1282446731
1282738685
1283030095
1283972785
1286601456
1287035702
1287327524
1288231296
1288406830
1289611846
1290867181
1290961743
1290986198
1290995308
1291007012
1291089267
1291234448
1291235071
1291671917
1293375068
1293484269
1299890432
1300320516
1300324910
1300503643
1302744698
1303685206
1303888586
1304403719
1304686872
1305340099
1305928011
1305978765
1306088903
1306173759
1306447422
1306518746
1307064913
1307116888
1307147114
1307174467
1307571836
1307591850
1307668585
1307768595
1308079006
1308218074
1308239785
1308239859
1308517526
1308521897
1308524427
1308551193
1308607624
1308634037
1308651410
1308727057
1308737820
1308832383
1308968672
1309014333
1309055328
1309067804
1309095125
1309916561
1309967436
1310656504
1310674381
1310674772
1310748921
1310763166
1310972294
1311092114
1311489972
1312059634
1312585631
1313429160
1313542367
1313588112
1313952719
1313970371
1314152203
1322835887
1314650579
1314767153
1314836773
1314911910
1314978583
1315022170
1315248865
1315285069
1315648571
1315808115
1315818211
1315842270
1317791407
1317826992
1317881554
1318446609
1319565368
1320302500
1320349483
1320880741
1320880772
1380655961
1321018345
1377038644
1321762300
1321815369
1322341487
1322820016
1323140313
1323141163
1323699902
1324085767
1324571944
1324662548
1325170067
1325666440
1326876683
1326876992
1328136310
1328574241
1328598644
1328605022
1394321134
1328800685
1328814383
1328815434
1329089402
1329090807
1330068461
1329896656
1329490612
1329493724
1329588710
1329588724
1330009457
1330234587
1330273895
1330331836
1335442440
1335451454
1335523852
1335578456
1335803040
1335819021
1335906754
1335919989
1335929371
1335944645
1336095145
1336095747
1336488193
1336499760
1336761475
1336859461
1336884074
1336943120
1336987143
1336997758
1337141915
1337185968
1337186152
1337213819
1337214124
1337215944
1337354511
1337381039
1337572136
1337570885
1337571656
1337585466
1337589559
1337592459
1337717603
1337720426
1337726277
1337727545
1337746324
1337762765
1337763408
1337805629
1337811987
1337934584
1337945417
1337945510
1337948047
1337945672
1337946358
1337946361
1337946540
1337947947
1338139929
1338156014
1338194394
1338382042
1338404836
1338509630
1338773019
1338998353
1336499760
1336761475
1336859461
1336884074
1336943120
1336987143
1336997758
1337141915
1337185968
1337186152
1337213819
1337214124
1337215944
1337354511
1337381039
1337572136
1337570885
1337571656
1337585466
1337589559
1337592459
1337717603
1337720426
1337726277
1337727545
1337746324
1337762765
1337763408
1337805629
1337811987
1337934584
1337945417
1337945510
1337948047
1337945672
1337946358
1337946361
1337946540
1337947947
1338139929
1338156014
1338194394
1338382042
1338404836
1338509630
1338773019
1338998353
1339385443
1339609992
1344150753
1339804584
1339804943
1339805735
1339854566
1340472751
1340500832
1340527310
1340876719
1340897242
1340952423
1341028842
1341062116
1341149788
1341240318
1341886029
1341982296
1342624472
1342626573
1342654198
1342803471
1342819721
1342832511
1343208236
1343256538
1343616352
1344261624
1344619673
1344656774
1344862540
1345415777
1345619295
1345636690
1345646242
1346193703
1346194302
1346209158
1346630512
1346631759
1346725213
1346889869
1346956956
1347028808
1347088160
1347182428
1347509647
1347620756
1347680727
1348196860
1348535781
1348536676
1348537088
1348742176
1348743153
1348761975
1349474305
1349474821
1349479888
1349484957
1350142369
1351379172
1351678484
1351958604
1351997950
1352341176
1352430411
1352435834
1352438541
1352440850
1352486681
1352493009
1353630528
1353631853
1353648062
1354165809
1354166757
1354166899
1354273254
1354367307
1354733246
1354737326
1354874585
1355405423
1355679672
1356028154
1356883715
1357026446
1357027585
1357037293
1357058535
1357057509
1357087210
1431968039
1357547824
1357859660
1431905982
1431903427
1431912927
1431901002
1358222072
1358271621
1358665371
1358686929
1359159498
1359247030
1359423462
1359424645
1359433274
1359748594
1359890968
1359934926
1359937332
1359936077
1359936854
1360212065
1360296597
1360709155
1360731095
1360733427
1360823063
1360876091
1360937718
1361661734
1361669953
1361740020
1361740023
1361741117
1362590682
1362603024
1362652674
1362832110
1361669953
1361740020
1361740023
1361741117
1362590682
1362603024
1362652674
1362832110
1363270135
1364125654
1364126122
1364196295
1364197163
1364198147
1364421052
1364479658
1364688610
1365339678
1365218239
1365376082
1365971228
1366025406
1366026202
1366027756
1366028605
1366028801
1366030349
1366260530
1366286480
1367535371
1367560260
1368441424
1368162565
1368541556
1368252782
1368358974
1369078284
1369337530
1369544622
1371930026
1369981189
1370419003
1370736130
1370979756
1371061374
1371088530
1371313936
1371323878
1371329803
1371443102
1371446792
1371469541
1371599062
1371697065
1371782272
1371893425
1371963768
1372039266
1372067786
1372070094
1372090018
1372171138
1372257488
1372327185
1372364153
1372397638
1372572597
1372920591
1372921864
1373329731
1373365958
1373557812
1373960181
1374120849
1374479410
1374479707
1374480851
1374480854
1374481842
1374550198
1374915862
1375111393
1375236518
1375373377
1375423078
1375565226
1375623924
1375624886
1375626260
1441949516
1375924651
1376039366
1376282392
1376301298
1376304345
1376328255
1377166109
1376616955
1376899322
1377036286
1377292924
1377365691
1383955422
1378062534
1401898257
1378292759
1378302009
1378360520
1378382955
1378476829
1378499371
1378806657
1378699434
1378795590
1379176787
1379374014
1379567556
1379644453
1379679195
1379702067
1379766006
1381526213
1381296340
1381332310
1380900392
1380909635
1380973271
1381200742
1381477615
1382307138
1382311805
1382316765
1383110679
1383113167
1383114219
1383488727
1383732840
1383748924
1383752877
1383765304
1383772282
1383785244
1383830149
1383931109
1383943010
1383976627
1383986649
1383993510
1384002461
1384064121
1384064325
1384065407
1384065502
1384065516
1384065623
1384065794
1384065974
1384066417
1384066971
1384067942
1384067953
1384068557
1384127682
1384358033
1384534022
1384557802
1419506232
1384807290
1384808285
1384808549
1384808688
1384940237
1384972130
1385046231
1385077427
1385164917
1385166580
1385166774
1385166972
1385167089
1385888905
1385916213
1385916805
1385919341
1385919535
1385919634
1385990824
1386035868
1386334127
1386337003
1387095720
1387105300
1387329592
1387417678
1388039836
1388080089
1388408746
1388484929
1388594009
1388660265
1389363426
1389695355
1389697486
1389704020
1389739694
1389745536
1389856971
1389860407
1389869024
1389882599
1390058943
1390111736
1390152729
1390171778
1390288136
1390329104
1390352244
1391675435
1391728388
1391729680
1391807995
1391813690
1391916479
1391916572
1392131251
1392149254
1439731049
1392527611
1392611377
1392649310
1393023906
1393267030
1393264883
1393265578
1393266560
1393782870
1393803564
1393804654
1393810195
1394040160
1394048951
1394739169
1395082404
1395097001
1395234234
1395841227
1395844147
1396330420
1396576505
1396576882
1396758105
1396758513
1396760429
1396758618
1396758780
1396759225
1396759668
1396759764
1396759838
1396760036
1396760455
1396808589
1396943055
1397160940
1397202502
1397209360
1397342612
1397346223
1397398317
1397398776
1397433114
1397897480
1397905084
1397996539
1398604416
1399445411
1400151777
1400162939
1400168686
1400318974
1400346930
1401169814
1401302817
1401302827
1401302901
1401303944
1401303955
1401409319
1401518951
1401940681
1401980596
1402456028
1402624010
1402973468
1407149306
1403676885
1404502363
1405009866
1405358036
1405733471
1406660291
1406689232
1407501102
1407899543
1408035297
1409053280
1409112276
1409122971
1409208843
1409217190
1409264703
1409516249
1409646668
1409646376
1409651391
1409652837
1409658735
1409658346
1414182991
1414158395
1410476350
1410504582
1410760958
1410761053
1411026009
1411125611
1411128070
1411385941
1411413673
1411733229
1411822951
1411920307
1411930763
1411939243
1412127504
1412208076
1412285989
1412344747
1412497327
1413291605
1413292401
1413293265
1413293369
1413570551
1413573782
1413585411
1413590458
1413654810
1413955414
1414971597
1414989597
1415286305
1416018620
1416073129
1416100573
1416113963
1416282395
1416287346
1416340792
1416343791
1422222119
1422490304
1422622301
1423247423
1423531063
1423538791
1423868936
1424195682
1424263354
1424335184
1424335815
1424336489
1424337340
1424337567
1424541857
1424711073
1425592801
1425610560
1425612232
1425624026
1426000504
1426013461
1426615315
1426617982
1426618493
1426619870
1426623732
1427002109
1427002972
1427317068
1442073869
1427404360
1427527426
1427527609
1427685161
1428479929
1428920460
1428923977
1428927767
1428975514
1428989759
1429048996
1429094525
1429095287
1429097049
1429210968
1430019551
1430027289
1430090679
1430254006
1430848851
1431690543
1431726625
1431753146
1431777507
1431860933
1431906129
1431941112
1431953102
1432006242
1427685161
1428479929
1428920460
1428923977
1428927767
1428975514
1428989759
1429048996
1429094525
1429095287
1429097049
1429210966
1430019551
1430027289
1430090679
1430254006
1430848851
1431690543
1431726625
1431753146
1431777507
1431860933
1431906129
1431941112
1431953102
1432006242
1432013195
1432016139
1432023930
1432219490
1432747376
1432974926
1433287122
1433438931
1433438940
1433571897
1433648016
1433787027
1433832069
1433981852
1434009227
1434019842
1434378863
1434381852
1434497916
1434655768
1434686256
1434701337
1434956246
1435480147
1435688823
1435690458
1436061965
1436836528
1436836704
1436837792
1436838254
1437362046
1437398646
1437608739
1437656217
1438203894
1438410224
1438411962
1438592010
1438592715
1438595080
1439047007
1439775618
1439932025
1440101635
1440471286
1441066613
1441475862
1442417188
1442841660
1442952104
1442984515
1442990748
1442991345
1443161369
1443165188
1443687409
1443956425
1444558490
1444876588
1445051952
1445824712
1446988441
1447018377
1447432859
1447872313
1448262681
1448725586
1449124453
1449750820
1449752469
1449948124
1450340665
1450795091
1450795306
1450795674
1451227496
1451500966
1451535101
1451535495
1451535785
1451536077
1451536522
1451536688
1451608733
1451918476
1452812568
1453027433
1453404615
1453436001
1454334555
1456393495
1457453531
1457492203
1457547548
1457726756
1458007718
1458027167
1458802733
1458936056
1459016975
1459521211
1459516631
1459719880
1459720192
1459786675
1459834362
1460272150
1460321009
1460630623
1460635391
1460647879
1460660300
1460676306
1460712252
1460785783
1460879007
1460942420
1461059245
1461067310
1461067577
1461068336
1461625383
1461633252
1462130233
1462168492
1462369602
1462437069
1462511686
1462512580
1462569229
1463215442
1463222862
1463224632
1463588317
1463857467
1463875115
1464996578
1465309597
1465612374
1465736273
1465987616
1466052630
1466070666
1466184866
1466189603
1466711039
1466818003
1467171823
1467196471
1467203494
1467212858
1467301850
1467976281
1468039693
1468406357
1469550775
1469764090
1471089483
1471095116
1471104170
1471125204
1471128546
1471145673
1471454399
1471459355
1471459670
1471462139
1471645600
1471702372
1471838677
1472098710
1472336817
1472342091
1472429320
1472944897
1473269078
1473586928
1473755964
1474079054
1474169171
1474407988
1474795395
1475164218
1475173519
1475392296
1475457876
1475493492
1486789622
1475807311
1476210244
1477002430
1477405972
1477840207
1478008209
1478071408
1478074300
1478401437
1478470447
1478490267
1478499951
1478623621
1478799193
1478924925
1478944172
1479173923
1479905793
1479995285
1480186696
1480328599
1480366959
1480464806
1480454736
1480477998
1475173519
1475392296
1475457876
1475493492
1486789622
1475807311
1476210244
1477002430
1477405972
1477802854
1477840207
1478008209
1478071408
1478074300
1478401437
1478470447
1478490267
1478499951
1478623621
1478799193
1478924925
1478944172
1479173923
1479905793
1479995285
1480186696
1480328599
1480366959
1480464806
1480454736
1480477998
1480562300
1481181501
1482101446
1482181470
1482182812
1482184911
1482870347
1482977212
1483076226
1483077289
1483077292
1483078398
1483472946
1484521302
1484522776
1484935147
1485047702
1485049162
1485066705
1485068689
1485227151
1485260985
1485587301
1485844996
1485871174
1486069724
1486304391
1486397382
1486465543
1491946125
1492105161
1492261619
1492261916
1492262111
1492263314
1492263966
1492264056
1492264258
1492264261
1492264636
1493050791
1493151210
1493211246
1493213301
1493220074
1493277122
1493671910
1493673832
1493869263
1493985283
1494093679
1494186581
1494760658
1494839610
1494848009
1494849823
1494849988
1494850990
1494961947
1495146811
1495146816
1495153820
1495154797
1495156965
1495157635
1495159159
1495159710
1495160571
1495171416
1495174945
1495175981
1495177112
1495178422
1495180236
1495180503
1495228113
1495232850
1495249968
1495250634
1495450735
1495547263
1495581237
1495631840
1495656073
1495708776
1495938482
1495884766
1495885065
1496015956
1496367641
1496390880
1496614750
1496672080
1496725082
1496763874
1496903296
1497131279
1497541808
1497556615
1497807311
1497812546
1497938591
1498021266
1498146713
1498323288
1498328802
1498565562
1498736566
1498736976
1498737855
1498739412
1498796087
1499131343
1499215086
1499290034
1499297793
1499445493
1499503295
1499535195
1499670166
1499681376
1499914017
1500177071
1500320142
1500320163
1500326823
1500883406
1500885659
1500886343
1500900710
1501066795
1501088704
1501230485
1501232249
1501580515
1501602094
1501604652
1501610413
1501610961
1501611956
1501611959
1501612752
1501613353
1501614249
1501624640
1501626207
1501626788
1501626982
1501627461
1501768713
1501813172
1501882759
1501891966
1502223181
1502529473
1502573953
1502960733
1502959201
1502959757
1503396937
1503676079
1503845598
1504100937
1504102572
1504286035
1504750143
1504835115
1505116979
1505485857
1505488477
1505964650
1506630527
1506674879
1507191676
1507203130
1507198601
1507199485
1507237273
1507323563
1507503402
1507857277
1508177909
1508227721
1508327916
1508355751
1508406224
1508653921
1508661735
1508727257
1508949117
1508989362
1509032483
1509064860
1509136260
1509398010
1509656376
1509933497
1510166423
1510231402
1510972947
1511444153
1511887669
1512296031
1512786303
1512842193
1513152691
1513590095
1513608815
1513610089
1507237273
1507309772
1507323563
1507503402
1507857277
1508177909
1508227721
1508327916
1508355751
1508406224
1508653921
1508661735
1508727257
1508949117
1508989362
1509032483
1509064860
1509136260
1509398010
1509656376
1509933497
1510166423
1510231402
1510972947
1511444153
1511887669
1512296031
1512786303
1512842193
1513152691
1513248878
1513590095
1513608815
1513610089
1513649816
1513955185
1514200685
1514693233
1514737536
1516020407
1516363900
1517649563
1517664787
1517679464
1517697894
1517752599
1517834108
1518613876
1518700365
1518708868
1518882573
1518993848
1518994107
1519009861
1522535793
1519415502
1523003228
1520032568
1520216490
1520358353
1521578302
1521872338
1521883754
1521909096
1521912032
1521922480
1521980129
1521987521
1522038262
1522048847
1522059115
1522124679
1522134341
1522163014
1522215804
1522227039
1522234772
1522355574
1522554761
1522561598
1522869470
1523452832
1523480325
1524158526
1524237348
1524771812
1524803370
1524906780
1525232387
1526238193
1526295649
1526296654
1526297233
1526324785
1526324808
1526324834
1526325819
1526327441
1527155080
1527283084
1527332665
1527579221
1528220971
1528797305
1528806840
1528828902
1529008242
1529148273
1529149156
1529149447
1529171602
1529173296
1529175653
1529179632
1529226736
1529325473
1529332408
1529336075
1529337118
1529339549
1529339568
1529343452
1529345335
1529347706
1529349587
1529355999
1529357969
1529359701
1529359841
1529360437
1529360443
1529492084
1529655159
1529929894
1529983441
1530217553
1530278278
1530381921
1530459130
1530686703
1530799135
1530926397
1531254490
1531444275
1545828403
1531953658
1531958175
1532003048
1532004867
1532010972
1532137786
1532144365
1532310670
1532315346
1532323507
1532478883
1532484590
1532490619
1532494769
1532836758
1533241294
1533272396
1533293458
1533338289
1533490951
1533725125
1533725705
1533740361
1533759653
1533797382
1533995520
1534164943
1534807373
1534808353
1534843918
1535034500
1535577962
1535584039
1542956912
1535935108
1536287546
1536416081
1536703495
1536745248
1536774195
1536855049
1536894331
1536954181
1537110043
1537181051
1537189592
1537190297
1537480815
1537539993
1538092026
1538314149
1538650484
1539056071
1539107644
1539108805
1539130465
1539159993
1539162076
1539163757
1539966782
1540539318
1540453931
1540457058
1541665341
1540530758
1540539407
1540566394
1540568327
1540990960
1541315135
1541319364
1541377753
1541436085
1541493430
1541768383
1541839846
1541946702
1541957921
1541974761
1542367785
1542373614
1542373859
1542383861
1542384495
1542512209
1542803798
1543062876
1543454291
1543461324
1543553044
1543561880
1543564860
1543579127
1543706693
1544242758
1546626855
1547142958
1547160229
1547154088
1547201163
1547456862
1547683286
1547745578
1547953995
1547997270
1548108703
1548166814
1548578623
1548655490
1548659485
1548910764
1549041601
1549145060
1549361206
1549388758
1549395264
1549401939
1549664199
1550020915
1550298072
1550516391
1550529159
1550689832
1551605800
1551607381
1551607387
1551607589
1551607596
1551607966
1551608865
1551608884
1551609979
1551610649
1551610654
1551610859
1551610867
1551611083
1551611653
1551611848
1551611946
1551612037
1551661291
1551886612
1552258700
1552483448
1552667017
1553248081
1553284135
1553320799
1553551901
1553683666
1553920033
1554226667
1040940842
1057721667
1428878330
1493396303
1050147724
1332630891
1338126640
1361183725
1508901525
1268850955
1297009223
1512797336
1516406199
1095442719
1299282847
1305903721
1309487417
1370055408
1519210267
1522676442
1294785293
1396195334
1508162320
1495383686
1216831047
1440196331
1466800670
1493224604
1494207162
1017677009
1384808840
1057721041
1152316563
1156065258
1296982233
1297017458
1329824485
1329825312
1329826054
1329827198
1337945014
1395843620
1487660975
1487661271
1492923643
1501952333
1517395282
1529049634
1541091453
1028595696
1288847018
1519959778
1085490263
1123831826
1046188055
1092991588
1272021531
1299994086
1343851699
1399956863
1509138971
1150487669
1493396303
1332630891
1338126640
1508901525
1050147724
1361183725
1268850955
1297009223
1512797336
1516406199
1095442719
1299282847
1305903721
1309487417
1370055408
1519210267
1522676442
1396195334
1508162320
1294785293
1216831047
1493224604
1494207162
1495383686
1440196331
1466800670
1017677009
1384808840
1152316563
1156065258
1296982233
1297017458
1329824485
1329825312
1329826054
1329827198
1337945014
1395843620
1487660975
1487661271
1492923643
1501952333
1517395282
1518936075
1529049634
1541091453
1554876942
1028595696
1057721041
1288847018
1519959778
1085490263
1123831826
1046188055
1092991588
1272021531
1299994086
1343851699
1399956863
1161481323
1023921762
1038573573
1150484113
1443587787
1443607781
1516822958
1512295852
1500281208
1381033601
1477249091
1494072779
1337945276
1461642944
1461651021
1486843642
1520541395
1384031454
1483673355
1305661582
1506854352
1025787505
1480409508
1505227288
1519520648
1538609311
1502361654
1538124202
1229005401
1477627283
1375715960
1271967128
1513537355
1532310476
1303686440
1538530053
1152957369
1455078782
1535068167
1312503422
1482276894
1494946949
1317601238
1318455755
1443617150
1540084822
1237135296
1324303258
1495680036
1515023478
1524675448
1221943934
1296999468
1538090927
1037043347
1443603915
1457304242
1473061512
1489330678
1495171706
1495175042
1150484113
1443587787
1443607781
1516822958
1512295852
1311782877
1500281208
1381033601
1477249091
1494072779
1337945276
1461642944
1461651021
1486843642
1520541395
1033590242
1384031454
1483673355
1305661582
1505227288
1506854352
1480409508
1519520648
1538609311
1025787505
1502361654
1512662576
1538124202
1229005401
1477627283
1375715960
1271967128
1513537355
1532310476
1303686440
1538530053
1152957369
1455078782
1535068167
1482276894
1494946949
1317601238
1318455755
1481115180
1540084822
1237135296
1324303258
1495680036
1515023478
1524675448
1221943934
1296999468
1538090927
1037043347
1443603915
1457304242
1473061512
1489330678
1495171706
1495175042
1341815521
1350072626
1355831794
1385165722
1385167186
1385600397
1400868408
1413291024
1413291696
1413294342
1420847648
1420955259
1421181760
1439613586
1473892130
1474284364
1477615793
1484679145
1484721221
1489539563
1490666765
1499720375
1500027136
1502054268
1502959213
1504099194
1504203611
1504988145
1506031017
1506200553
1507215652
1510112168
1510113184
1511719162
1512235469
1512292013
1516271558
1519031344
1519993005
1520005682
1520358840
1521679985
1521681946
1521696555
1522127632
1522690263
1522791124
1522799996
1522800594
1522801349
1523575566
1523606958
1529965376
1531727309
1531731262
1534370586
1541379988
1542398361
1545245823
1546780880
1546795950
1547114461
1548031758
1550617221
1551399535
1551698850
1551722203
1551783675
1329449758
1477742530
1496774636
1496973612
1506477851
1516386764
1234619423
1445349750
1485622823
1046721587
1366586375
1394626630
1427362864
1524722394
1528883074
1535493556
1033692006
1530184778
1497564054
1506089347
1506685413
1235717549
1150401768
1233113211
1241256208
1241269291
1275920857
1312623138
1310773280
1312783054
1312834959
1316686483
1317275015
1321104480
1322688358
1337947830
1337947331
1341334660
1359423308
1362427882
1363324071
1366688103
1380971676
1385829674
1385832934
1405115800
1405116930
1409756766
1425321237
1432565392
1458011748
1468404397
1473818403
1479457120
1486136836
1493099903
1500883982
1502722184
1502892638
1502951614
1503574866
1508047824
1508049293
1508055663
1508055980
1508057674
1509265274
1512423772
1513133679
1513133684
1518378599
1519928175
1522130350
1524740817
1524768240
1528226968
1528322092
1529040395
1530187979
1535949730
1537413383
1537448584
1538697842
1543517086
1544289343
1544326680
1544326968
1545942036
1545945668
1545949690
1552683050
1553687929
1500453096
1512236767
1506779290
1519035538
1540065055
1528523633
1515158674
1520051838
1157214778
1291844259
1512235623
1323341397
1378672981
1532721714
1529048252
1488197774
1508185827
1518897915
1515092174
1453118459
1363324071
1366688103
1380971676
1385829674
1385832934
1405115800
1405116930
1409756766
1425321237
1432565392
1458011748
1468404397
1473818403
1479457120
1486136836
1493099903
1500883982
1502722184
1502892638
1502951614
1503574866
1508047824
1508049293
1508055663
1508055980
1508057674
1509265274
1512423772
1513133679
1513133684
1518378599
1519928175
1522130350
1524740817
1524768240
1528226968
1528322092
1529040395
1530187979
1535949730
1537413383
1537448584
1538697842
1543517086
1544289343
1544326680
1544326968
1545942036
1545945668
1545949690
1552683050
1553687929
1555915029
1555919855
1555999569
1512236767
1540065055
1506779290
1519035538
1528523633
1515158674
1520051838
1157214778
1250944861
1291844259
1512235623
1323341397
1378672981
1532721714
1529048252
1508185827
1518897915
1515092174
1368887259
1433746626
1453118459
1499275110
1226490066
1512943179
1506477850
1275907874
1365970211
1506482873
1535578379
1206596107
1214804682
1292708630
1366599887
1392078115
1441966477
1460682537
1479998299
1482074344
1512235977
1512293006
1517724720
1518689015
1519475690
1519803409
1519845346
1529042587
1534837764
1555929854
1101044029
1133337062
1312282217
1512237732
1522700940
1048564420
1219157584
1279723742
1327855202
1357116175
1387061558
1395843768
1475373942
1492261904
1495447921
1496995334
1498542394
1248281292
1524801213
1544810388
1283759569
1496744017
1335060240
1324318592
1511906354
1268311911
1544809932
1299816820
1302007276
1526174524
1518936073
1291803975
1534959511
1029588220
1025080207
1347828999
1029562823
1320792841
1337946378
1395890252
1397138372
1535669714
1297159125
1035761364
1368892716
1550352185
1111932653
1076350967
1101099983
1146943396
1321957267
1362265270
1341585875
1125546736
1321902218
1404022227
1505777603
1291654959
1493671821
1526176943
1526712232
1262776480
1496716664
1459240133
1506479781
1062455350
1090885684
1144911789
1252275752
1283041660
1292804149
1322936776
1335645876
1010720920
1462851213
1150463862
1197525999
1480551991
1108185171
1430467080
1394025761
1395866847
1492261411
1548742229
1551560648
1552036304
1490009861
1328827630
1504221486
1556295356
1556344692
1031769748
1078491299
1351051244
1451795765
1489326197
1276336630
1509804194
1546526300
1504915305
1239176388
1477679144
1517502303
1528301970
1456845021
1508525211
1540770709
1014861487
1207038012
1251140263
1416989590
1490587563
1497000858
1541717217
1501552072
1545098857
1546450149
1546503718
1192734833
1207568017
1253887912
1262730732
1300502009
1300502443
1409255091
1437043580
1479037330
1479470134
1509323285
1034199386
1471535831
1496797688
1533370146
1031632499
1275282016
1499259833
1514388899
1540770709
1014861487
1207038012
1251140263
1416989590
1450501129
1490587563
1497000858
1541717217
1501552072
1545098857
1546450149
1546503718
1192734833
1207568017
1253887912
1262730732
1300502009
1300502443
1409255091
1437043580
1479037330
1479470134
1509323285
1034199386
1471535831
1496797688
1533370146
1275282016
1499259833
1514388899
1529075251
1014614622
1031632499
1075421980
1078557831
1437075314
1282192249
1304463142
1481033342
1226500559
1502229283
1448304873
1494258994
1529178248
1482855934
1526176026
1542066385
1544151111
1270147636
1411122854
1477426181
1498000126
1517479790
1531247963
1540459657
1542312528
1149870755
1505088102
1066752278
1404088811
1417805549
1420943571
1420945232
1435345699
1442219942
1447037938
1475261029
1475731071
1475731844
1480323672
1480351242
1483717841
1489517879
1492015565
1499183120
1499722095
1499724801
1500268613
1500886051
1501547815
1502246554
1502254899
1502399755
1502419840
1502571783
1503687866
1510179701
1512236454
1512295081
1514343129
1517785311
1521548461
1524142171
1524804751
1527404510
1529147824
1530832037
1531769413
1531830287
1542624053
1549113039
1549210800
1551352498
1552705509
1100278206
1274179488
1288194710
1292813559
1413289818
1421408878
1502529624
1502542995
1545906841
1385058484
1450501131
1520335724
1528463391
1545087194
1514095408
1542089691
1535561689
1031768646
1144995756
1158040722
1193564598
1253595138
1282215642
1291003960
1291110549
1294110031
1299812286
1554071522
1307594184
1309669172
1309820219
1310768382
1331891233
1331514878
1337912285
1349096962
1352680707
1352948561
1368909974
1369319712
1372744349
1374466602
1384537437
1397950183
1402938096
1403459211
1413294430
1413291921
1416345757
1416345865
1428384586
1428385152
1431059389
1449895726
1456685930
1474005947
1474116255
1475350330
1475686089
1478897376
1480660972
1481594119
1486438265
1486474695
1486479507
1486494401
1486519411
1486534645
1487085420
1487421131
1487478723
1487567673
1491221017
1491235663
1498569172
1372744349
1374466602
1384537437
1388560667
1397950183
1402938096
1403459211
1413294430
1413291921
1416345757
1416345865
1428384586
1428385152
1431059389
1449895726
1456685930
1474005947
1474116255
1475350330
1475686089
1478897376
1480660972
1480661603
1481594119
1486438265
1486474695
1486479507
1486494401
1486519411
1486534645
1487085420
1487421131
1487478723
1487567673
1491221017
1491235663
1498569172
1499700536
1500270310
1505089306
1505091456
1505777603
1506428976
1510291709
1512725535
1514963109
1515241786
1517398924
1519227397
1520057674
1521212279
1524784753
1526697174
1529050261
1529149878
1529151094
1529173668
1529175051
1529707955
1532491536
1529175051
1529707955
1532491536
1535726472
1537803427
1540443347
1542042746
1542267757
1542283903
1542288513
1543505284
1543985703
1545555423
1545906175
1547872736
1547908670
1549714377
1549724658
1551193496
1551200030
1554169207
1554890828
1554957457
1555988279
1390437668
1445104823
1278543978
1518493242
1306222774
1020767178
1042640156
1100412834
1488450933
1124105159
1312503424
1111920692
1338742460
1131317766
1335920395
1500709878
1496705900
1529047545
1075364018
1512295487
1519969936
1249899367
1493389536
1043132232
1243748237
1148131020
1271433491
1512234002
1278650483
1317561131
1347643932
1037623789
1477870897
1485048004
1442990160
1546235368
1304404019
1317274721
1317275604
1493394604
1512233025
1512235589
1512235981
1512294909
1512295384
1512295479
1512295865
1527155655
1529044222
1529048248
1529049449
1529329019
1538934951
1552352144
1311641769
1190928320
1529343337
1148550917
1517783384
1526862636
1506780630
1558281470
1179418539
1271605114
1281353788
1286452757
1534005184
1535320854
1216832470
1216902319
1240136372
1276349840
1276365268
1278638112
1283872241
1283872789
1299776043
1301890610
1328800026
1348536266
1386475318
1395844047
1433831294
1503290645
1485048019
1485049057
1485049844
1487570320
1501626691
1501630545
1501718338
1503230702
1506534178
1507968289
1514617836
1532481478
1460112995
1505378891
1511752426
1241059234
1276332483
1365406265
1530915301
1415100382
1489846339
1543567116
1394214078
1034110713
1312500681
1402058196
1527247898
1036486319
1205357914
1226240818
1391646963
1052713503
1480333629
1555929854
1124125877
1279765475
1494853371
1502878087
1398264660
1011791474
1248245643
1308547083
1413293945
1487705273
1511728938
1364327312
1005457043
1028066419
1042992338
1139675284
1222025013
1232204460
1237737809
1266917158
1276543544
1281244875
1330132966
1334851906
1391553093
1393655325
1410760956
1450621965
1480901556
1481115179
1030612467
1307888058
1292451529
1326743699
1337312024
1027635131
1499294450
1499939964
1029817568
1433487737
1512606643
1170208205
1382482477
1413663559
1031864672
1184954925
1241402939
1288406949
1530718257
1462349844
1524201912
1232444987
1501627021
1014381476
1475686323
1479954028
1483461544
1546405245
1485058850
1262707657
1458009965
1476084747
1139817910
1448235894
1489718219
1516040097
1543563194
1194384804
1516723722
1532680073
1546469792
1005823485
1053495779
1247989131
1503828056
1511800592
1529550392
1185520477
1248349196
1290868673
1438758993
1531752384
1546392716
1166050269
1529145107
1310721433
1455720100
1491181643
1493068739
1499698631
1546485375
1206610161
1256439497
1322956887
1424661889
1482009992
1483021370
1499496477
1546572652
1061838213
1165115401
1315348736
1396149191
1425302975
1474866612
1480308335
1485974091
1501079037
1517273276
1521941160
1535710066
1036740703
1123605474
1502954197
1512666150
1514987963
1532439514
1546427167
1446204354
1541978553
1196512355
1228728755
1275390542
1489477369
1528669984
1528750886
1531531069
1347518465
1391917441
1512237449
1535906153
1539221173
1544885615
1218136258
1291798419
1311001386
1357414795
1388878483
1462164428
1467208921
1481937135
1487272995
1492074034
1496579149
1509757970
1527402959
1531347674
1524843461
1070365905
1166009841
1236154867
1257426449
1483330224
1235701165
1299703547
1324347954
1381202590
1389950671
1291798419
1311001386
1357414795
1388878483
1462164428
1467208921
1481937135
1487272995
1492074034
1496579149
1509757970
1527402959
1531347674
1524843461
1166009841
1236154867
1257426452
1483330224
1070365905
1235701165
1471821168
1494542290
1299703547
1324347954
1381202590
1389950671
1474058091
1517727816
1502064448
1502066864
1534825510
1434150204
1529553013
1025235451
1031437275
1031860903
1033750084
1035681441
1049234147
1052040498
1072755159
1078081015
1078456970
1079660728
1086615274
1098362297
1147910035
1148502530
1150479198
1192730625
1226499808
1230934042
1233188414
1253096429
1257575691
1260189678
1268909654
1269917788
1269924071
1271960289
1347292127
1350777761
1350785792
1357119209
1357166171
1360292148
1362859684
1364115674
1364125963
1364128931
1367520623
1375626245
1382626808
1387102517
1387103419
1388870942
1391156008
1391317944
1391449191
1391528325
1391916483
1393268265
1402624607
1409037225
1409041938
1411079337
1416015283
1417803713
1419650973
1420858587
1424670486
1425310783
1426119572
1432630148
1438559920
1441291753
1442988069
1450795685
1451460492
1455474563
1459039659
1462154896
1472918569
1474887636
1474931599
1475713703
1475719068
1479040957
1479042989
1479126679
1479127103
1479669800
1479953880
1480731081
1480891206
1481230146
1481241750
1485059152
1481956159
1482437045
1483012874
1485006002
1491538737
1493499414
1493672478
1494025877
1494148315
1495367807
1496569911
1496785316
1496799660
1496839278
1497250586
1497980016
1499723653
1499724271
1501240233
1502650849
1502727270
1503194667
1503778620
1503785049
1503785165
1504973948
1506131496
1506175786
1510965923
1511998144
1512233609
1512292996
1512296336
1512693536
1512883842
1513998573
1515640999
1516594906
1516742229
1516793798
1516805137
1518521567
1519901867
1520017789
1520058969
1520069934
1529047700
1529049049
1529049643
1529930297
1532742800
1534632870
1536019845
1538180435
1538349026
1538991847
1539113291
1549535734
1548878820
1543192457
1544947543
1544954646
1516594906
1516742229
1516793797
1516805137
1518521567
1519901867
1520017789
1520058969
1520069934
1529047700
1529049049
1529049643
1529930297
1532742800
1534632870
1536019845
1538180435
1538349026
1538991847
1539113291
1549535734
1548878820
1543192457
1544947543
1544954646
1545943259
1545950267
1547881066
1549550397
1549557964
1549564169
1551065171
1551196121
1551604424
1551607977
1551608874
1551609959
1551610651
1551610956
1551611644
1551612060
1551612066
1551612934
1551612941
1551613847
1552290254
1552697667
1555459602
1555461891
1555462132
1555464536
1555992079
1556193832
1556768022
1493819452
1511957361
1356500649
1364066021
1375439967
1492362662
1315837271
1339804686
1339804785
1340461386
1344642881
1345456349
1360843309
1369891600
1379203482
1381270714
1381271211
1381271220
1381272241
1383336749
1384673800
1387021645
1391024339
1393142726
1397711892
1397712011
1397713610
1397714162
1397714349
1412213319
1417804444
1418320651
1418351625
1419648603
1419650868
1430531331
1432552960
1437156336
1448840002
1456404391
1472487255
1474012087
1474070912
1474148411
1476815279
1478224282
1479565391
1479685947
1482178212
1482182002
1482182896
1482183946
1482184938
1484815040
1485502842
1485827572
1488045554
1493568912
1494839615
1494843349
1494848894
1495225958
1495229898
1495236583
1495248503
1495251204
1496357772
1496617368
1496619646
1496637309
1496662237
1497808373
1498246357
1500294750
1500620155
1501810267
1502069686
1502932488
1503180112
1503190366
1504973397
1505053244
1505250620
1505362615
1505374741
1506580926
1509169618
1509218955
1512236982
1512296471
1512296473
1513979138
1514129843
1516875998
1516920715
1521495779
1521620447
1524823963
1524826451
1524885271
1526799008
1529048785
1529049045
1529049645
1529050677
1530236019
1531953098
1532006886
1532140907
1533588309
1535252871
1535996293
1536068387
1536926832
1538124389
1538131946
1538200081
1543533081
1544539753
1544907846
1545003649
1545335253
1545419398
1547424881
1548505181
1548867535
1549200875
1552106401
1554020114
1185064072
1309949066
1529046272
1529942924
1526888215
1237762330
1502867095
1511672693
1040853386
1312467160
1327264846
1479687338
1512995017
1544711283
1511928633
1094674864
1396556969
1520864701
1522376774
1500926249
1349428296
1439551805
1021386025
1506992164
1450931810
1317277136
1493248902
1532735869
1126850127
1150530535
1310675189
1384403071
1413787753
1431007895
1431020001
1431047706
1451227536
1453483604
1477858778
1479565406
1479590554
1500404483
1500750754
1504211017
1509752007
1511620253
1512050521
1512235104
1512237272
1512289907
1512292513
1515119653
1529048786
1529050258
1529358685
1552156705
1537868752
1554020292
1549323191
1202354664
1275816569
1496440009
1541004157
1042315504
1310130009
1337274243
1038420600
1073342361
1540982644
1149539864
1488458798
1503725143
1540241736
1315346697
1542811849
1542851135
1391475248
1500949075
1045223659
1123298747
1206316546
1525647826
1228005485
1228876816
1286228494
1329399516
1330503922
1340794769
1354884898
1421580603
1452129423
1452132482
1476850824
1476853122
1477075054
1483076581
1485047014
1487629702
1487634572
1487635697
1487657246
1487660272
1487665709
1500883227
1502958973
1503397209
1504101321
1504102832
1507198376
1507200394
1508195309
1510170093
1510172357
1511551843
1511653566
1511781898
1514757977
1286228494
1329399516
1330503922
1340794769
1354884898
1421580603
1452129423
1452132482
1476850824
1476853122
1477075054
1483076581
1485047014
1487629702
1487634572
1487635697
1487657246
1487660272
1487665709
1500883227
1502958973
1503397209
1504101321
1504102832
1507198376
1507200394
1508195309
1510170093
1510172357
1511551843
1511653566
1511781898
1514757977
1525647826
1532714707
1539410741
1554201476
1555102062
1558568007
1281574998
1296213055
1389019734
1462113848
1480953898
1480959818
1237751223
1496744016
1260558088
1195485880
1496129516
1511998144
1525664682
1480565506
1532021922
1489123906
1530990682
1542007240
1072062057
1206937036
1540269983
1482263106
1355304991
1482243771
1035075516
1517736298
1078427808
1090880881
1161599878
1320223182
1331509870
1380929251
1408017623
1473765926
1482212949
1482861619
1482866226
1484884609
1485054327
1485079337
1485102028
1491122290
1491471921
1491790993
1502960751
1517879995
1540903944
1543557661
1549039445
1046831365
1331240915
1439427447
1234695987
1505572136
1399570433
1262780970
1065079457
1278249131
1428871687
1278326826
1331267685
1042903393
1043503724
1266539545
1276607353
1347561340
1383380208
1462167845
1474111222
1480299367
1482233882
1482258126
1482260707
1507031673
1535599987
1544053443
1553196100
1113289626
1365956090
1530761473
1306544034
1306544034
1306615444
1510930351
1493417991
1507672571
1277797150
1488620188
1524583157
1242977759
1312764378
1504965430
1395905935
1287949313
1481385860
1485050133
1485050034
1505198237
1538848478
1154400512
1477960158
1471022885
1475546892
1480568808
1538092367
1538929075
1206619421
1494137393
1308185853
1225809865
1240623553
1248385583
1512236770
1520148349
1520400965
1522711453
1031832390
1356933808
1110398272
1179452466
1256439028
1442503035
1483807058
1483968476
1488421488
1491621379
1533749917
1540499193
1460114332
1504094854
1533641482
1066444745
1078466121
1491402023
1503758601
1532561587
1152991341
1397975101
1470731173
1485630445
1491696975
1508653048
1538185831
1543573590
1554853667
1247998120
1314155108
1480232385
1524874551
1529882262
1541642107
1246303340
1333502659
1372524901
1412683621
1419649986
1470129474
1477104342
1501044884
1504090628
1506572976
1512292002
1529049636
1540475583
1542487802
1281378878
1445923708
1527211191
1413663725
1484111223
1512234480
1538330772
1349959010
1502889411
1505464395
1512231028
1544926479
1546330817
1347824725
1415334404
1482743399
1490272149
1217552285
1030744334
1035839715
1036741678
1141653655
1142165219
1148134247
1150475544
1150515604
1161602959
1179457975
1179514500
1185521437
1199715623
1199721125
1229308280
1230363688
1234784883
1240117652
1361877326
1367611668
1368319066
1379128992
1383518393
1388948519
1393023119
1393265375
1412682409
1413661990
1433030539
1439649733
1441690323
1448298027
1448299327
1448301666
1458314767
1460182588
1469602803
1470128810
1474024866
1474210874
1474220056
1474917909
1476287234
1476356889
1477365967
1478213461
1479114462
1479114918
1479161291
1479205698
1479313166
1479556434
1480232967
1481010894
1481064708
1481173941
1482013908
1483200540
1485698305
1487676335
1488305591
1489626213
1490045570
1490316352
1490317701
1490318837
1491090326
1491384833
1492263673
1493562843
1496996217
1496997107
1499255484
1500756919
1502959507
1502959060
1503761533
1504507406
1477365967
1478213461
1479114462
1479114918
1479161291
1479205698
1479313166
1479556434
1480232967
1481010894
1481064708
1481173941
1482013908
1483200540
1485698305
1487676335
1488305591
1489626213
1490045570
1490316352
1490317701
1490318837
1491090326
1491384833
1492263673
1493562843
1496996217
1496997107
1499255484
1500756919
1502959507
1502959060
1503761533
1504507406
1504965328
1505146207
1505177397
1506217453
1506865290
1507191813
1507215651
1508615437
1509397094
1511668423
1511745331
1511835304
1511835683
1512234319
1512293014
1512294769
1513941992
1515369642
1515727471
1518945586
1519806631
1519805060
1519835526
1519842782
1519959005
1521572209
1519959005
1521572209
1521658826
1521700517
1522801006
1522895467
1522915105
1524832684
1524857492
1526881122
1526950622
1526962893
1526974518
1528697769
1529045984
1529045989
1529049450
1530894069
1534841407
1534843135
1535650359
1535887991
1536739325
1537064092
1537065976
1537232330
1537246730
1537773705
1537846888
1539106072
1539114988
1540271430
1540376900
1540444471
1540945858
1540985379
1541311526
1541375573
1542215734
1542797232
1542805404
1542812872
1542855718
1542862454
1543543658
1545421728
1546708252
1546880548
1549594588
1549594721
1549597538
1549836575
1549961756
1552887225
1553069352
1553072877
1553145282
1553819798
1554165694
1554718475
1485048898
1486960429
1496854216
1516932791
1460545427
1518176896
1527625705
1240389481
1476391412
1506779405
1524757570
1481719151
1487467924
1277859602
1391500128
1522159981
1118447060
1291644127
1391916428
1391917043
1405514637
1459863716
1474158409
1474160049
1476314800
1476318317
1480533095
1482018640
1488827852
1492331334
1526137595
1526141171
1531848417
1531851039
1541149108
1542809232
1544913287
1547471714
1549920548
1551607279
1551607595
1551608900
1551610863
1551611076
1551612938
1125543526
1439413561
1445194193
1527211191
1288904913
1530916300
1237789066
1257575691
1555459602
1555461891
1555462132
1555464536
1220209087
1555472190
1556261327
1496993748
1501764386
1502727771
1503739585
1504903106
1505420654
1506913000
1508049654
1508183711
1508717956
1512235627
1512292985
1516929758
1518105584
1519656553
1519662413
1519669538
1519677193
1520171187
1520174443
1520174456
1520213313
1520217506
1520217658
1520269580
1520271157
1520271351
1522721239
1526629647
1529147716
1529176436
1532472159
1535258333
1537812220
1538579097
1541089575
1542539236
1543926349
1544133291
1544901279
1546336669
1546337967
1546340942
1546347388
1546348728
1550212437
1550286734
1550365040
1550368690
1550369430
1552246050
1552632316
1554109834
1555238183
1037806476
1530863641
1537688704
1506168897
1523436689
1530805965
1531848417
1531851039
1541149108
1542809232
1544913287
1547471714
1549920548
1551607279
1551607595
1551608900
1551610863
1551611076
1551612938
1125543526
1439413561
1445194193
1527211191
1530916300
1237789066
1257575691
1312408108
1555459602
1555461891
1555462132
1555464536
1556193832
1556768022
1555992075
1220209087
1555472190
1556261327
1193481369
1555475254
1558164325
1423479031
1558280768
1473558838
1275823113
1237543235
1299993610
1322732930
1339804568
1350707375
1395906032
1405124609
1409255558
1414888279
1415107614
1451461695
1475876493
1483982883
1508184083
1511791669
1511794513
1512497744
1512661849
1518604897
1519466226
1524714906
1524826308
1527247455
1529049051
1529655584
1530115539
1530116120
1534990888
1535620456
1538660593
1539751871
1545689937
1545694420
1553336769
1052305107
1206989734
1529273850
1160643612
1262366851
1475105432
1529358586
1529363257
1138723579
1278768004
1132906767
1278680197
1058596076
1436843954
1500486350
1556480932
1500334416
1502733545
1554942904
1558166139
1558281959
1558280780
1233092074
1484037708
1500473908
1505718342
1514709517
1035628468
1330402950
1545094220
1035591771
1278543984
1310206646
1351216217
1540299175
1141932580
1240228455
1267882297
1278446146
1282266885
1289601841
1307822089
1330177654
1462242832
1487253166
1496387540
1523436689
1533585736
1056652129
1488461408
1534181951
1538752649
1539420163
1188149830
1262635644
1364688980
1035586914
1270414246
1310095249
1064593930
1248137776
1330033535
1356423324
1432008445
1509836926
1556147898
1558280284
1558281535
1535739944
1014444178
1479654010
1513901340
1148133517
1305383706
1056208983
1512636058
1544699454
1531295635
1288978519
1391922435
1488457224
1505226590
1517258998
1546708929
1460339177
1485049841
1235704181
1337070346
1463625354
1483861403
1533667549
1555102062
1557692349
1557932218
1557937091
1557692359
1557692379
1557940655
1126138450
1245252191
1477094274
1523085847
1357977687
1505106201
1510271357
1520855968
1526111184
1540456015
1542003692
1042762356
1237723179
1489660466
1514080510
1520862077
1529175140
1533537903
1537798531
1166212251
1511776419
1533168538
1544699845
1536192540
1030958063
1249250044
1361724882
1380487963
1433974644
1477962233
1490037204
1490131622
1507860749
1518182823
1528744078
1529167326
1529962745
1530898926
1531282674
1533609429
1548233200
1123837446
1279927824
1362975040
1482923468
1484507519
1538334478
1538532370
1514075273
1530973585
1538688935
1544952049
1526182413
1493519098
1530921854
1543968853
1544697003
1028322568
1247766440
1493574446
1522983741
1542751183
1021402681
1107335002
1185305695
1247911657
1248381533
1248464581
1266703193
1269056279
1514075273
1530973585
1538688935
1544952049
1526182413
1493519098
1530921854
1543968853
1544697003
1247766440
1493574446
1523421715
1028322568
1522983741
1542751183
1021402681
1107335002
1185305695
1247911657
1248381533
1248464581
1266703193
1269056279
1276340743
1278652376
1278680195
1283870404
1290762402
1496695411
1391520544
1383444837
1389079636
1391727421
1391916485
1393657845
1401123200
1522594710
1455250965
1455639847
1460332938
1460611961
1474900260
1483011697
1483019667
1483965656
1483988537
1484000317
1484007218
1484590235
1487126507
1489480088
1489486284
1489486456
1489496902
1494885316
1496382591
1496382706
1508695566
1508910724
1508966015
1538487184
1538856725
1539172407
1540466531
1542875903
1543485586
1546212056
1546696996
1547223550
1549494643
1547927658
1550236659
1551225579
1551225616
1551662307
1552042571
1553043565
1553138081
1477040682
1480364566
1529153168
1530707749
1535552019
1543717206
1546386321
1543725547
1271311366
1509762979
1329531643
1530941918
1026353237
1056678819
1491769275
1514021856
1258618496
1321950059
1399620956
1410139469
1441940521
1475118258
1478231296
1479582136
1480358252
1480670336
1484691939
1489625711
1491186977
1496289181
1502876563
1504245027
1508663428
1510305196
1512230688
1514049495
1519619523
1519626736
1519873051
1522923009
1524591954
1524592639
1530922826
1530950277
1542241492
1543742004
1544665367
1544694228
1544698257
1544919111
1545096646
1545685466
1547227457
1548375893
1549416038
1550226648
1552159781
1552168489
1552520364
1553989646
1553993264
1507842349
1045973098
1231219715
1508918167
1430286792
1431807442
1528753746
1542757876
1512924779
1540224664
1310985344
1484256069
1530707151
1544696889
1511641190
1520891935
1538659585
1529216417
1362603027
1475128790
1486469445
1511615478
1530864201
1461682485
1527040072
1544579983
1544698181
1471028898
1247766444
1129926314
1164106493
1174716068
1287677849
1332210518
1413665872
1479627960
1508916163
1531588624
1533640639
1542753268
1544965713
1484150262
1491094117
1496833334
1530863964
1488459787
1517971893
1533599592
1097309600
1313984974
1368961181
1519889304
1491795208
1033509483
1185318432
1505954703
1512109255
1517255625
1533602843
1540719957
1034039037
1500753170
1098103877
1331884099
1532316339
1473671747
1539407487
1035735042
1270502881
1479690572
1529936289
1533584485
1540888037
1193975361
1430877836
1477091685
1480596844
1535274698
1541785596
1284626345
1483544169
1512056404
1513860357
1287431690
1412705697
1439371148
1479621500
1523311826
1523312432
1523313933
1529529196
1529543155
1529613728
1530111545
1531288011
1533603966
1178478640
1474819108
1482754620
1512084958
1532201550
1169584642
1438007508
1247767245
1313903780
1331444807
1336009071
1338191816
1434159013
1441921783
1472797347
1480518138
1511801763
1520044547
1520851022
1530892409
1532742179
1546119047
1546123015
1547231732
1549566444
1549584912
1549593579
1549879715
1555102179
1021384899
1047135297
1356490563
1517260847
1382150700
1517308907
1330334817
1353552720
1517679995
1520832964
1527121041
1558165745
1558166331
1558280880
1558107065
1558436090
1558627287
1558707417
1559547454
1559607253
1559629216
1266646989
1527126788
1281251843
1519868693
1290557810
1412433645
1489906709
1535137370
1543542126
1371477949
1024276757
1331863378
1338258252
1389004244
1487179553
1540719957
1034039037
1500753170
1098103877
1331884099
1532316339
1473671747
1539407487
1035735042
1270502881
1479690572
1529936289
1533584485
1540888037
1193975361
1430877836
1477091685
1480596844
1535274698
1541785596
1284626345
1483544169
1512056404
1513860357
1287431690
1412705697
1439371148
1479621500
1507233775
1523311826
1523312432
1523313933
1529529196
1529543155
1529613728
1530111545
1531288011
1533603966
1178478640
1474819108
1482754620
1512084958
1532201550
1533604733
1558175305
1472676137
1540745330
1276405986
1290523537
1483456471
1516531230
1521173850
1540085915
1543054756
1483443731
1502505512
1128125168
1170297315
1283880015
1314038936
1493157416
1494159028
1494489503
1512115009
1512236110
1516523512
1518636892
1519898057
1520411097
1521392662
1521412866
1521439805
1521440924
1521443984
1538660354
1542917785
1543033309
1548624723
1550412226
1550773932
1550807607
1550928098
1551031175
1552801828
1554032231
1195048908
1512348598
1512403947
1529556546
1325797790
1483849219
1356268973
1479668532
1479672808
1479672908
1479672967
1479681945
1479682772
1479688926
1479751801
1479755279
1479758739
1479773903
1479777431
1481339611
1482675388
1482754581
1482756559
1482756741
1482765589
1482766145
1482779907
1491774391
1511721000
1512148267
1512166630
1512245750
1512272951
1512301820
1512536898
1512566224
1496934814
1509817815
1407606159
1371447029
1057035950
1258663240
1335109132
1508304678
1520811559
1472656591
1379459249
1536628359
1472660205
1499762647
1539031433
1544960271
1547554530
1549454804
1549549296
1549560321
1549579321
1111617298
1544896174
1423710763
1527047614
1391917435
1519418681
1542751179
1030841044
1035087194
1519545518
1148124403
1536649079
1078072883
1195045646
1439427458
1521171305
1555632280
1471821168
1557341020
1475227749
1532038737
1174725209
1557476697
1475017364
1518459155
1542751678
1542753372
1554091471
1042901093
1491936099
1331029242
1271598239
1457867180
1043042712
1491714867
1525956338
1543814634
1043139234
1548624723
1550412226
1550773932
1550807607
1550928098
1551031175
1551610759
1552801828
1554032231
1195048908
1512348598
1512403947
1529556546
1325797790
1483849219
1356268973
1479668532
1479672808
1479672908
1479672967
1479681945
1479682772
1479688926
1479751801
1479755279
1479758739
1479773903
1479777431
1481339611
1482675388
1482754581
1482756559
1482756741
1482765589
1482766145
1482779907
1491774391
1511721000
1512148267
1512166630
1512245750
1512272951
1512301820
1512536898
1512566224
1496934814
1509817815
1407606159
1247904168
1371447029
1057035950
1258663240
1335109132
1508304678
1520811559
1472656591
1379459249
1536628359
1472660205
1499762647
1529556546
1325797790
1483849219
1356268973
1479668532
1479672808
1479672908
1479672967
1479681945
1479682772
1479688926
1479751801
1479755279
1479758739
1479773903
1479777431
1481339611
1482675388
1482754581
1482756559
1482756741
1482765589
1482766145
1482779907
1491774391
1511721000
1512148267
1512166630
1512245750
1512272951
1512301820
1512536898
1512566224
1496934814
1509817815
1407606159
1371447029
1057035950
1258663240
1335109132
1508304678
1520811559
1472656591
1169752152
1379459249
1536628359
1472660205
1499762647
1539031433
1544960270
1547554530
1549454804
1549549296
1549560321
1549579321
1555188597
1111617298
1536649072
1544896174
1423710763
1527047614
1391917435
1519418681
1542751179
1030841048
1035087194
1519545518
1148124403
1078072883
1195045646
1545310518
1439427458
1521171305
1475227749
1532038737
1174725209
1479654010
1557476697
1475017364
1518459155
1542751678
1542752310
1542753372
1554091471
1555931957
1042901093
1491936099
1271598239
1331029242
1457867180
1043042712
1491714867
1525956338
1543814634
1043139234
1457582807
1524139721
1479691779
1491780938
1516036839
1530099019
1531433801
1533340856
1535743924
1538782708
1538977291
1539177847
1552684879
1552812191
1555991178
1010689825
1074491832
1126911675
1312669919
1391916283
1540099603
1419652238
1422462968
1479588603
1479600053
1419360190
1313756130
1007281613
1512229423
1512295576
1549553196
1549570685
1528731095
1214424540
1529346936
1283642874
1541987402
1501514596
1522876105
1529654979
1503801272
1521477886
1360834885
1529485342
1529682468
1026349681
1496615048
1536758028
1518589862
1529649581
1529708029
1555766379
1556231659
1556492387
1332331138
1318137718
1015620074
1327825711
1020908219
1214221802
1496864721
1509677974
1074491738
1520401702
1526254811
1527874451
1539179966
1544766230
1547569812
1148126055
1496770290
1496905458
1547164567
1360840009
1266856770
1041947583
1545901747
1514695895
1330384901
1530779270
1051006514
1542752310
1555931957
1028403981
1529256598
1148126055
1496615048
1496770290
1488197774
1536758028
1518589862
1529649581
1529708029
1318137718
1015620074
1327825711
1020908219
1214221802
1496864721
1509677974
1074491738
1509671302
1520401702
1526254811
1527874451
1539179966
1544766230
1547569812
1555190497
1556698737
1496905458
1547164567
1360840009
1266856770
1041947583
1545901747
1514695895
1530779270
1051006514
1028403981
1529256598
1360878200
1528670853
1528699101
1530089303
1530090681
1530805087
1530100084
1525367405
1015642576
1260847101
1540259186
1113863619
1423914359
1517304596
1529110320
1529299086
1486972338
1174721099
1263939916
1432860638
1482161552
1549360271
1160406726
1522927603
1555394562
1555413067
1555416359
1478016381
1432977371
1485630445
1395843008
1433125098
1233177474
1485587301
1504117353
1529692549
1530855792
1545937122
1551042034
1551663014
1552609148
