1043724544
1251087230
1170258669
1445546827
1287955214
1410921644
1374786239
1012249940
1020299935
1204599267
1316685854
1354873375
1460309139
1179358201
1456842115
1040173
1079368869
1145963931
1446775868
1084376622
1419471365
1245734991
1021179502
1040783417
1155214597
1315001138
1154407608
1374846231
1103717632
1325158009
1032303
1193390864
1004150597
1107378605
1053024572
1357896341
1112053076
1148050447
1112333427
1043362594
1321266764
1077605314
1021181049
1136121965
1014489088
1348679037
1500298766
1374818650
1503155416
1246477504
1357863307
1524918706
1035532521
1158820149
1012253524
1467564
1314095338
1179161505
1228221592
1335920209
1052414807
1027988299
1323552367
1467565
1396908463
1467648
1374812036
1306047408
1425084435
1012911602
1209554872
1319155823
1083183825
1063459611
1255009642
1498709829
1096884456
1321534098
1202265088
1063621527
1503223229
1053149078
1255834601
1434328101
1073410617
1271687200
1374856140
1194349169
1193986568
1012248335
1360903976
1228249884
1313484033
1423810697
1307798930
1503564665
1497631250
1248208687
1517807116
1021789495
1513635683
1022105441
1061883282
1471390
1471396
1085291003
785847
1471424
1091694600
1313043240
1040181
1210315439
1503553129
1471427
1374843461
1041515190
1416784418
1353036856
1044891751
1106324206
1078325815
1312320815
1197006404
1012901622
1028268326
1025050831
1498281970
1043641506
1209544913
1471415
1157316153
1503610376
1513627941
1135571991
1516389627
1085044936
1312408791
1230379183
1248612149
1036869742
1019922426
1035533140
1179101433
1013606868
1041633682
1195677012
1250923965
1021237934
1376469020
1012036945
1179941933
1315122467
1157119600
1020614012
1037212316
1247791308
574813
1390189557
1077659906
1207841939
1157321470
1024463491
1071695406
1013415061
1012035424
1064181146
1316272129
1253902367
1375593531
1021183574
1238829137
1372259164
1427691367
1512799833
1049689067
1323128986
1503291123
1059550766
1282378502
1208414548
1316914268
1063524441
1108101749
1012547934
1012048415
1250952142
1045204014
1178382200
1503655947
1484898239
1036343737
1320827878
1324811788
1079782471
1519026850
1022643915
1041936836
1074250829
1012146563
1143829040
1144686706
1045227761
1036336961
1057101706
1316473401
1085057308
1086010238
1230911246
1015985378
1085379847
1513828251
1041639255
1090033313
1015062036
1125965853
1202603602
1315472836
1079759203
1042570887
1021499449
1321029187
1085999212
1057519345
1158039784
1098916442
1053064911
1041648839
1089766769
1317403354
1012716147
1064192107
1055623839
1159198924
1085984447
1062467634
1242793356
1254940781
1318889154
1158273032
1186533966
1334867503
1089278121
1013597767
1084511684
1373885290
1021183329
1396728066
1252357974
1503745858
1015373037
1322982223
1091064116
1137722151
1052292165
1013591413
1482177160
1041939510
1209534756
1221923388
1474920384
1324226299
1057711788
1022650401
1106873046
1427676613
1031865415
1014939781
1396710027
1041946217
1178383282
1326175953
1204558752
1251005087
1057510809
1289663946
1361235466
1503711323
1021184978
1015067218
1098999575
1317787323
1041663294
1049759867
1470652203
1253476831
1052261471
1278310751
1230897796
1470592388
1041158759
1012717670
1327430533
1086025828
1041656031
1087426373
1056614486
1057480880
1096466152
1445141308
1484922600
1012150728
1315232974
1041643873
1097083149
1084601139
1252341176
1026791633
1036339725
1011869530
1321101292
1013417103
1378282399
1520273282
1021184012
1055264027
1086690990
1141865544
1323309766
1511950014
1517800602
1096288687
1057756300
1152507572
1051211088
1207763596
1327474971
1252589574
1335950231
1435314952
1495559101
1375282
1012717110
1513569323
1315568672
1519852749
1019405936
1021184344
1026793403
1041611651
1057416420
1505908509
1015023585
1055731943
1280753981
1279529657
1427610109
1428590588
1467204151
1041636285
1057442964
1470521632
1051218747
1497754018
1503508041
1505457480
1158251505
1306104238
1286861584
1041689302
1368890247
1143459576
1041666135
1497793842
1503532497
1015031650
1041625098
1375294
1288730807
1012880658
1043853146
1028499933
1027934642
1013588533
1042306072
1028500944
1080046214
1013605096
1505451971
1073550610
1324791524
1013673229
1501742846
1503522112
1513566178
1014934704
1015371976
1021497976
1026121264
1012147617
1041668191
1021502822
1080058856
1013674147
1503269661
1513831627
1516946295
1015111345
1503616600
1513880940
1021186161
1012758269
1055617265
1041670715
1021498102
1012252442
1030522545
1073553456
1021499193
1012239640
1030576475
1085379443
1086706818
1112846998
1470590557
1055733247
1262089606
1501782853
1503558997
1026789524
1055615480
1012289380
1012716230
1012715438
1012209825
1015948189
1015985430
1012159389
1012180025
1013581647
1021788739
1012922011
1014938678
1015031511
1015071219
1015166855
1057408070
1013673829
1015031255
1088751741
1145231682
1154597159
1155310928
1207823167
1252101144
1252372258
1012715924
1320847669
1321192137
1354916334
1411736538
1453632184
1467208983
1467213598
1480513351
1499289760
1501288248
1013413312
1013414946
1519807159
1013415982
1015071439
1446533680
1447400786
1520542452
1014942541
1012717003
1282690655
1425655900
1459009170
1013600869
1501762341
1252352732
1252377771
1255014163
1472684975
1520398510
1013412941
1015071742
1057760009
1516328741
1524283095
1013392916
1013596026
1015032441
1015070233
1475443679
1030937262
1037376566
1419299938
1075035270
1253995982
1254035915
1304364233
1360944488
1394669759
1467206465
1488685362
1513591045
1522745247
1041715414
