1005166934
1517692840
1537867787
1517615150
1532362514
1526148486
1516362076
1481809286
1482793249
1154725551
1539034474
1504665708
1277612638
1492280474
1518380625
1458785853
1502921508
1056098150
1492204201
1506045418
1473710649
1480389039
1472692469
1481856864
1468078681
1435713977
1493046480
1089315297
1526936752
1524229506
1011206170
1252594435
1527232942
1088711781
1463989106
1525544423
1520474913
1126826286
1172642154
1466247111
1534748056
1530130335
1142844210
1466699558
1338371792
1278225502
1531175704
1524704123
1145890241
1457621918
1279444631
1522777753
1472696795
1465703514
1265508179
1122153793
1280883304
1267840831
1501203782
1416597345
1016496281
1037184635
1305931290
1210087555
1519712301
1088695562
1026621850
1304589504
1513488037
1536183739
1250633881
1480792461
1250393284
1461104649
1253613212
1363142521
1506021934
1238784648
1156173865
1519095891
1531494685
1536739266
1467986860
1208019212
1455710842
1473115638
1085333592
1520607003
1477380869
1480476473
1097045758
1031908489
1270286206
1211947461
1463756195
1207320348
1498141435
1517760247
1183790866
1493070581
1150625442
1030667183
1524903935
1528407630
1486081631
1072449347
1503141623
1523704696
1316632791
1518536573
1481883363
1536789118
1529050169
1030979447
1537332355
1159960616
1177482581
1276676228
1538890412
1338266865
1357484630
1033998923
1312392943
1211935582
1531796827
1309469010
1459033243
1538890412
1505696060
1278225499
1087362447
1492281423
1531209021
1541556489
1072438118
1531969279
1453709439
1340421197
1488656520
1210881040
1317910411
1338266864
1217155417
1247279389
1315086848
1179467330
1503963246
1262691275
1316656978
1181322422
1318823299
1102675531
1145009878
1371489329
1419501851
1505183478
1472322571
1411940423
1466768400
1492305380
1531491433
1529050169
1293075431
1543120888
1041530914
1466487461
1483258123
1472017342
1246303688
1170169880
1100311227
1115886045
1356929655
1546167907
1262307959
1268746504
1411897686
1483889934
1298817405
1170213223
1507874821
1082219026
1072444141
1234188382
1319414974
1458333234
1247780361
1136874679
1329901600
1349277055
1464512455
1481390608
1483352077
1500132857
1524115017
1370988389
1296907936
1330461299
1444568280
1518525307
1089162888
1126904820
1380734781
1314683197
1035836540
1036814178
1466695147
1042490201
1422417962
1463820728
1257064865
1250424702
1499656985
1164863654
1052296207
1250615194
1298831825
1149636910
1356929655
1425301561
1484790733
1437052087
1476269494
1458685751
1459731823
1480119939
1021422453
1113245666
1299665324
1330830335
1466776630
1460320120
1497880936
1465708693
1475082875
1499824117
1262080295
1409443039
1328082488
1361671800
1089107792
1312303359
1484790733
1149636910
1272114992
1499656985
1096477778
1252207378
1458941212
1465708693
1466764853
1475082875
1493046485
1262080295
1361671800
1380345498
1453623252
1480098623
1480779627
1497880936
1319805350
1503371791
1076418507
1476755775
1298053761
1488805297
1021421867
1113637713
1183437260
1212581685
1348379781
1244508166
1484789795
1190573176
1174879556
1317054450
1250432433
1367720976
1452200162
1465687003
1473006090
1500580344
1504866578
1525061448
1212403078
1419249617
1458686180
1480084925
1511108062
1522790604
1540850496
1282031074
1037165144
1532654736
1116023486
1483888830
1055617217
1192735149
1477138995
1511103267
1296299757
1136873056
1282270203
1211945937
1474746644
1051010617
1255708430
1282103184
1383057658
1459590234
1247483490
1088703671
1470623526
1516592601
1222065569
1279968475
1286060172
1505964674
1533350332
1224296892
1354326985
1435719282
1458791097
1524927251
1536746873
1535647234
1035972367
1115826508
1307869582
1510929352
1083769973
1321619470
1464556797
1238888282
1527707020
1051011935
1273721202
1486869105
1478270191
1453657695
1480417324
1504103416
1525735508
1533329862
1278233776
1492735362
1494114918
1509662726
1532773007
1534165939
1536690566
1506910385
1527132948
1541420833
1465094232
1529851771
1390428255
1311165289
1523794031
1510897406
1086897015
1474746644
1238830400
1409450639
1082223206
1505965746
1364096807
1385688646
1466342661
1493438375
1497571154
1501209945
1503668509
1524889933
1531386851
1021422729
1140065447
1184641844
1284008108
1331714294
1474431594
1491992897
1502433367
1510138099
1519609376
1525911116
1530783045
1542671591
1544933212
1545974114
1142756524
1032087797
1116047970
1037660262
1461981289
1526956514
1486073966
1503665178
1525935696
1528715492
1534806357
1540483245
1224293199
1538669510
1333018548
1388096109
1466207298
1493422863
1504334658
1516079475
1539279080
1540556503
1162377188
1522274654
1178045110
1270316276
1536752168
1372057875
1450834580
1463794973
1321201929
1038059810
1478718577
1495350138
1497674218
1538681626
1480797386
1086701064
1528714073
1536732266
1539275239
1541491356
1115875154
1178045110
1227920602
1270316276
1372057875
1450834580
1463794973
1473638859
1509386120
1523803051
1541873498
1195203338
1262130885
1275258151
1283953918
1307810694
1311167150
1384806714
1142785647
1037678859
1424057879
1445263707
1446455003
1460326843
1466209928
1475331434
1482358787
1543396054
1498652935
1508179868
1512203062
1519786826
1538940575
1539940631
1545711003
1041529573
1463243287
1096482552
1108524942
1181030352
1298848194
1254629848
1256991950
1262736782
1280713501
1307806399
1367614039
1415367084
1316570826
1494678657
1478718577
1143850385
1141700210
1179516972
1388098862
1419510007
1435301857
1459585741
1459773154
1460326843
1463806539
1467225032
1468953529
1481943993
1482465918
1484679844
1488131032
1489708160
1493948022
1494111137
1494971309
1498884710
1500558106
1505968742
1505999288
1506776161
1510760811
1513279495
1321179590
1105633910
1521647350
1524045931
1527689973
1535938469
1538097989
1539214117
1541057249
1531661738
1217888680
1446518582
1460326994
1466768740
1470621062
1481966513
1486081158
1484664891
1510582086
1519639608
1544953948
1207280738
1224755262
1280771188
1284222471
1526980456
1392229553
1462014846
1473606437
1493052802
1321231675
1013505199
1209719235
1527025674
1114681075
1115823042
1484664899
1280771188
1284222471
1392229553
1460322417
1462014846
1473606437
1482383270
1493052802
1493420831
1500692451
1506365982
1508072980
1513939290
1530126769
1389207311
1446586959
1468250532
1502869861
1536499192
1545961133
1217450474
1241459467
1250696928
1136866696
1437184276
1310051323
1526432952
1311537166
1115872412
1484672908
1333147596
1376326118
1384513668
1435299519
1460932503
1468437319
1482388688
1474258656
1479549414
1493070579
1499727585
1541870855
1041532604
1077802754
1083050838
1141714422
1167272656
1246657747
1265597193
1308018479
1313311468
1349295931
1351077489
1500563054
1121565478
1149617782
1181166474
1307260552
1309060452
1316626055
1512131882
1136866697
1487941176
1526630879
1096230535
1321634253
1468250532
1267935973
1389217358
1511322464
1540793697
1035382708
1082598049
1241465831
1309081667
1383735463
1384513466
1435299576
1451629503
1457294162
1457882338
1458317720
1460935676
1465036482
1465073414
1473270318
1475988225
1478258393
1479087146
1481871460
1484042239
1484907626
1486037705
1486072568
1486080847
1490687391
1493483644
1493496476
1500753385
1507207888
1510811993
1512211216
1513499953
1517344153
1519364700
1523811472
1523915728
1526609876
1529359273
1530414100
1533493199
1533893371
1535107525
1536529191
1537227164
1537940478
1539285641
1539940039
1540464552
1543392730
1546348588
1448308129
1535120075
1061223595
1236402394
1396762595
1401778916
1435719281
1440804031
1524078902
1530650873
1530681397
1540843626
1256167214
1295452652
1463793777
1531700
1018267080
1042841687
1069232248
1105002319
1105019874
1100963517
1103210986
1108527521
1115900523
1116042854
1116045862
1117824709
1131211234
1143324215
1185799700
1173801131
1177137048
1181394744
1186289170
1187416498
1187928483
1190354183
1190395152
1205415445
1209557635
1213124236
1232738509
1224928121
1227959986
1229713170
1237581089
1238100486
1238121954
1238748502
1445580734
1244082485
1238121954
1445580734
1244082485
1244204082
1244301910
1244393785
1244542141
1245020511
1245063917
1245085597
1245434715
1246273609
1283446892
1246548036
1247749600
1252192539
1250612767
1250833779
1252164272
1253780470
1253786818
1253794707
1255184946
1296605409
1259478128
1262089574
1262125426
1262740905
1263533950
1263605954
1266874357
1268790821
1275252282
1278079625
1278167822
1278232388
1278592721
1279253775
1280143408
1280629994
1280920768
1280987075
1283378977
1307383469
1308067831
1309113497
1310048953
1310052705
1311167126
1313145970
1317917703
1317927177
1321626219
1322860459
1327496000
1333142297
1333145749
1335200194
1335546397
1335551625
1346208569
1346317049
1347050194
1347055371
1347563812
1347566734
1352829407
1368230735
1368229281
1368230378
1368230667
1368272084
1371729788
1372499731
1372498982
1373506035
1374387310
1377340334
1377608473
1377609184
1380371623
1383057534
1383709325
1383741015
1384514029
1384512521
1384514130
1384532514
1387991768
1391598829
1390368981
1388031699
1388097517
1388099048
1388438543
1388802299
1389051072
1389237791
1389371478
1389372097
1390066091
1392557835
1396761019
1396761418
1396764931
1396762696
1396763016
1396764952
1401406064
1404511394
1404536840
1404542645
1405008901
1405059523
1405529219
1405532618
1405535873
1405557939
1405558428
1405558619
1405558619
1407447539
1407880287
1407886101
1407889172
1408766250
1408892195
1411095310
1487696337
1415121490
1419577489
1419653795
1420858278
1422232496
1423995294
1429972574
1443081122
1436477057
1437632328
1439217337
1448684066
1448675465
1440783700
1440799614
1440809829
1444552117
1445811891
1447755097
1447755225
1447886414
1448323965
1449937540
1452119879
1452563814
1455310832
1459769301
1460115255
1460327134
1460326536
1460320103
1460321021
1460323812
1460324008
1460324650
1460325051
1460326872
1460691682
1460806079
1461996937
1462001022
1462516085
1462832519
1463690698
1463787057
1465039145
1465051832
1465736904
1466179157
1466213766
1467218249
1472476477
1473126110
1474174042
1474304750
1474365979
1474874861
1475183181
1475191090
1475740993
1476224277
1476521424
1476824520
1476867755
1477918209
1477921688
1477924750
1477924837
1478118077
1478133032
1478346902
1479849459
1480480113
1480626554
1480696774
1480792719
1480795261
1480796504
1481179813
1481196726
1481631506
1481638612
1481855587
1481869192
1481893524
1481945850
1481980601
1481986023
1482395064
1482398637
1482407925
1482651501
1483069877
1483069916
1483071166
1483071355
1483072248
1484018175
1484667610
1484667814
1484670914
1484671295
1484672249
1484672499
1484672646
1484673714
1484674507
1484674517
1484674628
1484675693
1484675700
1484676086
1484679572
1484679951
1484679969
1484680450
1486037481
1486070904
1486070914
1486072583
1486072786
1486072796
1486072927
1486073586
1486074647
1486074814
1486081729
1486081129
1486076595
1486077421
1486078373
1486078680
1486080017
1486080454
1486081142
1486221815
1488437289
1488639256
1489429677
1492011541
1490402216
1490446523
1490454076
1490486117
1490494128
1490656056
1490684860
1490690675
1490854946
1490856294
1490868161
1491115743
1491467183
1492005931
1492341612
1493457971
1493489905
1493945213
1493945295
1493948391
1493958653
1493964266
1495746719
1496571715
1496751471
1497250412
1497321301
1497346560
1497375264
1497561339
1497754674
1497346560
1497375264
1497561339
1497754674
1498066363
1498195421
1498476675
1498723924
1499311798
1499454379
1499891565
1500507633
1500733206
1500787733
1500834733
1501029784
1501032937
1501168385
1501519038
1501977524
1502210965
1502848067
1502853885
1503332281
1504074296
1504517176
1505404820
1505800905
1505968731
1505968831
1505969042
1505963847
1505964096
1505968638
1505964413
1505964684
1505965187
1505966512
1505967552
1505967678
1505967684
1505967699
1505968346
1505968353
1505968546
1505968560
1505968760
1505969239
1506174333
1506214336
1506211792
1506555215
1506927101
1507870994
1508054251
1508057394
1508082961
1508117320
1508590226
1508658120
1509146652
1511205770
1513172308
1513276916
1513279578
1513496759
1513918403
1516641058
1517564939
1517741338
1518390985
1519713064
1520890490
1523258436
1524279716
1524577033
1524889960
1524903795
1525716894
1526390181
1526614871
1526618683
1526625431
1527008645
1527013562
1527029600
1528713866
1528718814
1528719743
1530128739
1530421965
1530422870
1530424540
1530585274
1530854600
1531067710
1531242572
1531293185
1531392849
1531644605
1532641837
1534165623
1534166075
1534186374
1534205163
1534969543
1535107676
1536365852
1536383948
1536440257
1536607810
1536724318
1536750129
1536759286
1536784975
1537241596
1537667106
1537868737
1538968729
1539920447
1539932822
1539934784
1539934976
1539936959
1539937686
1539938167
1539938180
1539939153
1539939341
1539939369
1539939380
1540128185
1540128195
1540146689
1540154978
1540365488
1540459281
1540473142
1540476235
1540503097
1540801542
1542505182
1542606432
1542879919
1542969531
1543073096
1543151561
1543396845
1543398663
1543399488
1543513522
1543766477
1543834458
1543893105
1544297890
1544943414
1544977207
1545000366
1545059972
1545145931
1545231874
1545954130
1545978427
1546201897
1546296723
1546331733
1547350248
1547520806
1547532022
1547630881
1547895761
1548827373
1548891278
1548891525
1549028259
1549219575
1549219661
1549568342
1549577045
1549577760
1549577045
1549577760
1549710554
1550144514
1550187409
1550290786
1551733684
1551747211
1551885362
1552093437
1552146919
1552204419
1552331594
1552482004
1552744960
1552846621
1553278423
1553279077
1553282320
1553505923
1553783537
1553968955
1554233748
1554693379
1555403680
1555410300
1555440826
1555955046
1556040993
1556048019
1556421310
1556554434
1556762991
1556802839
1097296089
1522754048
1533975087
1020435800
1460109801
1540354772
1304814090
1499794888
1523116085
1122169756
1247782045
1518261957
1511823690
1500244936
1116931804
1519262233
1526610126
1207843678
1520375606
1336720599
1542928649
1333927428
1479341181
1524898907
1538056494
1425758842
1472226596
1494489651
1476821743
1533254271
1514459111
1085543633
1461653648
1202918430
1337694239
1504326050
1539464538
1118671780
1147168631
1215422043
1222923832
1293023495
1309709771
1320295677
1335878823
1405064481
1405067451
1405533690
1408894672
1470768659
1477063224
1485782190
1485798269
1493947316
1495873130
1498709000
1502728000
1506051188
1506206876
1531620872
1539046811
1539186186
1547583253
1500169429
1408772165
1527712795
1179557880
1281293542
1364286105
1494407238
1488551558
1546152803
1088699282
1181786547
1235180185
1235245351
1254588270
1265631130
1284222810
1285942995
1286021157
1286324083
1286767752
1322369305
1335574263
1335574266
1483069976
1483070765
1483070770
1483070961
1483071061
1483071184
1483071343
1483071646
1483072841
1487325531
1501615948
1506710484
1506849913
1507159169
1508352799
1511534033
1523910626
1524031546
1524050591
1527360128
1541894457
1545219367
1545963787
1545993267
1546371873
1547462600
1548724762
1552359046
1553030488
1553053845
1553061612
1553068112
1553481202
1444572320
1179907693
1380816725
1512221668
1271135008
1474542911
1405072743
1506797836
1100431086
1536370257
1149759033
1162381883
1162390797
1187937350
1229973541
1405933152
1462070093
1491253748
1520406029
1276020126
1485125984
1503283788
1539940441
1553540685
1105936481
1248341353
1228783250
1187937350
1229973541
1405933152
1462070093
1491253748
1520406029
1276020126
1485125984
1503283788
1539940441
1553540685
1105936481
1248341353
1525061446
1116017032
1228783250
1502624220
1485120292
1491402326
1127024930
1505580202
1519781389
1523645795
1253868879
1318080805
1157262232
1441889002
1116078775
1504227636
1525900096
1159388367
1238913472
1354711287
1534813183
1149795390
1507485675
1307484678
1312318217
1506797202
1537219747
1444563579
1224647624
1435705645
1522915163
1537543684
1307832231
1500741853
1506797836
1476567918
1353497269
1355344647
1356210050
1171410573
1490928646
1452116833
1482974683
1483071599
1523600913
1543289023
1187900092
1531332812
1540128042
1542403720
1542541672
1543923473
1545866617
1482828491
1498715262
1457381824
1482963720
1491135446
1511717550
1536789118
1482979355
1148067400
1235565278
1457389203
1482970806
1538805117
1472182054
1536239237
1130602987
1162194263
1164014797
1193101887
1204889286
1205315797
1218976039
1235535061
1266307137
1360747551
1360747755
1404479183
1405423285
1405425654
1405534857
1405549237
1452130531
1457393615
1461989714
1462058624
1469642016
1476882267
1482678165
1482684871
1482961819
1482968310
1482976581
1482978150
1483069567
1483070718
1483070755
1483070760
1483072238
1483072274
1483072733
1483072836
1485512383
1485583214
1491223224
1482978150
1483069416
1483069567
1483070718
1483070755
1483070760
1483072238
1483072274
1483072733
1483072836
1485512383
1485583214
1491223224
1499617095
1501040899
1540843018
1546263967
1548180090
1548237781
1550969635
1553210883
1553485309
1553508767
1164014797
1019819250
1532731504
1030225980
1112906367
1482809513
1539985066
1557316134
1557864555
1236602904
1557790356
1479247627
1479907026
1473605286
1128815765
1005390413
1282614208
1505514317
1513524398
1501068218
1185119053
1396761410
1482816038
1488823718
1459755215
1123822426
1488166248
1495873482
1140121973
1136310544
1307205356
1488181893
1498717458
1501067414
1501229278
1501229525
1546773892
1546773892
1193122263
1326640164
1337969711
1478710820
1472867654
1246753501
1072867866
1501026669
1546332071
1022063317
1145653548
1417642329
1027377615
1263982431
1314956441
1526546040
1468249271
1335181271
1494145976
1134460301
1219393861
1515397479
1221918165
1280895372
1034286512
1088705947
1145639403
1207826096
1453752923
1490788349
1456754582
1458326334
1538037614
1163102622
1463642969
1514610721
1024652120
1509673912
1514614707
1212556499
1234396099
1501630848
1502429312
1502747901
1507675753
1482970790
1444569909
1502735271
1494811151
1278101390
1405535342
1459590234
1504483262
1506551629
1049963163
1317107366
1505912283
1514617960
1521346929
1543927903
1545599233
1207830931
1445934998
1472393981
1480515525
1482967795
1533623079
1545151900
1552184807
1489730811
1345259151
1462288363
1513578404
1517457622
1528220059
1466567482
1469662572
1502560338
1505221523
1505277209
1531055322
1333409696
1366181532
1444560930
1461480548
1477747662
1482981429
1501493845
1510061856
1530083171
1164413628
1251554578
1405533115
1506456666
1280919701
1538036525
1208658565
1482822457
1534664980
1234389062
1470927339
1538000295
1128352247
1226753586
1268700206
1319587871
1333308951
1405557973
1405559126
1462021739
1462025620
1476823122
1478680611
1479808058
1482963705
1482976556
1485670647
1485913237
1488004392
1495861528
1495871683
1498708985
1498712806
1499637739
1501478590
1501603903
1501698349
1502053227
1502246442
1502507688
1502528768
1502541958
1502604855
1502715374
1502798360
1502865180
1503018049
1503455633
1503534810
1503698706
1503912777
1504013030
1504273606
1504639988
1504722349
1504764249
1504949863
1505110021
1505414481
1505514903
1505567332
1505919389
1506354989
1506445342
1506618275
1507078190
1507271536
1507448310
1507900596
1508211284
1508518975
1508819984
1509668756
1509824396
1510231333
1510278273
1510689519
1510891771
1511226531
1511454552
1511779776
1512198116
1512324239
1512734104
1512985285
1513285546
1513807454
1514087670
1514429274
1514714761
1515168814
1515370703
1515722329
1515983455
1516111994
1516258928
1516510697
1516998027
1517125165
1517325278
1517678650
1517815710
1517994667
1518149691
1518237682
1518395748
1518635316
1520094423
1520146282
1520392528
1520783903
1520866273
1521142363
1521736331
1522079072
1522376604
1522576191
1522759092
1523012709
1523191914
1523346144
1523555017
1523625892
1523648603
1523812101
1524053688
1524291182
1524395910
1524961540
1525289028
1525671145
1526070585
1526242832
1526569715
1526763567
1526999593
1527145443
1527350446
1527446824
1529231558
1529468419
1529711885
1529907060
1530014346
1530506684
1530754287
1530946898
1531205387
1531377281
1531834474
1532076106
1532401623
1532554628
1532837025
1533856087
1534242688
1534842658
1536544564
1536564385
1536620937
1537482183
1538653393
1538668863
1539216756
1539290078
1540195438
1540448854
1540494992
1540504326
1541017002
1541300627
1541307906
1541515453
1541781458
1541909781
1542065744
1542254209
1542718500
1542889269
1543133076
1543303523
1543387833
1544724826
1544735665
1544796861
1544832542
1544838306
1544843546
1544848817
1544855287
1544920561
1545001408
1545044132
1545099287
1545209832
1545233587
1545330951
1545348215
1545410455
1545503543
1545679099
1545733001
1545743599
1546054754
1546056927
1546223206
1546409748
1546543092
1546554679
1545733001
1545743599
1546054754
1546056927
1546223206
1546409748
1546543092
1546554679
1546645590
1546763536
1546849557
1546909192
1546960917
1547007482
1547050135
1547366222
1548127964
1548137036
1548226116
1548325073
1548388338
1548424804
1548462788
1548481758
1548489354
1548510577
1548609300
1548693908
1548696773
1548906901
1549122502
1549598523
1549751200
1549826458
1549901386
1549978529
1550672760
1551111868
1551177013
1551328734
1551374592
1551473517
1551516547
1552128954
1552351573
1552389503
1552644970
1552771759
1552888791
1552934826
1552944864
1555492800
1555542592
1555586392
1555592951
1555657940
1555719541
1555727183
1555788123
1555846894
1214908109
1228916895
1229296307
1230201856
1230210909
1263922600
1264069653
1280931720
1312234753
1312288210
1317948115
1329883032
1329882861
1354976656
1370068728
1379708056
1405004319
1405535932
1405535399
1405547001
1405558307
1408788320
1436197610
1466551521
1475056834
1482835374
1485544470
1487405425
1495875665
1497306437
1506884068
1509020814
1509228010
1517708609
1526052910
1528682909
1541370707
1543434089
1544074308
1544081423
1548740737
1552221251
1541577865
1461117776
1516676288
1054183103
1539011183
1498712701
1495873398
1534155267
1498713968
1501074973
1290633264
1319501475
1345788072
1537994401
1548052150
1347507982
1536874209
1521956480
1286680622
1209111577
1431892875
1528750520
1227937183
1231421296
1024652123
1043085328
1449501911
1495844676
1495870393
1495874469
1506778911
1549352123
1552173609
1232973961
1243809138
1293671757
1308530200
1287276418
1166136667
1491685069
1138993952
1445216194
1058838959
1084324634
1270293528
1548221917
1451358107
1487704674
1475511216
1366457529
1555711146
1445141683
1351637218
1498705259
1225621363
1292406279
1481850537
1521120896
1038136294
1524283530
1078076031
1116956518
1267967716
1466713074
1034969110
1518381912
1116956286
1300697315
1363460839
1459112742
1512151778
1008264768
1197931855
1197984648
1536761588
1428858209
1451628831
1501514559
1366457529
1558815753
1408707586
1412356858
1445141683
1351637218
1292406279
1498705259
1038136294
1481850537
1521120896
1267967716
1524283530
1116956518
1466713074
1078076031
1034969110
1518381912
1116956286
1008264768
1300697315
1363460839
1459112742
1461774830
1512151778
1197931855
1197984648
1479115770
1536761588
1428858209
1451628831
1501514559
1506819073
1544953279
1524015584
1324612087
1518973935
1525387785
1544941452
1287286878
1252277156
1139346885
1472492386
1476290522
1481520342
1486885421
1531347857
1345538841
1539145532
1502335350
1503316470
1521941307
1532519808
1544130277
1153728308
1447853331
1522075437
1526163828
1145655910
1280907981
1545594020
1545875858
1548192834
1549564441
1552460145
1404523191
1526168434
1545711278
1207400853
1485045509
1537740477
1103688227
1119522891
1171911544
1163766455
1273315208
1326605579
1528249512
1543534237
1027357615
1140121974
1287284132
1032020459
1112857585
1163999328
1210770175
1217900905
1247420378
1252277161
1280869395
1333548201
1428666090
1429541790
1432859303
1435233667
1445128432
1461567659
1466434238
1472558148
1482065532
1482263701
1482409612
1482451566
1483347681
1483389092
1483393389
1483472993
1483556809
1490420058
1497753756
1501206406
1501509111
1502004899
1502494024
1502858218
1506655194
1508117005
1508374429
1523230537
1529264123
1530476620
1534037347
1536741125
1536759286
1536784975
1536824938
1540447947
1541194393
1544407781
1550914218
1550986255
1552125212
1552159085
1552171511
1552557835
1552802230
1165027355
1265536016
1166544749
1540828448
1498264181
1102256671
1136663537
1219465045
1016235245
1032317695
1478747681
1270378651
1364217966
1463645355
1492082399
1500985935
1544757697
1526049180
1020840450
1268674780
1321467964
1328589229
1111290259
1523211232
1134941493
1514114311
1324893638
1353257735
1404509609
1407443718
1481893457
1489656925
1501503812
1501536527
1501540177
1545708134
1545704492
1552291348
1084523041
1327312327
1311368509
1485100978
1078373850
1091235504
1150700731
1340376415
1467259666
1485545847
1189487480
1471366713
1391711652
1158289152
1453937177
1345650342
1478205526
1135417546
1282929662
1292079882
1311758218
1413697184
1069888192
1492705900
1531596452
1555492800
1555542592
1555586392
1555592951
1555657940
1555719541
1555727183
1555788123
1555846894
1556241600
1556310962
1556773376
1556799961
1554019918
1554023432
1034279459
1137427828
1500932542
1517479683
1531970119
1376427021
1194641103
1556717442
1536792592
1539497440
1134774544
1134792487
1535045376
1523490193
1083126552
1530470682
1545210073
1460893378
1534300937
1271486577
1508157040
1514665816
1031987050
1093643106
1508157045
1537238616
1535045376
1134792487
1523490193
1083126552
1530470682
1545210073
1460893378
1534300937
1271486577
1508157040
1514665816
1031987050
1093643106
1117259261
1508157045
1537238616
1543519749
1024655674
1253123400
1301782712
1484583608
1490038524
1499996019
1508120406
1518945961
1531150920
1545431014
1554076329
1554076621
1312374359
1485563142
1488742033
1523968381
1527851207
1482917463
1522471735
1230203073
1320222894
1474441320
1496496825
1508156106
1511231448
1354953681
1031980671
1263392151
1476066110
1478794172
1482199890
1527821623
1100067897
1345679301
1128773369
1134738933
1200840439
1223151707
1250619054
1283955504
1301773252
1319990739
1320614621
1324603050
1324990852
1327565562
1347051045
1355952732
1373284412
1402418040
1405556766
1415452913
1428871065
1434639673
1479960969
1480954828
1483439760
1500436244
1508154574
1508155880
1522593202
1533974681
1534053086
1538182742
1540995593
1545705789
1545870319
1548531388
1550785321
1552034542
1552304632
1552455796
1552633212
1135711838
1337808500
1523253496
1189827804
1483072648
1345414092
1483068415
1483070966
1497964302
1517950706
1041420727
1480744909
1032148844
1038026370
1085903979
1085943792
1207834625
1228978516
1229215098
1247410226
1247433926
1259670031
1278556274
1282878914
1287971802
1310313990
1311286096
1318401416
1321021635
1341519654
1416181524
1454339663
1458928464
1459420523
1460887061
1472256945
1472356628
1476069672
1476073126
1476076139
1476080195
1476082617
1482339384
1482664382
1482672254
1483068410
1483069187
1483069411
1483069971
1483071056
1483071663
1483072041
1483832249
1489933399
1490170441
1491554882
1494814814
1499762265
1500387012
1502862070
1502868212
1502876930
1504191575
1506313893
1510360300
1512213529
1518165546
1522143344
1523220696
1531277287
1539062476
1545711273
1547789772
1548147425
1550801510
1554569930
1555087410
1472489822
1024755001
1117591821
1209892942
1472067993
1342853716
1512229154
1045363460
1472791748
1480777488
1532508847
1021392285
1204038344
1207322588
1405424309
1473837391
1476540553
1478186235
1480699532
1480743395
1480779443
1506999944
1445687212
1447018837
1131490894
1506676130
1085578924
1106809391
1149763565
1326016942
1465511859
1084480971
1473676623
1502588946
1530900228
1545703920
1545712945
1546472360
1241223520
1170285660
1266695483
1079846319
1235140674
1278599052
1301757499
1301829524
1462297037
1462308651
1490544987
1508197867
1511766093
1034282732
1022555840
1341667105
1024692824
1030471790
1032003176
1475652370
1501198010
1094368442
1533924021
1501474487
1490692157
1206950250
1236168149
1247444473
1475602074
1485100980
1321111717
1444632403
1293514711
1509790562
1527753146
1542236541
1544941452
1113000788
1172998112
1500379680
1532649655
1344144964
1405558816
1533778794
1092446186
1473858011
1032727598
1082530804
1501550855
1531161743
1535669001
1541969408
1501216369
1502062274
1533375710
1137666653
1195290145
1195860366
1204886938
1205511539
1234439403
1235033943
1257875658
1277884632
1301738599
1320524692
1333305917
1356110213
1394379677
1404088229
1405424061
1405426060
1405531054
1443194306
1464321686
1467378569
1468890267
1476268337
1479254379
1479313690
1489166761
1504204584
1504460473
1513918691
1517501624
1518027903
1520179252
1520665468
1522640262
1522757095
1526882331
1529137721
1535633665
1542405361
1544083938
1501216369
1504204584
1504460473
1513918691
1517501624
1518027903
1520179252
1520665468
1522640262
1522757095
1526882331
1529137721
1535633665
1542405361
1544083938
1544075769
1545571254
1545712431
1545708313
1545869771
1545872720
1545875366
1546522133
1546535918
1552449826
1555462331
1555461828
1555478939
1194641104
1362024323
1215553448
1231427163
1486877350
1493221282
1537981801
1086153466
1101233119
1204164393
1430611456
1195207523
1208858580
1230278565
1247425784
1267527372
1271471966
1276441760
1278405305
1279930793
1334008539
1356823313
1435566468
1451086273
1482662595
1484297983
1489873174
1490141003
1498245034
1500335912
1524617515
1534761046
1215791891
1235038332
1179548546
1293678718
1545712307
1272343560
1276079690
1455930176
1060948644
1084393855
1254180454
1029226860
1252911185
1160794750
1478579663
1026723243
1293647346
1027374703
1475622808
1475768921
1527036163
1262090693
1321233656
1381368776
1405533111
1405548552
1492779027
1509760853
1537707434
1544666593
1545707499
1098513374
1208006763
1317465559
1477004900
1480733183
1512322160
1068836120
1242879882
1255274295
1265255498
1301788018
1347861775
1350568149
1419413709
1462297037
1462308651
1104740301
1219384673
1356930448
1362031162
1157492456
1342943079
1393076451
1480779463
1043150557
1223140895
1489812144
1532700733
1091879738
1301788018
1327809970
1347861775
1350568149
1419413709
1512322160
1157492456
1356930448
1362031162
1104740301
1342943079
1393076451
1480779463
1043150557
1223140895
1489812144
1091879738
1498480056
1037465389
1032441616
1493405791
1175659272
1215314847
1506749940
1522170347
1045529558
1085597447
1316871277
1528754141
1067630349
1278676933
1427453049
1527294197
1029411004
1087314835
1497659043
1022598388
1384418060
1200578794
1200387388
1375133908
1092446294
1149779556
1527704460
1534975534
1415181925
1495049060
1496645753
1534517789
1506765281
1523238938
1485315915
1498217454
1430485559
1484838415
1523276149
1108746772
1448793153
1481680387
1493281126
1488320628
1120037121
1155320800
1218432026
1451921365
1479454371
1479655363
1528728627
1528731833
1528752175
1547867369
1200815388
1327941035
1331364360
1528808077
1536107183
1540151382
1232552437
1245486609
1278250195
1347402147
1405524715
1419169933
1438947211
1488790679
1514642831
1522659656
1522769252
1522774354
1526104313
1555087410
1273339927
1499752881
1507833690
1405043179
1511686041
1518256149
1529683065
1053931252
1133894511
1134286280
1134513232
1182886715
1191420592
1192736163
1198055889
1198368587
1212443812
1218971738
1236296234
1258714122
1265294707
1266306040
1278579218
1282467939
1285622022
1305073583
1312772256
1327843850
1333179110
1198055889
1198368587
1212443812
1218971738
1236296234
1258714122
1265294707
1266306040
1282467939
1285622022
1305073583
1312772256
1327843850
1333179110
1333306915
1333309397
1338433699
1338938291
1355242976
1374262999
1384516258
1405066624
1447734636
1460084258
1460117149
1475791198
1478229125
1479530907
1484831845
1490089184
1491216607
1495107346
1496715749
1496840249
1497263108
1499677347
1500345419
1501921056
1514337485
1514706990
1514717793
1516219786
1522189221
1522769034
1522774465
1523271035
1523290508
1523431496
1526104515
1526279859
1527294837
1527350510
1531466049
1535941194
1535943646
1537145401
1540323022
1540348687
1542412381
1544074766
1544080575
1544119132
1545706420
1545711201
1545877934
1545872391
1545874258
1545875346
1545875464
1545875480
1545875500
1545877143
1546543350
1547925312
1548013930
1548086517
1549021066
1551107814
1552750844
1554019587
1554058583
1554059985
1554102696
1555279497
1555461697
1555462910
1555475891
1301982774
1413078454
1487434316
1251015735
1475615798
1427423241
1442073032
1477753815
1517314699
1522163094
1528735273
1529539812
1093222888
1193058076
1506602557
1215367828
1243190344
1277138789
1314175225
1315172397
1323874349
1348769445
1361662341
1364168590
1364187622
1365135810
1368763530
1371472420
1373713987
1379124415
1379273474
1394289328
1408869823
1545706119
1551245626
1552334293
1223220133
1255275736
1041448923
1232559928
1034634965
1212280867
1027641593
1215353414
1496631722
1529520742
1164159959
1164959171
1165003782
1165142877
1087314835
1500111583
1544448468
1091936909
1116933372
1224477857
1164906659
1327757047
1038018686
1151246190
1253827818
1254036125
1286104065
1364271779
1371943041
1459542247
1476347706
1476541268
1544927180
1549192266
1479222937
1140175667
1474819207
1255275755
1493354625
1063416004
1142848065
1247518280
1273870869
1310965139
1383051625
1475345308
1479115768
1492763312
1500979109
1506736763
1509101897
1513494844
1517990778
1532520228
1545705109
1545707691
1544737273
1247518280
1273870869
1310965139
1383051625
1475345308
1492763312
1500979109
1506736763
1509101897
1513494844
1517990778
1532520228
1545705109
1545707691
1544737273
1053916845
1174636950
1264804379
1276112543
1314177995
1379126541
1505511369
1339540909
1476454910
1512762222
1496541058
1540153309
1427402693
1349363066
1516595669
1527203868
1310964157
1351296180
1496501610
1217631928
1086763203
1163124833
1476776921
1517241967
1029426681
1500962132
1532992011
1108747730
1498786801
1036347895
1477820807
1480889464
1554668650
1217214536
1226738487
1415767967
1498454364
1256968440
1143794884
1479657536
1514735929
1517778167
1529921065
1533377797
1533381543
1535059861
1545876755
1545877339
1475341750
1532519870
1240710710
1544797683
1200399190
1200426861
1441707592
1479656929
1493389737
1493395638
1512122437
1242599615
1508873234
1027406427
1478830648
1267625403
1368762322
1368762610
1479834764
1500956304
1511616078
1512049950
1528752027
1537253210
1526279751
1100402253
1218968791
1347543847
1484240309
1493418159
1494002335
1500073037
1508851306
1523753360
1525738723
1533380667
1535730798
1312692967
1520158775
1536783283
1141940725
1200408695
1486933633
1493545149
1502231142
1529376936
1497376752
1141233980
1171159982
1173815859
1184514352
1207614842
1236285940
1285922512
1321948220
1326948643
1329651424
1441708004
1441708693
1441709850
1441709947
1441709982
1441900533
1445788104
1451519857
1474104853
1479193113
1487881489
1490666438
1490681188
1493353116
1493389385
1493395329
1493406654
1493417670
1493460316
1493468760
1493539711
1493571963
1494025577
1497788363
1498247037
1500315510
1508851214
1508851825
1514709810
1514712316
1515458471
1516864665
1517022511
1518522063
1520175787
1520395210
1520744789
1522242428
1522767475
1522772479
1525994840
1526515391
1526517222
1527096332
1527287986
1527292072
1527294568
1527294950
1527354639
1527354031
1527351521
1527351883
1532994034
1532994140
1532992436
1532993552
1533233913
1533380694
1535044012
1535058953
1535064935
1535061054
1535941384
1536108471
1536114819
1536116264
1536918821
1541066997
1542412225
1542412467
1545706695
1545710114
1545877129
1546535013
1546642944
1546647003
1548081333
1549313647
1551583735
1551585633
1551730148
1552601228
1552647537
1552777234
1554020706
1554022328
1473423682
1486962606
1159548148
1244210848
1287735190
1473911331
1532675444
1530751774
1512122449
1526204496
1534360713
1479147695
1097214199
1142614305
1241482275
1364231372
1371471512
1477166394
1477169694
1480811861
1489724403
1496863442
1500921864
1500950189
1500951928
1500952077
1500952704
1500958473
1500963998
1502902332
1505347378
1509166227
1509602415
1517316562
1525743390
1527294934
1527354437
1536805476
1538060819
1538081872
1544679368
1545712357
1415521548
1134872251
1506756391
1506714927
1482296008
1485187040
1515409065
1160384729
1200789978
1482680228
1493571702
1510369523
1514560170
1532508842
1542557011
1252386649
1472668166
1532502908
1532467894
1385066024
1415767983
1441294670
1487548077
1513344948
1500963419
1500989945
1501667263
1506656212
1514570157
1525396275
1527292846
1527350426
1533239291
1533239475
1533316016
1535746200
1545712156
1545709103
1545712886
1097188083
1527012608
1255249176
1346156248
1484598056
1523698792
1523703619
1523705181
1529694369
1529695554
1529710844
1452480684
1479619509
1533317614
1535746200
1544078817
1545712156
1545709103
1545712886
1097188083
1527012608
1255249176
1346156248
1548129181
1484598056
1523698792
1523703619
1523705181
1529694369
1529695554
1529710844
1479619509
1517329700
1029721812
1452480685
1550189364
1534795933
1396764445
1504825695
1545712874
1480889062
1478628902
1011929457
1457666515
1484467990
1471312545
1276650350
1530099131
1530100231
1538929403
1494175746
1494923083
1545709063
1036947426
1494177005
1028084545
1493792761
1530784169
1509150602
1468332494
1471301711
1505137317
1511551100
1518031098
1520772647
1526155311
1534332773
1506695265
1375466195
1383747625
1519799658
1506761979
1519998249
1519998249
1541741666
1126735630
1165060506
1220857815
1277915819
1311616886
1318352246
1388761484
1406750604
1416758892
1423841980
1471008836
1471074883
1471075653
1479134442
1479157135
1484628783
1490808583
1501598564
1502181636
1509446533
1516023280
1517454706
1517643515
1527029984
1529154478
1540738372
1542680554
1547371055
1548527626
1556725012
1021881969
1507007215
1144450697
1523706138
1490667905
1093233790
1131462860
1165968793
1167272459
1259835434
1427437528
1476349248
1476764704
1478956606
1478980711
1478991477
1500949025
1501094657
1503449877
1503452091
1511730943
1518590499
1519163832
1523707536
1523703603
1523703713
1523704354
1523707456
1527291690
1527350712
1528146583
1528600780
1528754842
1529487964
1529539047
1529692721
1529692755
1529693395
1529696643
1529706899
1529710462
1534897267
1542556609
1545710838
1548065784
1548105203
1549185131
1550197372
1495172693
1237246414
1480534276
1501247480
1277887722
1216614492
1237294402
1501098484
1491708201
1179874900
1477553514
1384854491
1384895292
1384950965
1500747782
1501174819
1519801735
1527810508
1535270864
1548077080
1556370861
1078897510
1501093824
1546633336
1237215330
1447732984
1454615223
1471073493
1488538239
1460249659
1478697834
1482746767
1496134861
1501095773
1505498684
1506625435
1506749383
1511110001
1513282958
1519977357
1475334720
1500918657
1501093815
1501094665
1501094968
1501097795
1519949726
1540156451
1543485944
1085322419
1317337472
1475343054
1487952066
1491473151
1506589118
1528725254
1529695430
1510389090
1032247323
1517243849
1506282025
1531587779
1536772546
1538453374
1040273994
1527672384
1540300348
1185519526
1554668650
1477820803
1517240126
1517476927
1526203856
1528724088
1522668636
1543419481
1210604412
1471075093
1479604963
1479631720
1479646380
1479650320
1479651830
1479655359
1479656659
1479656756
1479656833
1479657174
1479738616
1479740298
1479741099
1479741104
1479747896
1483430601
1491123042
1491789671
1500965089
1516815804
1518609970
1518610164
1518610164
1518644111
1523703955
1523706090
1523707563
1528628772
1529352430
1529390602
1529460879
1529464581
1529582298
1529585881
1529696241
1529709446
1530091026
1530091814
1530101487
1530102642
1524115003
1493495077
1508747813
1534289937
1160612738
1175762245
1364308434
1391573629
1488841078
1511563792
1541251276
1446756160
1529648035
1164261142
1484256320
1488852656
1493496153
1493807330
1506565315
1517475102
1526152038
1526250451
1532646336
1536875701
1536908681
1537611316
1538136706
1538598012
1501083575
1542340644
1108754622
1405533151
1482996646
1482998940
1483117992
1485426773
1486192479
1517973630
1517972554
1545709823
1550118521
1551876481
1116891181
1492163598
1533317824
1096498422
1505296265
1517768220
1530453434
1501073766
1538086380
1506682068
1517768928
1447699079
1457669788
1535738775
1536762492
1498784547
1515703166
1532489045
1476859247
1487870720
1488900468
1494024884
1494923080
1498207520
1501072273
1501077856
1506578833
1536777028
1536805451
1540156467
1545708952
1478990958
1511176023
1511723060
1420841624
1530108128
1215260069
1506169255
1487993983
1154074919
1511724031
1512109863
1512157111
1512202609
1512236447
1512264274
1512289926
1512343653
1512381598
1512485202
1512525832
1512558012
1525864601
1529536391
1529632019
1529686051
1530089893
1530101481
1533317600
1164184543
1498469572
1096470356
1533872298
1536740752
1500949426
1517730329
1533918966
1536118493
1552829039
1524070538
1096455268
1507038152
1536090364
1543464508
1529125234
1536802178
1530714446
1533883472
1533892059
1536812260
1532191937
1477143559
1498791756
1533900231
1479580578
1479590370
1479657549
1479658130
1491765082
1493790726
1514642415
1514643125
1516052883
1517489579
1517735773
1526355558
1527911314
1528672490
1528673033
1528694016
1528694362
1529011930
1529008744
1529125050
1529479112
1529481161
1529487720
1529490686
1530709881
1530808682
1539458849
1542193202
1542802645
1552145230
1501071562
1506284305
1508658376
1517485751
1533868975
1504458649
1517489579
1517735773
1526355558
1527911314
1528672490
1528673033
1528694016
1528694362
1529011930
1529008744
1529125050
1529479112
1529481161
1529487720
1529490686
1530709881
1530808682
1539458849
1542193202
1542802645
1552145230
1501071562
1506284305
1508658376
1517485751
1533868975
1504458649
1516815805
1454616561
1460115410
1466753875
1493161545
1501071182
1501077849
1506778522
1513616828
1519527220
1533878297
1533906710
1533913944
1534257250
1540150968
1547067648
1551203396
1551811778
1551831593
1555376375
1504352412
1498471368
1146638676
1477765550
1500978130
1506614218
1522646734
1522665068
1537955302
1538946190
1541093828
1543455706
1555002137
1518606928
1544792605
1216335698
1532500010
1534078169
1541167047
1556370861
1514734244
1538898138
1548934456
1540139482
1534073718
1532182954
1534259905
1529512493
1530828935
1539983041
1504549733
1539245464
1542202007
1529645383
1440941294
1517483016
1503659441
1517483198
1529646477
1530117829
1532495495
1486210506
1514732716
1529701886
1460114015
1519286792
1537938583
1460114903
1503643809
1505351439
1511634699
1512010173
1514731018
1514733268
1516044033
1519287928
1528669096
1529006770
1529646540
1534082678
1537517429
1540299720
1548213510
1551894167
1493795536
1518576619
1519423927
1529081890
1529644418
1549689232
1552848813
1554252052
1537485205
1517447403
1529230768
1501220773
1517446751
1551694845
1517255620
1530825132
1554441826
1556241462
1282184890
1501099342
1530101821
1529030512
1529254302
1530847243
1501003733
1490152266
1501093083
1457266655
1528671433
1529060094
1529270861
1545569179
1536265217
1501093503
1501095963
1540158568
1545317143
1551771517
1554233353
1554243423
1556476761
1517331537
1528678613
1530833567
1185571152
1357972727
1207864265
1555873522
1152902102
1080204718
1034001441
1034099829
1385120460
1080204627
1066377149
1554439279
1554439594
1554441441
1554569930
1554635396
1554670552
1554693379
1554717140
1554989333
1554991263
1555002137
1555232946
1555279497
1555376375
1555376375
1555403680
1555410300
1555440826
1328082488
1088705947
1505137317
1409263558
1451101431
1483069416
1498708985
1498718242
1517251924
1545869623
1545876054
