1469433387
1405782946
1415487373
1096766431
1358290708
1392547496
1472841796
1226558261
1434407892
1461310782
1484017820
1315028359
1421013459
1444375163
1477975291
1259784545
1334903982
1437593138
1238010052
1538941700
1287340257
1443765757
1321414715
1460251224
1448698200
1412226618
1115599027
1462523025
1449154554
1340435306
1452685209
1267977774
1374999807
1139050154
1411747753
1294942269
1462889765
1083082744
1507162325
1416344028
1021861041
1159831782
1498590231
1525753832
1538459885
1460656793
1438746903
1084753367
1392537515
1423087710
1237376212
1084758880
1439755369
1057334284
1189403846
1444355121
1416139086
1084763614
1347297844
1241885953
1387530275
1329352720
1428800218
1498663955
1532502361
1468826090
1501825939
1083189338
1478786340
1486182513
1521822065
1533588526
1038302628
1248584429
1310132913
1397258098
1438752210
1503173264
1516970035
1401548209
1424734193
1462993503
1275264904
1308552928
1446764976
1268086666
1412834564
1218157342
1449042937
1072646550
1384619797
1383742794
1338162827
1433518032
1397648757
964830
964837
1378319833
1498657935
1226553270
1525528175
1270449713
1108312209
1226562918
1485468845
1393466848
1084757895
1187833227
1507029877
1306400879
1190714399
1504663675
1384012472
1273510303
1339349707
1412338872
1433867136
1439896186
1484423331
1094846306
1172864823
1439072237
1252315634
1401526757
1337873497
1385552131
1140555825
1207061092
1209534922
1530695144
1426936992
1528906272
1096193961
1106500901
1280612376
1337854139
1424965346
1513765509
1441433368
1466391247
1495848864
1535372208
1539482950
1091101215
1188080872
1228668261
1269979648
1460868905
1472971937
1502871713
1511765708
1512861088
1520214527
1084762716
1129255674
1095871361
1105888413
1111849944
1150154047
1173400444
1174779863
1258535211
1255541616
1427640421
1335032199
1396774387
1433717137
1441419748
1456893405
1469516844
1468834767
1502860501
1505933889
1539823224
1086870483
1088276533
1217978424
1221600674
1378696350
1433046627
1441402241
1105881571
1221078494
1462473888
1236362039
1276505432
1465212614
1460757471
1460900329
1506230723
1519838815
1528584301
1536622401
1542952209
1105893276
1228632264
1346519499
1389976830
1460237801
1463681385
1468820922
1513265476
1512830292
1532512490
1070671227
1083221051
1152085130
1171025208
1188659684
1263791106
1337376691
1441379974
1472945497
1480058300
1095871561
1170355055
1225409186
1229956896
1263923791
1288031651
1433783602
1441425994
1486894694
1497271586
1511761412
1533934303
1540322212
1011465391
1188652024
1462241567
1273794984
1419590525
1460932864
1520242436
1539825912
1226500944
1228782013
1230484830
1288805201
1421356769
1501598852
1511767032
1540781477
1242866913
1518274175
1441393393
1468832806
1475454564
1166109642
1186197351
1229094884
1229270461
1257963785
1290275513
1333542092
1335048157
1337404182
1391419657
1415338042
1448740750
1453740497
1469516271
1502941750
1539008272
1539789002
1539878057
1105886095
1152078505
1443739754
1233764923
1443679768
1236408678
1397302676
1397306911
1420954815
1471541946
1480068320
1490739743
1498472746
1498747887
1502832325
1529057048
1539843837
1539855424
1541734375
1546572615
1547520974
1547532826
1547535950
1547730574
1547751192
1547814556
1547823790
1547845656
1547868361
1547904871
1547919630
1548285073
1548981809
1550786770
1550802057
1550827558
1550828381
1553613613
1554259848
1555464771
1083140443
1547518119
1555711975
1555755557
1555883398
