1484244181
927422
1185596424
835967
1276920246
700701
1110324012
1245489706
1401361826
1018821401
1422474653
1148643934
1416545865
1063873713
1397665616
609023
1186175188
802369
1481852616
644169
1065334186
609019
1217481699
1352657248
1270318322
1062914987
1256933
598630
1466672284
1005548571
1189706727
1037336484
1171747654
1460003177
1382301432
1032784944
1373340973
1176837
1309754102
1313000573
1034781001
1233115149
1424877912
1198152
1270458258
1015809362
1474652030
754114
1396886554
1123012964
1067063667
1237861784
1079369137
1179427014
1068633475
1475366190
1430016501
1244679526
802362
1043987942
1233152481
1402613472
1032537343
1433865036
1065332468
1284408462
1145287095
1300393441
1102417367
1245522753
1306043588
1480099289
1070429342
1408852107
1245054193
1332506
1091599233
1289472123
1329344343
1254097526
1332511
1137846005
1145791625
1198155
802355
1516936935
1517655575
1187237573
1463669892
1313007185
1313018179
1313087485
1198151
1336265950
629361
1189785646
1409187700
1020698109
1396776657
1154547940
552418
1184693720
1212881
1036597874
1503331194
1522179429
1189787542
1164813729
629376
754116
629368
1365917005
791304
1005576261
1164822320
1237843625
1406623826
1215837143
573072
1317990973
629359
730451
1198141
743821
629371
1332484
1260837
1475802379
1332490
629362
743811
1160817334
1461998704
1358154171
1005547383
1148545707
1187086907
1467402485
1215734698
1028793986
1166165726
1147393161
1480435027
1012060466
1028066978
1065115174
1207816741
1221044203
1540370838
1022003494
1364506311
1428626154
1332488
1234109124
1139226673
1533174908
1511398873
1295245615
1306048507
1518511750
1153895018
1159006286
1164907188
1187095756
1233093498
1322484550
1419651394
1018562133
1332494
573069
1276964890
1020960224
1221023628
1242903483
1336115989
1006951809
1093855813
1100693214
1417797492
1108567259
1015821221
1160830411
1016104103
1360371086
1116683815
1237163887
1428392887
1016506176
1147340103
1370706139
1469548259
1065110691
1145555509
1220527106
1433853121
1051409730
1164905022
1187101428
1217128908
1312993146
1037597847
1241773035
1021831938
1038589438
1075153512
1103626679
1217451532
1237885341
1364551271
1097949568
1063636429
1063654420
1173477368
1254092315
1322462350
1372355724
1392533039
1027488001
1174683615
1178284163
1307117034
1429894312
1233134987
1313022577
1410612677
1063484506
1153515369
1165222107
1166564116
1167148670
1016144099
1030895532
1032548143
1174591519
1254070135
1343403405
1361654249
1361711191
1032466562
1480507103
1238234253
1335244356
819265
1332497
1106224556
1145673136
1422125067
1499862440
1533493343
1511766259
1532229272
1417795759
1436956506
1530814707
1089167699
1437073014
1463648596
1538532964
1227393703
1226826381
1309004278
1433945958
1492417770
1500419962
1538003888
1532706565
1534568983
1246480282
1242990834
1474627422
1032754453
1422090460
1525606521
1529733513
1530796919
1444837420
1470167112
1532668288
1541170505
1545063954
1038589090
1046802071
1063901024
1072516357
1102354650
1217123600
1334628315
1375258474
1541113293
1103648894
1148555105
1228261295
1422489556
1453631526
1518213588
1518503035
1096885546
1233144846
1424954308
1446743704
1469928149
1508452709
1536275891
1541986835
1194231599
1244391982
1273793504
1424737876
1463799353
1500312090
1516707022
1531123418
1063856720
1097112549
1098672414
1262584352
1401964539
1335490868
1335830787
1336193788
1336208842
1385995305
1512378419
1525438137
1543910851
1002638489
1071758547
1097239918
1145508810
1160878362
1166875555
1246357123
1335540554
1364201322
1364392546
1364495537
1375296909
1376373629
1377000753
1384731790
1397125192
1433723868
1519081908
1478829347
1478830941
1494578725
1506818803
1522131766
1536097051
1539684453
1541421807
1541989860
1068269192
1079713373
1221980480
1223035332
1268881564
1434599774
1437176798
1488307850
1531748543
1545004828
1025387564
1068266994
1118893241
1132931350
1135406173
1149568925
1214508588
1223980118
1253799385
1396411335
1433915375
1433954873
1456869806
1486103404
1492402852
1496362516
1520660450
1531028152
1537543332
1541987689
1015820713
1030028296
1253700192
1253763928
1285537261
1336122247
1422485323
1428451184
1433896239
1442659888
1468440763
1480982711
1512091362
1518268556
1532492043
1541160449
1541480319
1541981283
1015821726
1027508877
1037597769
1102346940
1124640476
1185528027
1219224935
1249953498
1266331412
1267522469
1270307688
1271668277
1307906441
1332663452
1335184005
1351466003
1356367891
1356412469
1392372302
1392473597
1397128030
1432935951
1439033596
1456690532
1456865436
1456869035
1470165795
1470168328
1498916891
1518028936
1530426695
1532528922
1533075871
1538470830
1538553381
1538922121
1541421349
1541508277
1543128512
1208807
1063900678
1056874244
1070920758
1079394422
1079420415
1103630219
1158987320
1162418311
1173233799
1190890141
1192781221
1237677019
1246507850
1247271333
1247282262
1263824320
1264707536
1266358268
1270356373
1273794435
1333212242
1335096007
1335097254
1335184933
1335211822
1335476747
1336204859
1341394448
1376728826
1411958136
1412900026
1420639045
1425977577
1439639631
1448783976
1478197023
1478830497
1490755454
1496256016
1497575070
1510705130
1511500108
1517590090
1519325185
1520616261
1533827233
1535273303
1539273186
1541988653
1135968912
1153527763
1401943298
1281698417
1304918637
1456626770
1511955436
1541997564
1223194383
1335983049
1336274405
