928364
1006549859
928344
635845
696001
692561
802277
609021
716431
856194
802371
802294
696005
716428
1106764784
1284890
1078628
1284903
927416
944874
1120458810
927424
927423
730390
1297995
1285610665
1099206
1284912
1091343682
1185541258
1408461
927418
1298017
696013
1014707
696009
1145639355
1076898718
1091331
774513
856183
1298012
1038805441
944263
1290277739
1494169856
1154409474
1484345039
927415
1356185071
716427
1266860796
745933
1356192154
856205
1242119
1159090160
1528377914
763204
1380275
927419
1298015
1423552075
1206164
1523422405
1331395150
1049873684
1468765498
1060243299
1388551817
1076650836
1484362959
1019036997
1091838437
1453568537
1248061
1417331866
1076896280
1145783386
1499785571
1233188020
1278316970
1375146097
1415573750
1512901843
1076646708
1156111214
1184669384
1347599425
1266881868
1384960026
1375053429
1505780888
1542686828
1266874396
1373124987
1181560267
1512623936
1420347082
1437575
1314013662
1416063609
1529271572
1150428330
1407973242
1476645058
1220740288
1259391456
1417627088
1535386208
1535387435
1535387942
1172992618
1489493862
1185546690
1494157766
1164823512
1543883533
1469949090
1375144243
1268623387
1492427369
1218969983
1234993572
1375156358
1184714872
1184913449
1218975410
1449236724
1539155129
1539795242
1552907589
1232292289
