1232373
1316684764
1372689768
927420
1126717642
1156951302
1079862718
1204903700
1004843236
1016115649
1219295641
1139207161
1055093196
1003294077
1083178368
1013914828
1011744913
1185564780
1432630300
1004845821
1090622482
1083180837
1004851894
1004851197
1004844452
1004846363
1061936179
1024406839
1074335129
1011349622
1498127736
1432607393
1010504763
1497161089
1432607110
1432608202
1432630703
1432630528
1432608664
1432609789
1432611072
1504950814
1026032820
1498227556
1498519279
1432629065
1432610847
1511891580
1476378992
1028130210
1064087228
1498538857
1554696378
1541727701
1024416227
