1345662286
1352916551
1104408954
1339682698
1332663412
1053257229
1369530664
1337001239
1333291804
1525542019
1385059151
1338567221
1378986759
1324187801
1338388202
1316657869
1461658175
1377335702
1304526313
1379045800
1339095577
1511762495
1415205881
1371657301
1390672278
1376046685
1461729217
1170380625
1333797339
1339512905
1479223309
1045429283
1461012784
1462069338
1462087002
1463883018
1512463181
1060981492
1132007382
1336807725
1378120349
1536470362
1317140600
1477373599
1381298702
1322550403
1381045589
1377379428
1338355037
1485146263
964832
1329641522
1339684271
1407133620
1453411149
1465572200
1498657221
1308728855
1377354607
1339503672
1373271297
1376944794
1512475359
1512471971
1320422366
1384371198
1383692685
1336986657
1337007258
1337007535
1337860623
1338002881
1480572935
1290970765
1338383793
1339561430
1139720705
1320570498
1338635585
1453937430
1455431263
1320623912
1337861203
1338655469
1339548087
1373227435
1514243551
1294279113
1304398283
1394065793
1374568979
1384235452
1380001186
1336821791
1384360431
1337433747
1337867892
1339497349
1339812069
1339925414
1347831341
1412146297
1425680377
1512481370
1524780071
1219067466
1306512126
1385306204
1331068241
1388165463
1334599925
1337006490
1337844252
1338354167
1338385454
1339002671
1339485512
1339496012
1339503639
1376073491
1376096271
1394380066
