856217
835961
835960
605287
142549
573055
871081
871078
774510
935672
573048
676188
601620
835959
186675
871069
186677
972893
573054
661378
871077
1159248
802346
748944
372440
162410
879726
591692
730431
1162099
162411
818160
871076
1014753
652867
573064
239769
676191
745934
871072
818132
669609
791303
676190
854751
598668
822670
573053
856231
730420
730428
692504
500214
766931
692509
856228
1131948
802350
536964
856242
652809
774508
879732
856221
676204
536966
879739
703432
652901
644186
652864
644187
609032
879704
652821
644192
632558
856201
1332194
591688
730412
632571
730424
609024
856220
730443
703422
856226
753184
879700
344466
856240
716560
703467
913595
536960
763214
676192
692475
730415
879707
142540
767114
591684
271554
703479
591675
676193
716555
1159249
818145
726662
652859
818142
652872
609028
927426
716434
791280
791278
871380
598639
871397
692489
854753
754119
791299
652856
879710
692456
871378
716501
716551
871383
661379
695997
854754
791282
700708
743687
818141
591680
573050
871393
871385
871395
871398
871377
818219
871392
818144
871382
1540592850
1437245
703473
1206525
1003282316
716540
1433761569
1149362917
871387
1437256
1437376
1536602288
154966
1437338
