1388112103
1506529200
1332329256
1323693230
1013911917
1332348644
1371939515
1332478
1289111
1283740233
1285576228
1452588721
1422343796
1084457911
1451987654
1073884453
1229952630
1358815583
1116770450
1282187472
1331281019
1287307944
1104188755
1471496049
1230978262
1248307390
1182787596
1356473404
1538941591
1319094986
1332470
1307472938
1431533316
1423969916
1234505865
1469914070
1473889292
1104013503
1251107072
1361197528
1458699101
1510166349
1331113337
1338384280
1459649216
1456452597
1526735977
1484273553
1524750376
1439989807
1333103040
1318211902
1432990166
1478134518
1229805559
1248316629
1256473489
1286482171
1439175317
1306742109
1329036424
1329973867
1330006893
1337738968
1338352095
1347815853
1426135553
1458717668
1475319809
1477737534
1480595896
1484430650
1503496098
1538352630
1546684113
1333677540
1273105966
