1182979227
1197573005
1257622744
1076574745
1016819948
1263251026
1029596783
1525534887
1462230589
1468883898
1263905376
1052834241
1309884206
1314237923
1356010561
1154633958
1273062140
1524295708
1074470174
1149726951
1383756474
1290141162
1092390762
1527924797
1360403006
1426223197
1411211212
1076881619
1315230654
1060243464
1460816671
1470161771
1284129981
1184634733
1501327464
1273036605
1318829987
1461643130
1523506091
1539810856
1500252682
1508994026
1522361986
1257863800
1470384203
1489216427
1229318458
1319057950
1263928892
1279690967
1463080464
1305390516
1445776370
1488517343
1504874571
1185538365
1218908521
1264764448
1295234793
1308938691
1449026926
1489181160
1502545966
1529729092
1538722968
1544742091
1552200459
