1445930273
1052760465
913617
1022374574
1517200367
1517219189
1089950749
1483276605
1337155250
1315578833
1409274147
1021630226
1062284995
1021608047
1078353659
1078639036
1078327877
1184861389
1232737911
1078399019
1026146088
1517197220
1516763110
1356613816
1078515770
1078748415
1026514506
1088280295
1473714116
1396816617
1517223594
1483172271
1519804322
1483133645
1519122168
1517221351
1483159729
1517205523
1028149861
1185171145
1459251946
1517212140
1408951437
1517225260
1435707785
1483148588
1505971332
1506225687
1519242705
1486693493
1505588089
1506038141
1435662025
1353509585
1409264058
1409276002
1436946501
1434694684
1459243533
1505574447
1505611950
1505612553
1505615051
1506020628
1506064160
1506064448
1506065138
1519257070
1552476381
1553306573
