856217
573055
774510
935672
573048
676188
972891
573054
1277900213
1332410
1159248
900337
879726
730431
1162099
1014753
652867
573064
676191
1018931457
1191688
669609
1332414
676190
822670
573053
856231
972896
1185616744
1076715911
730428
692504
676204
692509
856228
1131948
1380273
913654
856242
774508
1434501193
879732
856221
879739
652901
644186
652864
644187
1020016968
609032
652821
644192
856201
1332194
1260814
1149282
730412
609024
856220
730443
856226
1306628
753184
856240
716560
879746
1380259
1222072824
1014465636
676192
1428808
1029830075
1233242
1214648339
692475
1428806
1162105
1475234046
1183717880
1434472411
1233237
774511
913653
676193
716555
1159249
1230657173
652859
1464505902
652872
609028
927426
716434
1412684977
1307753
1019249967
692489
1317263400
754119
1435226371
703478
652856
1424904757
692456
1132410399
1126659787
716551
695997
1503179684
1260827
1189893596
1256347373
1012348066
573050
1249253
1145634
1508754719
1317241267
1145631
1448963320
1466555664
1027180541
1379546878
1253307106
1132483368
1527400936
1437245
1189690488
1185624076
1437878
1012150878
1279437044
703473
1206525
1437879
1206350
1019591835
716540
1229511578
1442141394
1345975342
1229453531
1533678533
1437518
1070459336
1166982190
1256351433
1544886474
1146017501
1415205689
1432976083
1464522134
1113556588
1255746000
1464508816
1478207369
1543902093
1096973477
1183923191
1255228027
1459875339
1481278594
1534455763
1436928
1506472347
1432881680
1478380045
1521036771
1222051974
1425832668
1437376
1252428316
1288927393
1388586820
1409287751
1412218504
1447493234
1482638197
1521054987
1012348806
1466555664
1027180541
1379546878
1253307106
1132483368
1527400936
1437245
1189690488
1185624076
1437878
1012150878
1279437044
703473
1206525
1437879
1206350
1019591835
716540
1229511578
1442141394
1345975342
1229453531
1533678533
1437518
1070459336
1166982190
1256351433
1544886474
1146017501
1415205689
1432976083
1464522134
1113556588
1255746000
1464508816
1478207369
1543902093
1096973477
1183923191
1255228027
1459875339
1481278594
1534455763
1436928
1506472347
1432881680
1478380045
1521036771
1222051974
1425832668
1437376
1252428316
1288927393
1388586820
1409287751
1412218504
1447493234
1482638197
1521054987
1012348806
1466555664
1027180541
1379546878
1253307106
1132483368
1527400936
1437245
1189690488
1185624076
1437878
1012150878
1279437044
703473
1206525
1437879
1206350
1019591835
716540
1229511578
1442141394
1345975342
1229453531
1533678533
1437518
1070459336
1166982190
1256351433
1544886474
1146017501
1415205689
1432976083
1464522134
1113556588
1255746000
1464508816
1478207369
1543902093
1096973477
1183923191
1255228027
1459875339
1481278594
1534455763
1436928
1506472347
1432881680
1478380045
1521036771
1222051974
1425832668
1437376
1252428316
1288927393
1388586820
1409287751
1412218504
1447493234
1482638197
1521054987
1012348806
1466555664
1027180541
1379546878
1253307106
1132483368
1527400936
1437245
1189690488
1185624076
1437878
1012150878
1279437044
703473
1206525
1437879
1206350
1019591835
716540
1229511578
1442141394
1345975342
1229453531
1533678533
1437518
1070459336
1166982190
1256351433
1544886474
1146017501
1415205689
1432976083
1464522134
1113556588
1255746000
1464508816
1478207369
1543902093
1096973477
1183923191
1255228027
1459875339
1481278594
1534455763
1436928
1506472347
1432881680
1478380045
1521036771
1222051974
1425832668
1437376
1252428316
1288927393
1388586820
1409287751
1412218504
1447493234
1482638197
1521054987
1012348806
1466555664
1027180541
1379546878
1253307106
1132483368
1527400936
1437245
1189690488
1185624076
1437878
1012150878
1279437044
703473
1206525
1437879
1206350
1019591835
716540
1229511578
1442141394
1345975342
1229453531
1533678533
1437518
1070459336
1166982190
1256351433
1544886474
1146017501
1415205689
1432976083
1464522134
1113556588
1255746000
1464508816
1478207369
1543902093
1096973477
1183923191
1255228027
1459875339
1481278594
1534455763
1436928
1506472347
1432881680
1478380045
1521036771
1222051974
1425832668
1437376
1252428316
1288927393
1388586820
1409287751
1412218504
1447493234
1482638197
1521054987
1012348806
1466555664
1027180541
1379546878
1253307106
1132483368
1527400936
1437245
1189690488
1185624076
1437878
1012150878
1279437044
703473
1206525
1437879
1206350
1019591835
716540
1229511578
1442141394
1345975342
1229453531
1533678533
1437518
1070459336
1166982190
1256351433
1544886474
1146017501
1415205689
1432976083
1464522134
1113556588
1255746000
1464508816
1478207369
1543902093
1096973477
1183923191
1255228027
1459875339
1481278594
1534455763
1436928
1506472347
1432881680
1478380045
1521036771
1222051974
1425832668
1437376
1252428316
1288927393
1388586820
1409287751
1412218504
1447493234
1482638197
1521054987
1012348806
1466555664
1027180541
1379546878
1253307106
1132483368
1527400936
1437245
1189690488
1185624076
1437878
1012150878
1279437044
703473
1206525
1437879
1206350
1019591835
716540
1229511578
1442141394
