656532
654305
672797
559257
162407
142549
165904
656555
142566
236694
656518
232332
654308
582744
692464
162411
692505
162410
656561
818160
766880
854751
748944
550087
195802
549868
654328
654303
652809
656551
749027
692553
559274
879707
927178
1212918
239767
692549
644616
559270
818145
1204012
605288
654300
927183
645419
344467
1212917
1204013
672459
536960
654301
692542
654311
559269
271554
766887
879700
692486
559267
654307
550113
708468
601616
559251
654316
879704
1212916
601620
142540
692546
1467602
879710
1242122
433901
726661
818132
822593
559276
854753
1206163
927186
644585
1234705810
661257
654302
766911
601617
766874
726674
854754
743699
927190
654313
591692
505047
692479
582758
818142
644652
559271
559255
627889
726658
559273
605347
818141
559027
605342
605364
654323
605390
736936
736896
818144
1012689103
736932
1372393415
654324
536964
1206168
1467561
559272
656514
1011667588
644581
582750
1343365830
1344692967
654314
1242121
559268
1206169
1030709986
582756
692470
766905
644569
644584
818219
1026730211
1143743193
678771
536966
785855
802118
791300
