1212218099
1038857149
1019519012
1045924285
1483924296
1171396263
1023527571
1424528668
1018919225
1483924254
1012294656
1543197414
1298583169
1286061516
1173798573
1495927902
1089246319
1129556981
1008431730
1015102571
1049157151
1213094728
1173746064
1012294925
1286051182
1087261310
1084917584
1289152884
1476139725
1462231870
1510659246
1087471946
1212549743
1056568787
1079527286
1086814360
1233158544
1514045956
1077824946
1218925854
1386224588
1432970321
1338543479
1462225646
1267939208
1477667869
1162402689
1417946630
1086140517
1363228782
1480649947
1053857393
1393708660
1398195374
1398198587
1514142566
1514150610
1476135761
1481412395
1027437884
1212218099
1038857149
1519946151
1045924285
1483924296
1171396263
1023527571
1424528668
1018919225
1483924254
1012294656
1543197414
1298583169
1286061516
1173798573
1495927902
1089246319
1129556981
1008431730
1015102571
1049157151
1213094728
1173746064
1012294925
1286051182
1087261310
1084917584
1289152884
1476139725
1462231870
1510659246
1087471946
1212549743
1056568787
1079527286
1086814360
1233158544
1514045956
1077824946
1218925854
1386224588
1432970321
1338543479
1462225646
1267939208
1477667869
1162402689
1417946630
1086140517
1363228782
1480649947
1053857393
1393708660
1398195374
1398198587
1514142566
1514150610
1476135761
1481412395
1027437884
1212218099
1038857149
1519946151
1045924285
1483924296
1171396263
1023527571
1424528668
1018919225
1483924254
1012294656
1543197414
1298583169
1286061516
1173798573
1495927902
1089246319
1129556981
1008431730
1015102571
1049157151
1213094728
1173746064
1012294925
1286051182
1087261310
1084917584
1289152884
1476139725
1462231870
1510659246
1087471946
1212549743
1056568787
1079527286
1086814360
1233158544
1514045956
1077824946
1218925854
1386224588
1432970321
1338543479
1462225646
1267939208
1477667869
1162402689
1417946630
1086140517
1363228782
1480649947
1053857393
1393708660
1398195374
1398198587
1514142566
1514150610
1476135761
1481412395
1027437884
1212218099
1038857149
1519946151
1045924285
1483924296
1171396263
1023527571
1424528668
1018919225
1483924254
1012294656
1543197414
1298583169
1286061516
1173798573
1495927902
1089246319
1129556981
1008431730
1015102571
1049157151
1213094728
1173746064
1012294925
1286051182
1087261310
1084917584
1289152884
1476139725
1462231870
1510659246
1087471946
1212549743
1056568787
1079527286
1086814360
1233158544
1514045956
1077824946
1218925854
1386224588
1432970321
1338543479
1462225646
1267939208
1477667869
1162402689
1417946630
1086140517
1363228782
1480649947
1053857393
1393708660
1398195374
1398198587
1514142566
1514150610
1476135761
1481412395
1027437884
1212218099
1038857149
1019519012
1045924285
1483924296
1171396263
1023527571
1424528668
1018919225
1483924254
1012294656
1543197414
1298583169
1286061516
1173798573
1495927902
1089246319
1129556981
1008431730
1015102571
1049157151
1213094728
1173746064
1012294925
1286051182
1087261310
1084917584
1289152884
1476139725
1462231870
1510659246
1087471946
1212549743
1056568787
1079527286
1086814360
1233158544
1514045956
1077824946
1218925854
1386224588
1432970321
1338543479
1462225646
1267939208
1477667869
1162402689
1417946630
1086140517
1363228782
1480649947
1053857393
1393708660
1398195374
1398198587
1514142566
1514150610
1476135761
1481412395
1027437884
1212218099
1038857149
1519946151
1045924285
1483924296
1171396263
1023527571
1424528668
1018919225
1483924254
1012294656
1543197414
1298583169
1286061516
1173798573
1495927902
1089246319
1129556981
1008431730
1015102571
1049157151
1213094728
1173746064
1012294925
1286051182
1087261310
1084917584
1289152884
1476139725
1462231870
1510659246
1087471946
1212549743
1056568787
1079527286
1086814360
1233158544
1514045956
1077824946
1218925854
1386224588
1432970321
1338543479
1462225646
1267939208
1477667869
1162402689
1417946630
1086140517
1363228782
1480649947
1053857393
1393708660
1398195374
1398198587
1514142566
1514150610
1476135761
1481412395
1027437884
1212218099
1038857149
1019519012
1045924285
1483924296
1171396263
1023527571
1424528668
1018919225
1483924254
1012294656
1543197414
1298583169
1286061516
1173798573
1495927902
1089246319
1129556981
1008431730
1015102571
1049157151
1213094728
1173746064
1012294925
1286051182
1087261310
1084917584
1289152884
1476139725
1462231870
1510659246
1087471946
1212549743
1056568787
1079527286
1086814360
1233158544
1514045956
1077824946
1218925854
1386224588
1432970321
1338543479
1462225646
1267939208
1477667869
1162402689
1417946630
1086140517
1363228782
1480649947
1053857393
1393708660
1398195374
1398198587
1514142566
1514150610
1476135761
1481412395
1027437884
1212218099
1038857149
1519946151
1045924285
1483924296
1171396263
1023527571
1424528668
1018919225
1483924254
1012294656
1543197414
1298583169
1286061516
1173798573
1495927902
1089246319
1129556981
1008431730
1015102571
1049157151
1213094728
1173746064
1012294925
1286051182
1087261310
1084917584
1289152884
1476139725
1462231870
1510659246
1087471946
1212549743
1056568787
1079527286
1086814360
1233158544
1514045956
1077824946
1218925854
1386224588
1432970321
1338543479
1462225646
1267939208
1477667869
1162402689
1417946630
1086140517
1363228782
1480649947
1053857393
1393708660
1398195374
1398198587
1514142566
1514150610
1476135761
1481412395
1027437884
1212218099
1038857149
1019519012
1045924285
1483924296
1171396263
1023527571
1424528668
1018919225
1483924254
1012294656
1543197414
1298583169
1286061516
1173798573
1495927902
1089246319
1129556981
1008431730
1015102571
