879778
901104
793004
1389103944
1105767215
763214
913608
1514619326
1362350573
1344705395
1277110447
1260740719
1419823076
1032221307
1051075789
1271886359
1420145905
1366338915
1333459488
1337507664
1377079583
1337354011
1024277936
1420195831
1436094407
1266323119
1525315614
1526469988
1313713799
1230940287
1453672533
1146880254
1260742911
1390112991
1401411918
1183985672
1464431164
1049012528
1394616644
1118486620
1423855903
1437008460
1355032100
1417848038
1462903278
1026361976
1024314423
1102803942
1421240293
1409971917
1178315035
1077680894
1470744738
1266389455
1031612723
1188058034
1415088735
1243078014
1371782327
1311748163
1024316632
1126896835
1422404812
1362837486
1424611773
1148090512
1422118911
1484065399
1212178458
1147490339
1227866150
1268653934
1337983260
1376951255
1337814731
1353070789
1147706244
1414678637
1476918025
1488734414
1414988585
1210358306
1372065742
1488343797
1275681647
1290580305
1317085435
1510672805
1236242377
1365433800
1051077582
1424645500
1498524756
1500514011
1518210881
1137431761
1143935675
1451721121
1384187264
1375649557
1409985643
1402958185
1414843108
1422089581
1510938968
1511366723
1538290828
1530690153
1530804113
1531524952
1531525994
1543644830
1537379536
1543301166
1543320449
1543399209
1544735416
1546418733
1553611850
