591728
1068373844
716417
1298027
629354
1298022
652807
1298056
1298010
818136
822663
730462
1467646
1128870908
1298019
703400
654332
1298023
550156
819271
1172683438
1105831710
591726
724986
724978
1055017108
157044
1359926
1463430
1142377879
1463168723
1459853308
1170367999
1088614188
1088614333
1447343961
1017168331
1073556744
724983
1513324778
819264
1398935991
1412206087
1318018480
1463471
1026780977
1249090472
1523704595
1017175210
1206538
1090804818
1055012282
672818
191681
767108
745235
745244
745231
745239
