1307336
1221606
616384
878339
211943
1428829
1515396928
1099363
1184676742
708466
1499012140
1093572
1000033
1010984255
1363528
661333
1163696377
1332406
1221597
1449882502
1149480303
1323115
573052
1494522663
1434751233
1376130
1221598
1306629
1147369
1428833
1390362225
1242625
1165226
1454364832
1061887476
1206160
1093577
1279533619
1419260368
1147378
1026680910
1449260150
1075061107
1323120
1263929646
1252834436
772369
1206532
1163686391
1416501056
1072909
1428841
1315259945
1499296150
1256418
1315529497
1053001356
1231415143
1165227
1464406427
1116016
1184683319
1147368
1032315
1259732
1220873203
1362944039
1221593
1221591
1323129
1345220
1285657154
1032306
1384225705
1323128
1117613
1040178
758131
1428852
1515568300
1389846491
1061884460
1015458313
1188479428
1226788412
748930
1332404
1157095176
1033351383
708465
1267925137
1179298224
549865
1147319
1165195
1454483103
767121
1377651466
1147397
1147320
1029871920
1241166364
1333012
1471056070
1511002068
785855
856203
1221594
1256988
1069223767
1023992058
1206166
1361046257
1474982245
913598
1333167
1120011304
1480328622
1165305
1259726
1364331740
1428849
766949
1017891
1372050573
1215871
1076677663
1154473
1419662608
1416425351
1099335
1504902952
1028504461
1389321140
1424885982
1051375581
1507176900
1471711500
1147370
1215850
1212903
1323249457
1345237
1184335654
1389195707
1093560
1392428206
1116777238
1075361756
1163659361
1450003135
1180376791
1507500298
1032309
1221590
1348283761
1183856
1481028084
1074043
1245604365
1434678667
748936
1029751936
550123
1425076538
1428825
1491943893
1183848
1221588
1091665655
1072918
1147328
1307650776
1306634
1273714666
1376192637
1466223906
1035351198
1125089697
1163672628
1175569107
1215849
1148548619
1050363684
1323656273
1384896335
1162088
1183858
1091707538
1011731620
1462180214
1094632552
1167507423
1021400551
1023250045
1389698011
1145628
1313358463
1076738804
1034387353
1206167
1337951849
1508545153
1035845070
1315091577
1187051470
1345225
1032158375
1316770793
1459526325
1480532504
1007883297
1226977625
1088089550
1273674524
1416104308
1523894280
1313908741
1392388175
1503757280
1084522288
1275785108
1340049933
1463150452
1165054852
1268836527
1384506139
1360909019
1247261751
1085335783
1036318585
1253426022
1061523355
1392624757
1428859408
1459786662
1036717065
1263687069
1191000
1015312763
1393677330
1007349976
1233099787
1367716946
1012334285
1277196723
1362860209
1185242356
1420149762
1262609
1279501471
1441913247
1360999461
1452969794
1437110384
1388989093
1013184112
1236348592
1063718829
1200883661
1076403605
1266954
1479056814
1059972457
1459522332
1473408146
1285405537
1031303233
1306630
1154402658
1486606247
1050358466
1388824686
1378002570
1393342046
1097739185
1159182202
1026789251
1300198095
1195101249
1452507690
1077319660
1421584208
1448991511
1183854
1191013
1101866444
1441293098
1019697490
1473528131
1439828851
1380275430
1100933139
1384511861
1061644495
1088198325
1159481
1287828329
1019432541
1075950540
1146819343
1212904
1007365359
1392424690
1364932428
1378796663
1049833852
1466999017
1043000861
1420075633
1391195481
1511531563
1239075462
1455200295
1455666893
1472584973
1519950177
1325062
1456381566
1334688146
1101483938
1030626354
1153543250
1253825917
1215848
1424683359
1475530264
1504756665
1030649967
1034633813
1173457617
1217633751
1513480651
1514831109
1024730559
1475627251
1360983459
1022758249
1379617515
1400436973
1017636273
1031310926
1096253708
1233085903
1245603962
1323121398
1394748119
1482718876
1488826933
1020511819
1036378746
1147315
1069251130
1014191053
1072723411
1073023988
1163713955
1189138744
1227926825
1328649686
1146722772
1315255284
1295193757
1499057876
1160620374
1059730932
1099192033
1303923476
1048275043
1388942648
1483161078
1020436540
1036198400
1091218654
1161409452
1368984635
1011111476
1031758957
1085887614
1008115243
1011732532
1021570689
1063816270
1085406401
1135715288
1383080905
1445852219
1017428091
1020145737
1023618892
1031334829
1043093677
1103564136
1168943084
1029233425
1466275702
1192474820
1231703117
1247121972
1259020668
1309798876
1312738723
1471315020
1002464232
1027591046
1057223919
1036322495
1257468954
1329458149
1008115537
1016129896
1161415497
1361046650
1473661624
1031926016
1062862013
1072735780
1076657030
1086575225
1207559369
1146760245
1515985200
1034809300
1007166464
1466317990
1411554636
1189276478
1255964522
1091075837
1179190060
1312165008
1471247189
1008120927
1079461423
1036380814
1214596567
1424965026
1022313879
1022944422
1134501993
1069620090
1072736975
1084796569
1174820057
1189179672
1314950263
1390195899
1417875404
1473768422
1477442836
1052307223
1198737871
1022565059
1213179482
1021579565
1022760837
1235444927
1278358521
1473807072
1131537389
1158931643
1267653396
1008120718
1463119264
1035324138
1002329121
1017528557
1313942478
1507733965
1032004429
1064723251
1168968515
1179310663
1187930340
1189153269
1214597740
1222650211
1245602912
1249593574
1428318486
1372325698
1127039595
1063786674
1516516582
1307669895
1358139501
1043103063
1072726143
1163674689
1379430107
1350411954
1021570336
1032084082
1287425164
1330890439
1332456611
1403273604
1428985851
1512494364
1020816289
