856217
672797
835961
835960
142549
871081
871078
774510
935672
573048
676188
835959
186675
871069
186677
972891
573054
1191687
1436094392
871077
1159248
802346
372440
162410
879726
1282200798
730431
1162099
871076
1014753
1293220
652867
573064
676191
871072
1376678127
669609
1332414
676190
854752
1464439499
1335685
822670
1437924466
573053
856231
1507288867
972896
856228
730428
1293223
692504
676204
500214
1445612295
692509
1131948
802350
1380273
913654
856242
1335686
774508
879732
1505900783
856221
536966
879739
1484062302
652901
644186
652864
644187
609032
652821
644192
1359744175
856201
730412
609024
856220
730443
856226
753184
344466
856240
716560
1406998622
879746
1380259
536960
676192
1233242
692475
1162105
142540
767114
1233237
271554
774511
913653
676193
716555
1159249
652859
652872
609028
927426
716434
791278
871380
871397
692489
854753
1205597153
754119
791299
652856
692456
871378
716501
716551
871383
661379
695997
854754
791282
743687
753186
703466
573050
871393
871385
871395
871398
871377
871392
644673
871382
1035570680
1466185322
1454097144
1302956315
1512602137
1437245
1437878
1031382836
1054803379
703473
1528229553
1437879
1515875750
1431986916
716540
1449901190
1540779534
1102339632
1233210504
1528969107
1157103467
1303826685
1437518
1303783157
1365433785
1532448523
1510347106
1026228212
1054804735
1105522833
1106528274
1303815638
1215202883
1237254886
1443558509
1106428558
1302963534
1303772711
1378049612
1429066910
1441117446
1505182535
1505315134
1521449302
1445615782
1137411531
1303796168
1429065284
1506289207
1510569663
1206379
1106521946
1237649386
1436928
1336889994
1411519998
871387
1054804588
1054804717
1124046428
1221630148
1303803490
1394628930
1426918337
1452782681
1549578726
1550123549
1550664743
1551156481
1242620
1110489987
574818
154966
1556250481
