748926
913657
716425
730453
745931
730460
574050
612499
1266957
716422
716416
856191
766900
1260808
716424
730461
703480
1259756
766961
730464
574014
1068097053
766908
745930
1259719
745244
1299820422
1305262527
559051
745235
1259727
1048304329
431029
1049974202
1259753
1177150699
1159475
1296384990
1159480
1178308726
1048212117
1300431227
559053
672818
871403
1093970251
745231
707443
745239
1047068320
1352488619
1047499749
1163907239
1352517812
1027166734
1047495399
1048292180
1048302374
1049966715
1178259727
1352457227
1178073201
1110482529
1178058473
1534428802
1047178161
1178147473
1352471313
1027163984
1049970929
1178166935
1185489519
1539941357
1048215237
1048218175
