605280
656532
654305
605276
672797
1256416
559257
605287
162407
142549
656555
142566
236694
656518
232332
1256410
654308
582744
692464
162411
692505
162410
656561
818160
766880
854751
748944
550087
195802
525548
549868
654328
654303
652809
656551
1197654
749027
692553
559274
879707
1433018299
927178
1212918
239767
692549
1050205403
644616
559270
559262
818145
1204012
1322995
1050216873
1215867
605288
654300
927183
645419
1482958996
1323134
344467
1212917
1204013
672459
536960
654301
692542
654311
559269
1051276851
1523443958
271554
766887
1471398
1098262542
879700
692486
559267
654307
550113
1307157
708468
601616
559251
654316
879704
1052148687
1212916
601620
142540
692546
1370930978
1467602
879710
1282736
533482
1052149679
726661
818132
1467580
1051490070
854753
1206163
927186
1051735847
644585
661257
654302
766911
172128
601617
766874
726674
854754
743699
927190
654313
591692
505047
1521915321
692479
582758
1098267711
818142
644652
1025431203
559255
627889
1057555325
1522483181
726658
559273
818141
1481010081
559027
753186
1051706282
1448234832
751536
605364
654323
1179314787
1179957527
736936
1244359754
1051490680
736896
605332
818144
1053738841
736932
1052139208
654324
1206168
1057049404
1467561
1184980372
1051484325
1051487002
644673
1253778734
1523667112
559272
656514
1523575524
1051865382
1447830442
1051475948
1432854092
1071844474
582750
1179180815
1179187400
1051489002
1051869113
1071843441
1179084242
1432839668
1447848404
1448257147
1179232561
1179342257
1179917104
654314
559268
1051486173
1206169
1051473341
1051485322
582756
1051476599
692470
766905
1051473376
1071690925
1539522659
1179080143
1179279897
1179089017
644569
1179989226
644584
818219
1529597463
1179150885
1179289859
1171432481
1179073115
1156947845
678771
536966
525549
549865
785855
1215873
802118
791300
753185
1051491217
