239843
1339151
1005791052
748926
913657
191658
1022705672
730453
688006
703400
1492711067
552377
749065
1285714634
387006
745931
730460
1023685632
1492687928
1408467
716422
1210672122
716416
1379699866
856191
1492467967
344485
1096615198
1207657752
716424
1019946696
191681
730461
767116
730464
1078326135
1110548816
1106328010
745930
745244
745235
1107080844
1343371867
1001766129
871403
1016161307
1042626746
1144361576
745231
707443
745239
1262367984
1332456739
1014631687
1234030670
1410396546
1026717960
1031957477
1335902065
1470613374
1026532299
1064864115
1436937
1343359529
1078325911
1216669635
1026078904
1216616697
1026133371
1343113085
1014631691
1435624010
1343381508
1445128512
1462213661
1464527042
1016160266
1515718935
1014631419
1170362466
1387977634
1424216462
1004057695
1107271035
1470648167
1343366558
1060274304
1255259505
1343445865
1343454698
1435436627
1435606425
1026941332
1027167838
1027169688
1343462492
1435363686
1549169396
1024451241
