1435947124
856188
1502662342
913617
1434380730
1438146024
1533098067
1235450147
1273958413
1419365349
1054808024
1235562260
1473188350
1116807919
1432785018
1192631575
1180882072
1220212908
1289098612
1266857507
1295210540
1361363347
1393098259
1212420654
1366451043
1214906978
1218127555
1343396559
1214686882
1210421589
1218297074
1535561522
1218553629
1479343443
1215192363
1481463599
1059994948
1366344206
1391603664
1522212023
1030708282
1289073961
1371280053
1441918127
1231534392
1179107611
1370779999
1548194136
1554300017
