927422
835967
700701
609023
802369
644169
609019
1256933
598630
1360721359
1148562990
1365905046
1176837
1255703806
1198152
754114
802362
1145647192
1332506
1352512074
1332511
1198155
1242913980
802355
1153460728
1032658215
1264348696
1198151
1299165208
1335896743
629361
1211496864
552418
1212881
1007581935
1300281170
1253190713
1506398231
1148643079
1024777515
1072481006
1335938034
1337246697
629376
754116
629368
791304
1427199090
1024991111
1067600689
1094715404
573072
629359
730451
1198141
743821
629371
1332484
1260837
1332490
1033787486
1026774157
629362
1300156018
743811
1087956570
1066120071
1364502134
1332488
1218202633
1315377104
1481548116
1066122647
1385259855
1030784766
1332494
573069
1041020289
1288055620
1335250332
1392982488
1219640755
1243714160
1059910487
1007828634
1136434222
1480100805
1103662719
1172453200
1336179278
819265
1332497
1541686348
1522592996
1137695603
1335090529
1103659841
1312025457
1336078719
1431946923
1456846532
1413091632
1135483855
1149075249
1364532548
1456652268
1457488144
1335011685
1435703276
1540573311
1054325557
1227430433
1242668723
1525567090
1141171730
1257014777
1331827312
1335042812
1522575126
1538973567
1005101200
1214569391
1229280076
1280166329
1329548012
1335047026
1335083761
1335095424
1335490659
1526688725
1224064129
1334907101
1334907433
1334914521
1335172153
1335224310
1336039515
1336049348
1336104035
1336193961
1336205751
1373238773
1398421885
1427249292
1439585132
1466305458
1513074579
1522589981
1530241737
1335220436
1335555867
1336040755
1439343073
1488034721
1512042030
1544271563
1285546546
1306515243
1335184351
1336103846
1337454676
1138986382
1336203904
1466310211
1469915693
1023043690
1025408630
1059965137
1142285832
1217170954
1223101306
1229272921
1332519989
1335046725
1335163858
1335243402
1336247697
1352609214
1356906097
1457600825
1457624627
1522586454
1528112768
1540756038
1541684886
1541688651
1208807
1005101381
1145516613
1156986172
1266783749
1478432295
1329179995
1329429812
1335056933
1335118694
1335162998
1335184345
1335224969
1335425614
1335491130
1335541444
1335555187
1336102216
1336109276
1336222277
1337439811
1350252933
1350693933
1422048969
1430333056
1478277681
1488273660
1510964119
1518011888
1521424070
1530643556
1336059271
1337270521
1381752271
1427700404
1180243447
1241228518
1306582225
1332668845
1337224220
1396699741
1339480343
1360354499
1468078678
1526218903
1145597578
1245082959
1336049146
1314439758
1199839759
1332675911
1335128656
1336182262
1337193300
1350699387
1351635555
1381204544
1385280209
1393737689
1438891753
1451595532
1513601077
1524552721
1543272647
1021577028
1135562934
1145281498
1154590572
1157225046
1218927265
1214582682
1223215011
1223339758
1225117795
1241031177
1241044249
1241250368
1247679971
1253689094
1262966266
1278757586
1286514299
1299208974
1306524745
1333120409
1333221373
1333330108
1334903667
1334904951
1334922994
1335049031
1335137489
1335197042
1335441770
1336059709
1336102503
1336890659
1336921867
1407252878
1385273236
1385950435
1391046474
1393676411
1393699870
1398415882
1408502487
1417943339
1434426090
1439575710
1459918658
1492386098
1510983164
1512515554
1513266997
1520649615
1524523620
1527067073
1530250448
1532198946
1532206396
1532249740
1536269207
1536280793
1537431488
1541987320
1547332305
1547504856
1550919788
1550955278
1551329380
1552976539
1553360435
1229260766
