1005555962
1149065290
1205939339
1516827941
1501600684
1219081259
1276539338
1486976408
1177157293
1157799930
1242696519
1424153967
1197922885
1450553606
1186703029
1479616379
1353255416
1146980778
1229140836
1377096231
1533218028
1012002621
1145814570
1335056453
1156071313
1430261216
1530854112
1115469731
1267884396
1206220818
1341401259
1521741007
1423680386
1492912861
1527884317
1262973760
1436500226
1375334979
1508677899
1186822482
1458890991
1481719995
1074367251
1244206107
1448702644
1458873146
1242498098
1253540806
1401805713
1445639724
1447491945
1466220851
1464322493
1470568139
1501998807
1296729061
1349574264
1462251370
1179257986
1361348100
1448700718
1124771214
1160875284
1208453123
1364538252
1409519184
1428228755
1470628902
1481330798
1496461082
1514100457
1526903354
1528348915
1115712552
1204315076
1342949038
1455646666
1459856546
1145694934
1223388850
1353487480
1427546370
1355310233
1360843034
1437513575
1448701379
1449390780
1543075692
1151156617
1159626444
1184694237
1204544713
1272133057
1290277730
1302439272
1333845975
1355185442
1364668521
1429049206
1430355351
1438082740
1448699526
1448702741
1450356221
1451758294
1458887368
1494414224
1496844473
1499210215
1519182299
1534632172
1542028074
1552169536
1552200280
1552644262
1180988337
