1419680892
1345060294
1226812834
1381221405
1513015701
1409283889
1401462958
1400584451
1409294963
1450477943
1388917781
1266758003
1489349998
1005547275
1357580999
1243689078
1324515753
1401973982
1247676455
1056612097
1130121435
1226881309
1469730853
1469891233
1305764535
1401983162
1440041895
1336222351
1367956441
1232862633
1234784027
1363479145
1226559688
1226881203
1542027453
1381694942
1329429099
1444147389
1335659619
1324654629
1469410487
1035447180
1335242622
1241567888
1541523347
1250501053
1324581462
1336205805
1431911756
1432073797
1433015193
1489284479
1400445482
1226473661
1270286768
1335203124
1335541085
1542012255
1335148708
1343088305
1381277004
1539342578
1226881842
1469872120
1524524785
1226880476
1343125135
1485197513
1388350192
1432935092
1500128019
1106557315
1401571335
1444141912
1469885241
964832
1338092083
1158008999
1262960077
1381178667
1542025829
1088439115
1469885239
1037576669
1226880703
1252551480
1299197421
1335540473
1336058522
1381752416
1396696584
1469889340
1514068349
1514238535
1530910585
1538415046
1115071119
1338095318
1159706202
1401957454
1232862567
1237546667
1296566483
1336040639
1379665865
1433782221
1316948251
1381920838
1389102833
1469879611
1542021343
1226486901
1232862748
1401536239
1335150769
1335428259
1381472293
1381616705
1389107724
1469726819
1072411153
1226535068
1335440428
1469879989
1542005716
1469885306
1469890833
1232861319
1232862934
1335090457
1336881172
1389861982
1439985890
1440174018
1455671224
1469420586
1469428294
1469433394
1504236794
1542009946
1226570874
1290902414
1385370339
1335171764
1336213899
1336223050
1455646143
1380899805
1381368796
1381836127
1385217954
1385228254
1389718938
1416249884
1469800595
1469878826
1469888042
1469890336
1469890831
1499201465
1541160089
1541394795
1548689348
1550193553
1550302833
1556476776
