661374
1067763373
1180400242
1065328813
1156136171
1488290168
1067766663
1181323022
1409394887
1166950489
1488178571
1067656903
1180413877
1312868528
1245176005
1035893370
1127744169
1452640562
1486964835
1246618008
1300355231
1120466818
1178346725
1521276663
1253937950
1334270983
1351966170
1216306391
1392365655
1296588268
1084870269
1313009014
1300703151
1367772267
1245152747
1409368798
1432089476
1313045474
1356301809
1252155174
1345955125
1474467791
1222209717
1327138708
1467334362
1521670394
1176621551
1278273102
1313978586
1314027038
1348455070
1392636120
1417966544
1432538898
1444031237
1467341613
1511001199
1511065895
1514720003
1514728162
1521278137
1064852145
232332
1534783161
1554057083
