856217
573055
774510
935672
573048
676188
972893
573054
1159248
879726
730431
1162099
1014753
652867
573064
676191
669609
676190
822670
573053
856231
730428
692504
676204
692509
856228
1131948
856242
774508
879732
856221
879739
652901
652864
644187
609032
652821
644192
856201
730412
609024
856220
730443
856226
753184
856240
716560
879746
913595
676192
692475
774511
1406862280
676193
716555
1159249
652859
1001745246
652872
609028
927426
716434
692489
754119
652856
692456
716551
695997
573050
1462051459
1437245
1200439772
716540
1117564106
1100367393
1101262733
1437256
1437376
1437338
