661374
1417798682
1501757453
1179875753
1282161180
1026726159
1260805223
1409196666
1074352745
1032684508
1050344629
1102962105
1401396473
1356908484
1179059275
1020481593
1101939075
1268660200
1391037939
1049948427
1020442220
1124773896
1465593823
1493172207
1311809792
1020480592
1470807968
1465592190
1077636776
1458334976
1032975564
1389945684
1414689593
1420184627
1313735256
1405814162
1470746915
1252553075
1331922283
1331946209
1378640124
1388912823
1389072337
1179054017
1406017594
1406047101
1408272003
1424115240
1431541006
1477290815
1477370494
1499289302
1510963884
232332
1532493744
1534965360
1536357958
1538812515
1544246644
1546398122
1546400557
1548710545
1550709010
