1540597114
1093555
1423704723
1257577813
1089501524
1353103036
1253623247
1533848827
1421328395
1061966749
1113908371
1352770881
1312811008
1484811354
1004993712
1423702549
1232357
1400499816
1340899009
1231354
1501749676
1021362749
1232365
1031252620
1255867273
1001137101
1378423909
1430884009
1215845
1439049246
1352862957
1458315060
1153752562
1287462794
1146551134
1376756635
1457962416
1409059745
1391783770
1102050495
1416184973
1279189849
1305406808
1476880392
1503575114
1327455006
1033538148
1372142252
1094726163
1428353751
1215851
1143339243
1029073966
1345440715
1094730238
1053251303
1352715855
1462092617
1179263930
1353128224
1540512159
1007484411
1014003190
1050584269
1035642186
1271526850
1056317348
1394857588
1352811339
1531971327
1042724490
1327457675
1005258928
1264607582
1023224243
1266326384
1085721090
1141748720
1052292076
1446491626
1158930493
1028980893
1241400645
1522303707
1022378370
1333130159
1426115053
1504982569
1536471244
1049706926
1464408239
1522288252
1369006945
1407040838
1514114089
1010940053
1457420794
1062301640
1179486685
1342527047
1327460097
1353069341
1354386480
1533841906
1063881971
1185973948
1376482745
1542123875
1354445851
1127002405
1352892960
1361066970
1032825847
1257312088
1470807891
1521285628
1050105808
1353153008
1354463051
1533839088
1544455245
1546104344
1025321670
1028979871
1049706927
1138633177
1174819807
1294782739
1354402504
1354985763
1376511009
1378461998
1389937591
1407545593
1438463486
1457095987
1049706956
1369022919
1458325522
1052266601
1276474960
1354323668
1354373172
1409523464
1022380520
1072767912
1266316231
1266324542
1255898567
1278610224
1308004895
1453851218
1476707124
1511910812
1514296323
1515049986
1049706935
1049706975
1545762605
1016362966
1052252845
1060183190
1084185433
1086936050
1255255457
1255663116
1266330713
1326413027
1362804579
1378456725
1402125877
1529773061
1376523731
1470801169
1520312488
1326046900
1439071203
1023085646
1049706996
1266321808
1234450625
1278526359
1378452429
1378455843
1393178445
1409532963
1094721538
1056233546
1049706958
1130479797
1134797817
1266311952
1221933424
1278358934
1374709409
1376483613
1376527622
1376528754
1409537558
1519854157
1529336440
1545887564
1552151372
1077646107
1014156222
819277
1555914835
