1022188435
1353046712
1516529287
1141194062
1012742211
1502495487
1415102638
1234559768
1248212204
1234540217
1486962534
1079782256
1426261377
1267964903
1305440938
1452622848
1338860962
1376507766
1478532030
1478352322
1506998287
1469582454
1217881759
1216413512
1180364743
1370715649
1016535743
1011390060
1301737358
1044794076
1446789518
1020913194
1024744960
1468845230
1370087612
1432920002
1334802908
1095871401
1378686884
1528276122
1031351735
1501858362
1224774027
1021503452
1472899629
1316954915
1083352601
1201374871
1239061382
1168587155
1331301257
1234649767
1117841697
1084729061
1021757392
1130694415
1393582999
1477005772
1023229569
1234526426
1046998918
1416742652
1092943101
1337716540
1019647490
1108309325
1387732567
1080085648
1070066350
1120458202
1501876668
1271573335
1023129528
1331902494
1282748444
1343278127
1005984553
1308775208
1434885323
1507719043
1024748036
1104144789
1016940644
1062668825
1074472332
1017877895
1059991706
1409678610
1018721098
1026686375
1306045362
1215766432
1250482160
1446400360
1016939419
1269403151
1446469023
1464300576
1011312471
1177309056
1398145666
1069741936
1213147777
1217884308
1234536902
1416372731
1377259568
1011585481
1139484920
1315131697
1024423737
1019172685
1262335563
1234530280
1021908687
1019662012
1021798939
1022103264
1290183724
1398942555
1026035614
1443594084
1175760242
1255124841
1014781251
1020684403
1076623001
1022312336
1076900815
1354381146
1433020029
1012172823
1046557669
1095871510
1338235531
1389105142
1011127797
1010682139
1031392421
1021833117
1255134969
1413479431
1012496888
1021767844
1023124090
1016150236
1012186260
1234578857
1242993682
1543782058
1020326884
1518479082
1314288849
1059851347
1145378864
1472477955
1022609472
1050009633
1078070386
1234574637
1256184877
1486991266
1502031404
1446130830
1027938753
1308115825
1470413394
1338767991
1060531460
1337171501
1446206043
1481172769
1095871200
1361572988
1337107614
1446173390
1473535084
1242805406
1337193929
1446158816
1329755047
1277500475
1352783601
1399010502
1433617303
1446785427
1035656891
1058142672
1318753869
1482645229
1008214319
1538692360
1382014563
1234544414
1446422353
1023240249
1055630457
1192653238
1398134584
1008015963
1024612545
1264569513
1393747306
1477326563
1460875319
1075129431
1095871570
1117844456
1192607259
1234553087
1307810080
1398482350
1456589784
1484347153
1511250381
1024424730
1030553249
1104234185
1221961478
1319363633
1466211572
1516734139
1529398940
1542673918
1019838529
1306393279
1334734849
1376428058
1448797148
1505517614
1026035819
1018763876
1036961050
1094016571
1154613299
1304606935
1356823763
1420405304
1513760444
1461508293
1471239754
1481502013
1505405069
1513863908
1546405997
1012170184
1007430612
1019671411
1038216768
1046442594
1095871550
1186240854
1192705342
1308110653
1384731975
1470409345
1484922650
1540423712
1543311253
1543340291
1003380437
1019910093
1023138980
1060526466
1094792874
1211749283
1306392877
1334632716
1346451890
1359801240
1516959276
1004957708
1107469208
1234566206
1257992891
1259229340
1345620459
1422136328
1433759562
1456771028
1501247087
1522115590
1538566247
1033106654
1046559816
1052426040
1075368553
1463137174
1079529054
1119402066
1205948764
1252202877
1278383608
1285613366
1332640284
1346508511
1356910537
1385516277
1458210801
1489496430
1502606189
1503316284
1012171956
1019787056
1003741857
1008481783
1242448966
1252178330
1256021799
1278349737
1306394437
1381878507
1472965482
1482579327
1541956812
1543059556
1011152049
1020883876
1019109172
1094798484
1104140238
1234534944
1247078380
1285517574
1331893688
1352814614
1358129499
1410929520
1457360065
1473537762
1480203351
1482673735
1487872055
1012172882
1021050247
1019911330
1021909546
1023143182
1032951825
1055598311
1059990462
1086763646
1179382574
1234516081
1302103501
1340914786
1371623674
1412823956
1420384880
1432175050
1436960862
1437625573
1446102341
1446964152
1467546446
1468862394
1478337326
1482317728
1481509919
1482627268
1003742420
1050009522
1060529013
1086803864
1352846322
1432600070
1509896593
1059988562
1095871556
1282629908
1502638797
1530411315
1003741328
1017812540
1234548753
1234557169
1275453369
1289088617
1306392303
1306393959
1319094105
1345684368
1335001257
1337279975
1346427310
1370149745
1381814294
1473041552
1482661941
1511237459
1019024336
1017573028
1030347037
1139504572
1094799905
1169277396
1182792031
1184750788
1225414820
1223598075
1255311621
1274978681
1275589915
1297241850
1306393746
1313440724
1352865973
1363260077
1412825815
1422321876
1449239917
1456775376
1468966234
1505107804
1511936471
1546112051
1547168580
1547517321
1547532996
1547611826
1547612194
1547612565
1547615787
1547616286
1547620740
1547632455
1547710600
1548257268
1548903535
1548961481
1548987427
1548993716
1549749666
1549757951
1549760366
1549762293
1549763587
1549765399
1549768505
1549771268
1549790095
1549793279
1549796167
1549796880
1550207465
1550458196
1550462827
1550921311
1551271704
1555005588
1555115420
1010951407
1391502271
1136715348
1191474042
1026527536
1209633468
1552538210
1553069930
1555794294
1556421658
1556452649
1556456398
1556458542
1556470000
1556472620
1556478479
