1099219
1352764140
1522962880
1175417750
1338340912
1511763082
1339497737
1264132552
1283788454
1385365310
1031403018
1063639077
1338240717
1416046601
1306518629
1522993688
1228179616
1304422598
1334288918
1459581793
1315028487
1333258181
1337842015
1355671259
1407055448
1026449575
1432880206
1447490745
1484261028
1306311608
1415206326
1025952556
1141914993
1270809808
1339887922
1355679406
1451081967
1483955904
1339948405
1407143042
1463885490
1474038055
1079536902
1332728729
1482656752
1485372943
1208882202
1306306780
1308398237
1338351296
1304534228
1482710310
1306302283
1322892546
1334589836
1337886332
1339105830
1339521209
1455447823
1482552718
1483128084
1483256169
1506250490
1534966063
1290973599
1294286869
1330006521
1337718887
1373203635
1416927944
1425723494
1453129055
1454101229
1458255500
1462072258
1483621965
1485159091
1552424936
1550758285
