591728
1297817
716417
172124
1298027
1323242096
629354
1298022
652807
1222249569
1298056
1298010
687934
818136
822663
1222238352
730462
1467646
1298019
766900
654332
1298023
819271
1049869338
724986
654330
724978
1076895167
157044
1229999080
1323080837
1190502505
1076898982
271558
1191262626
1028790496
1077042809
1010496216
1131096233
1504527078
1237763
1077952100
724983
819264
1079984122
1028281290
1206538
1077593861
1231393104
1011034193
1534251790
1542167734
1361167249
1354813631
1244330084
1324532348
1307883199
745235
745244
745231
745239
