1121429023
1075465039
1075970123
1075946922
1075981051
1165036909
1075901761
1317462191
1074183202
1306063189
1121564043
1075923535
1075439529
1115309353
1228636387
1075447421
1081973138
1075456618
1075957507
1075928274
1075452797
1075966029
1075913937
1075976191
1352987164
1280584698
1192674229
1458710020
1143842633
1245380167
1292698865
1347372217
1075461637
1271288831
1485260515
1045344213
1051463128
1058975000
1075416436
1341214151
1331343917
1383902874
1156158449
1279106746
1284316695
1493130001
1353069219
1052982391
1198172712
1465581749
1284316013
1329532853
1424746852
1479475563
1165031583
1228767428
