1502766123
1210647529
913617
1159836922
1514186598
1194471886
1013475836
1026537834
1095335476
1050980378
1179050667
1383770142
1026536463
1015678652
1384109188
1014248006
1208384776
1036028703
1317367662
1193843568
1054809626
1293725110
1234282811
1218494277
1244996813
1179426784
1210363747
1316961935
1061817545
1208762011
1391479462
1317211530
1317031247
1541944104
1207595488
1217529588
1217557259
1317051260
1316685753
1123581982
1149284959
1208851837
1210434876
1210742977
1218045743
1502761196
1514171856
1166141475
1514165048
1054807577
1219244141
1218124812
1105510093
1194396415
1194401397
1208831647
1208867871
1218217077
1218899134
1514136752
1544164824
1149536878
1166141364
1194353254
1317299878
1210610789
