879778
901104
879774
1373292488
1461167865
1232846791
1463830296
1436588754
1519099108
1457465750
1490424676
1211277294
1478092900
1203755931
1294720079
1436761700
1031312834
1210387033
1516812535
1478093062
1462449329
1204461920
1013031090
1117703671
1397952812
1210661720
1250565168
1460929267
1437951
1203698310
1118489773
1216371202
1420420269
1391030379
1210371920
1113569591
1436805509
1028769219
1373319885
1025390355
1429100608
1461402304
1210679978
1479323372
1515389733
1373340421
1419038003
1285630230
1362724622
1376747068
1231518236
1461181900
1373275618
1462075658
1028759686
1479255842
1506554840
1470811861
1230965868
1373362238
1478092748
1059987150
1486186400
1525197026
1021736211
1024278518
1059987074
1128969840
1373301523
1511762274
1025262151
1467250094
1526740494
1526919061
1234177189
1523071274
1345146382
1526984794
1411525235
1201231294
1283771773
1373115366
1376717267
1446677046
1461160438
1525564555
1025140393
1286378440
1467223174
1337073831
1516946515
1263683666
1449920379
1147871193
1234153565
1231180724
1384941331
1107385876
1234171417
1449915034
1285605478
1283434306
1181155344
1478086986
1512245067
1478091056
1498512772
1478087301
1272029291
1389995042
1417824522
1424653685
1449910202
1185920451
1510666428
1185931779
1517785224
1530677986
1530691593
1537733120
1539311629
1545154479
1546268125
1547307237
1555041710
1555041763
1555043614
1555044164
1555047746
1555047799
