1531313998
1532606708
1523395903
1516422471
1534214245
1528848658
1530235785
1532536695
1543495672
1497845964
1534183253
1528925165
1532620731
1472411589
1068235495
1546132415
1397440197
1546157406
1546133541
1505380632
1538133711
1506074161
1544193186
1501792388
1511075659
1535465758
1516643970
1333015726
1511742400
1144870849
1490008710
1197106289
1536271020
1535001370
1530077596
1529471012
1387378210
1532640456
1524990372
1516384945
1508460577
1504295803
1517767816
1508502635
1522698008
1085911991
1501256223
1539053692
1495660773
1394375287
1506196870
1542069891
1496817905
1511798987
1462332787
1525968531
1033632110
1011318674
1458459376
1481782543
1298482505
1327121670
1254274836
1516377156
1477108350
1493170821
1486638717
1491925748
1412858736
1100917535
1537775779
1493136179
1530887882
1355407283
1492417310
1465935840
1523882152
1338352466
1251138212
1463221424
1324584372
1090678572
1011319272
1233694888
1473369783
1269192807
1511692529
1534252558
1184666844
1462577809
1320758785
1490479163
1516839269
1516393383
1525126534
1544582149
1480349525
1494930351
1179634662
1410174001
1541919611
1531687686
1490058200
1476865733
1536420439
1524255780
1490037501
1498886612
1322929673
1475166749
1280650543
1524309046
1025640574
1532773262
1518623416
1293280063
1540174114
1400070045
1481492346
1531129877
1513307668
1488900547
1364995307
1496369418
1476869573
1516839277
1011314448
1273710432
1279750868
1477902037
1531090243
1436661626
1516381166
1517794310
1520292874
1537944793
1539124425
1478164847
1536431047
1517332770
1507427020
1489153182
1500555172
1485928353
1267008306
1508555461
1262734971
1476944477
1223241505
1486057185
1104487439
1522608475
1106651353
1473855450
1230292907
1496406925
1006909083
1287457176
1086009727
1100944087
1530999781
1486520743
1483828225
1481514479
1532353730
1535614278
1491799455
1483920289
1509419693
1328751470
1229230716
1529232315
1303766677
1375829874
1526529962
1448292689
1491794541
1503744041
1432271908
1510352060
1335205001
1408848950
1539113817
1486819062
1523863638
1541944661
1482514308
1458456876
1520276254
1470526295
1489648276
1479670606
1496346595
1353732422
1504094170
1229230716
1493089220
1034992278
1279736730
1329575638
1475839530
1142300670
1292062435
1331828409
1479182853
1101266520
1115230893
1104472682
1514074419
1100906056
1012951296
1506909078
1502939677
1463201291
1017153170
1472173191
1246329750
1481683051
1502584927
1357481107
1518358376
1339892751
1329012592
1523860020
1522647697
1537334494
1453671827
1240002193
1085421973
1261427499
1446683627
1253424950
1290326921
1509665929
1492502187
1518270052
1532628453
1101240318
1216511072
1531011614
1346197947
1481004635
1482682129
1542068025
1494827090
1519595201
1389433771
1007171780
1034992278
1269207036
1106219008
1257744497
1473766397
1502844220
1448243743
1517898240
1520840056
1471355048
1477136764
1504175924
1450958869
1525119471
1108542315
1106562683
1015579215
1268131610
1241096054
1441919368
1488794711
1430981784
1545354419
1532679806
1032148141
1319681248
1113346299
1276565266
1477339283
1006908409
1546848861
1320761491
1473261134
1100611936
1533022905
1515411752
1334226496
1477035579
1478584289
1260173644
1454576546
1476811783
1241204156
1429109888
1498300592
1508830880
1503541113
1477047974
1262908097
1431933109
1440974176
1477934944
1485220596
1484799192
1484654121
1494827090
1389433771
1011318418
1458331827
1285848457
1478747879
1289481527
1092418599
1542383343
1471174885
1482041776
1283881525
1320315605
1477065625
1281150092
1119475691
1069559982
1380668977
1397091091
1027973588
1545354419
1496945836
1235733112
1526152612
1245192824
1430779854
1469657408
1530010738
1481798555
1507177909
1032148160
1247874548
1006917044
1509664053
1120149237
1453182303
1122081688
1351934352
1292155124
1329568682
1349016713
1273289690
1125175887
1476470896
1444424967
1090739337
1100999222
1339811654
1392655417
1269910111
1186239109
1229410386
1399560300
1345040223
1368051397
1327600412
1479059675
1498673645
1370052123
1495301093
1268175710
1007213933
1486819041
1490629618
1487430735
1481413836
1517946914
1478115340
1392624562
1279264016
1003668189
1297507236
1405516643
1343188052
1346657241
1349025309
1368010824
1006047340
1090776223
1103787952
1249648652
1481743933
1381228304
1074017312
1114012670
1088216498
1131506573
1544741973
1160452746
1470321152
1501086848
1006830263
1237948574
1407650125
1472173193
1504643267
1483264061
1252813202
1378407247
1259384147
1380792480
1136844823
1423247179
1469989535
1480741683
1101004160
1262425753
1006088066
1085261153
1303848331
1315136980
1330132256
1442395854
1442406328
1474676765
1476261767
1387361441
1482176151
1370052123
1495301093
1484956466
1458331827
1487430735
1006830263
1519258212
1481413836
1476925601
1144502766
1259384147
1250824606
1381752645
1282900009
1074017312
1136851448
1246329843
1368086363
1483264061
1474676765
1476261767
1006056947
1233098660
1237648882
1387361441
1303848331
1310328810
1315136980
1381211526
1497884004
1493139874
1371912517
1386076274
1443526214
1500612302
1017919466
1267443215
1314672893
1470317840
1400645220
1091160255
1136647991
1380812283
1080135193
1325407961
1311577998
1504173645
1293121071
1421485150
1101034115
1101256859
1006105321
1476903949
1324557170
1327465318
1337541490
1351946652
1352115366
1352726795
1263004678
1491091504
1506664726
1447746262
1509568614
1414056217
1025643317
1510228318
1260902831
1500182696
1046833369
1381752645
1278672431
1476809465
1019794674
1330132256
1261106075
1312818814
1276722849
1490142492
1085263739
1128142314
1161573289
1241582826
1314654919
1326360360
1366454753
1378375397
1380811602
1425702743
1469692291
1482570329
1489965158
1490707166
1427667305
1542526026
1018621123
1479898576
1158510449
1241381054
1313469153
1101022349
1380804827
1309306238
1019792089
1440988854
1264081961
1448795421
1479767914
1537703617
1090749065
1540075788
1324325688
1350335327
1488819351
1496922379
1517816540
1524261901
1107370819
1372573242
1500767175
1435596521
1506613283
1531015149
1007214261
1381259893
1508188975
1475615134
1005418102
1287454570
1086882376
1474548581
1527139540
1006034356
1320304757
1346149202
1343188053
1368080319
1469709587
1508154373
1545034345
1381204579
1477855085
1240026185
1372573242
1488405214
1524035812
1105453639
1513907702
1531611751
1535698921
1328714489
1453192203
1513074253
1511854643
1533262169
1482298984
1462452680
1481792934
1510345995
1523872975
1539139390
1545597263
1019793989
1544647539
1093675467
1339396739
1373918192
1442247500
1486371363
1544976293
1490838724
1486562634
1487952226
1525979421
1481787868
1491676246
1520051064
1499738861
1530929375
1447746262
1531015149
1352131921
1394068578
1381459095
1352699483
1452189872
1025645044
1421186895
1025640575
1332005656
1381906692
1249205186
1326814202
1269453555
1281442873
1249549569
1381784731
1011319883
1482068749
1532713657
1482298984
1489652126
1533337150
1284360078
1007163828
1007185191
1280657714
1480474512
1471473706
1331392789
1499509898
1525944578
1537152002
1476869566
1488682490
1507728724
1428242783
1421635452
1144635067
1335516655
1540402172
1007192170
1508781101
1018608088
1006915976
1006917609
1230462926
1518097515
1007183180
1282288734
1542057879
1481680980
1506739129
1006916663
1331683809
1384668786
1282219408
1541412844
1544478830
1498231374
1409518394
1007246710
1012654207
1069852688
1484911679
1347533596
1352604165
1382530617
1481168014
1433416802
1006953669
1028043589
1035822648
1035826342
1218235694
1492591058
1283472345
1315611215
1330284045
1331018056
1480834319
1500406086
1379240753
1403191110
1415092454
1419713975
1433020758
1446516183
1457857219
1468732699
1475703887
1478111998
1480952010
1485588021
1487620847
1497095836
1019931058
1443769816
1458740858
1006909369
1509365481
1519878635
1019932070
1282951168
1527425079
1018616669
1091332657
1105508037
1329153980
1331989873
1372220324
1436362672
1496549647
1006909449
1025312128
1326372057
1453618512
1492096910
1511851547
1329153980
1331989873
1372220324
1428242785
1453618512
1492096910
1511851547
1340851338
1398401800
1492482798
1379211402
1385206324
1388964521
1549013552
1506636795
1006663470
1019737184
1019997363
1028125123
1086882437
1107994255
1107994954
1186043548
1268201998
1311141770
1326648387
1326865518
1543208206
1483235574
1375768885
1486265175
1379186244
1381754332
1542035291
1381790037
1382545307
1491460059
1393650072
1408018455
1411357916
1411374998
1418935449
1429648581
1433669173
1443149527
1447544689
1455458854
1471232902
1475148912
1494079460
1504216675
1504312742
1506583804
1539460632
1539953922
1007170728
1536765975
1144429101
1522497803
1480285181
1495288266
1527434369
1537211812
1481645009
1493980932
1034824488
1487547008
1281443336
1506099603
1476071476
1528145568
1536525185
1334967171
1482667655
1486371363
1490037465
1498122853
1533643275
1086882311
1145336055
1282287169
1282636396
1305267207
1325369272
1443844424
1473439838
1479729900
1489625500
1493808806
1528470995
1538462640
1281461668
1448253047
1528418784
1531836254
1542904641
1398833486
1487617806
1488824489
1500377776
1503937120
1516680749
1527023323
1528403962
1006917358
1020865994
1238232155
1247484980
1277939685
1280015938
1517128900
1408899889
1421906431
1423125185
1426438655
1430898985
1433855806
1437362897
1455289262
1454381588
1280015938
1368107849
1517128900
1421906431
1423125185
1426438655
1430898985
1433855806
1437362897
1455289262
1454381588
1459277912
1460681955
1470792885
1476120831
1476346398
1488033313
1492056429
1492198128
1493343082
1496222001
1497539770
1508139683
1509242655
1509661883
1527794645
1518198066
1521936093
1524041775
1526400801
1527156503
1527922936
1529861492
1531393390
1535724888
1537101026
1541270095
1047600147
1070431012
1085278248
1198449593
1269366691
1289416157
1338306985
1368098977
1408899889
1411504505
1415342460
1463066674
1463204606
1475031724
1478111872
1481809384
1482223733
1484795169
1486960918
1487971968
1491134127
1492603722
1495927683
1496098818
1497485358
1504758611
1509660214
1510114927
1517093713
1523022006
1523911575
1524381772
1524858352
1526852441
1528332609
1528394993
1529669811
1530455970
1532798068
1535096315
1537215652
1546345959
1006916922
1021547355
1055437024
1100925085
1245470300
1269425256
1269437654
1277939685
1333588934
1337348415
1380760315
1420631563
1435621632
1509261659
1444643980
1448686946
1453200814
1456026776
1463954210
1471873975
1473347662
1473361785
1478111902
1479601878
1484789568
1485155779
1488297446
1489673162
1493034520
1495550592
1499501072
1505529769
1509702567
1520193650
1520279367
1524230719
1524905348
1526123447
1528376614
1532248845
1537154490
1416741877
1431705136
1473042733
1490057286
1492423672
1510461949
1513345327
1515789287
1519507963
1520130694
1523734332
1532618071
1534931912
1535107775
1537315818
1537811000
1540288433
1542951436
1306519210
1309022071
1492215689
1383551236
1421792992
1427711260
1429662426
1470924170
1471872223
1480564264
1481200293
1484533995
1485388662
1491537059
1498872218
1502828515
1506297048
1517121701
1517291500
1520267688
1526890591
1533510475
1537184163
1537895519
1540778215
1085261960
1091208268
1094439355
1246162906
1302098927
1323366349
1327397262
1329439648
1542081174
1348918896
1516841203
1367925580
1509316754
1517152580
1401807911
1403320253
1416345399
1430852344
1434865201
1436574101
1455888485
1440975865
1443710469
1444718899
1490675123
1465355522
1471549049
1474487817
1476330659
1476476567
1478311993
1479653554
1482024551
1485790883
1487650082
1490922472
1492032601
1497539704
1497547853
1497919339
1500130860
1506817367
1506834940
1512026043
1512387967
1514420262
1517834812
1520242187
1526746961
1530388350
1530904433
1531899755
1532645601
1536143255
1537938264
1539459790
1539833548
1542823133
1543063924
1544296826
1006954502
1070412825
1100938168
1106675949
1112854314
1130417229
1160817746
1161632748
1216506073
1245491903
1268221696
1276510122
1282502685
1324789864
1337747083
1378963840
1398138607
1414864423
1415753534
1421908369
1435657406
1436321504
1509254793
1436644471
1520792240
1460292018
1461770455
1469696090
1473435902
1474422456
1475166751
1476070735
1477095724
1478711969
1478770458
1479765544
1482414086
1486884253
1488936543
1490155792
1491948019
1492190013
1492528872
1493893057
1506443648
1512001596
1513086764
1513848253
1513863425
1523798927
1527179309
1528517051
1529522216
1531029151
1531840445
1532508492
1532672194
1532676731
1534776495
1535463426
1536602879
1537130869
1537266379
1537501559
1537695993
1538673835
1539473981
1539831080
1541342881
1542818411
1542918793
1543627872
1006039603
1006045429
1006046237
1006056700
1006057742
1539473981
1539831080
1541342881
1542818411
1542918793
1543627872
1006039603
1006045429
1006046237
1006056700
1006057742
1006057655
1006070803
1006909491
1007214147
1010534229
1019733441
1021540305
1028013131
1055322238
1055423773
1085272751
1085606720
1086881630
1091333025
1091333321
1091333306
1091851849
1092203838
1092204516
1093651961
1093657629
1094474420
1100928090
1100932549
1101002743
1101014707
1101020117
1101029904
1101045192
1101063663
1105509027
1106675949
1110372193
1111359935
1112799153
1112822321
1120167504
1208108366
1212164068
1216417519
1216629842
1216904110
1217166940
1217574957
1220255564
1228861022
1229105722
1229776269
1235740332
1239403636
1249585257
1249727665
1250734926
1257111089
1259715427
1268004482
1269220791
1269488880
1270110065
1271634971
1275385293
1280567946
1282370546
1285588546
1295778488
1301797238
1303867177
1303893278
1304483630
1311205187
1311246277
1311253899
1316227425
1323045924
1324613377
1324779611
1326568266
1328366700
1347536567
1328521236
1328647767
1328672086
1328693721
1328729159
1329108359
1329219262
1329415459
1330068108
1330124113
1330168837
1330207434
1331042372
1331088091
1331350063
1332724891
1335427053
1335471912
1336130915
1338328445
1341846780
1346455371
1348033184
1348040695
1350040688
1350759057
1352886346
1353200487
1356085439
1356396491
1356634272
1356986145
1357487815
1357638533
1360848061
1363468630
1367949487
1367976629
1368003051
1368158331
1378412550
1378535146
1378579696
1379621755
1380839973
1381201981
1381692526
1381724213
1381894706
1427155818
1382543606
1382546552
1508960820
1385890569
1388808334
1391147185
1391541283
1395138204
1396431644
1396776055
1397750514
1488427578
1397997287
1398382605
1398611531
1399491169
1399605241
1400096540
1400607567
1401047374
1401081315
1401093453
1401105695
1401402292
1401452849
1401482105
1401628107
1401628923
1401775076
1401956114
1402007256
1402437816
1402470531
1402507915
1402679169
1402962171
1402978724
1402994661
1403523767
1404359784
1415693926
1488935305
1415756492
1416281165
1416303735
1416757808
1417384991
1418958586
1419296883
1420175784
1420205249
1421177812
1421410534
1421424049
1421633646
1421700097
1421837155
1421877024
1422196596
1422295318
1423685086
1424046961
1424507233
1440776963
1425312895
1425314627
1426553978
1427302127
1427331232
1429635011
1430372176
1430472014
1430476400
1430545259
1430611659
1430959279
1430970470
1431720017
1431724943
1509324380
1432769097
1432996866
1433255888
1433691999
1433810811
1433920051
1434092885
1434361815
1434663393
1434723977
1434835627
1435337212
1435375993
1435389512
1435438953
1435494708
1435680320
1435784087
1435794879
1435855440
1462956532
1458990452
1437404674
1438689079
1438703110
1438850777
1439638306
1439661897
1439677650
1439756839
1439775518
1440984755
1441056331
1441681338
1441922514
1443125158
1443171187
1443355325
1443704565
1443867535
1444246421
1444365915
1444609493
1509247320
1527411604
1445071805
1445124057
1445443741
1445896682
1509280879
1446906338
1447000497
1447360897
1447552566
1447657333
1448454941
1448823564
1449083320
1449142385
1449186252
1449350685
1449645513
1449647504
1452013635
1520230099
1453182570
1453634120
1453680410
1454292633
1454631730
1454649376
1454994944
1455462416
1456044445
1456050271
1456057168
1456072292
1456892465
1456915623
1456968147
1454631730
1454649376
1454994944
1455462416
1456044445
1456050271
1456057168
1456072292
1456892465
1456915623
1456968147
1457598736
1457888676
1458042290
1458328175
1458489001
1458881635
1458906427
1459176533
1459876964
1460078329
1460091251
1461131614
1461140404
1461646861
1461767885
1461819443
1462466337
1462516777
1463865899
1463869608
1465005903
1465222464
1465330305
1469438854
1469709575
1469719061
1469777524
1469791023
1470148656
1470576167
1470786948
1470794134
1470787024
1470790614
1470795029
1470791746
1470792002
1471174192
1471243534
1471235047
1471235456
1471237304
1471237600
1471241366
1471254374
1471256447
1471254866
1471255056
1471255170
1471255543
1471270885
1471272592
1471274791
1471279458
1471288596
1471288711
1471288804
1471294307
1471295599
1471295957
1471296755
1471321721
1471342529
1471339664
1471340359
1471340375
1471341419
1471343548
1471353284
1471353476
1471354481
1471354971
1471464315
1471475822
1471477997
1471547763
1471547767
1471548879
1471549544
1471872200
1471874193
1471875066
1472477135
1472490508
1472492271
1472596793
1472598963
1472598974
1472601271
1472602047
1472738321
1472744923
1472782488
1472978770
1472979979
1472982153
1473038918
1473042430
1473039397
1473039654
1473041945
1473339312
1473432694
1473433201
1473435166
1473440266
1473440859
1473440946
1473441150
1475271854
1475272380
1475272494
1476064623
1476070915
1476191863
1476473528
1476638730
1476633583
1476633806
1476635428
1476635567
1476637077
1476925253
1476928591
1477167250
1477319416
1477320062
1477320082
1477321003
1477322347
1477322743
1477916088
1477947699
1478116735
1478110984
1478598820
1478675005
1478686185
1478691109
1478694865
1478701460
1478715712
1478791233
1478940803
1478945913
1478949485
1478950503
1478951968
1479291270
1479330061
1479745745
1480075433
1480068512
1480079227
1480198292
1480205582
1480442880
1480519380
1480595441
1480881209
1480992762
1480995115
1481202439
1481204532
1481196801
1481203881
1481206367
1481206385
1481208147
1480595441
1480881209
1480992762
1480995115
1481202439
1481204532
1481196801
1481203881
1481206367
1481206385
1481208147
1481381734
1481419931
1481425515
1481436401
1481438921
1481866950
1481922055
1482059361
1482061653
1482063501
1482067058
1482067240
1482067292
1482068551
1482069955
1482070942
1482070959
1482248751
1482248826
1482308877
1482378302
1482385261
1482537632
1482675904
1482696382
1482864303
1482875464
1483092723
1483098145
1483099149
1483105476
1483220672
1483249939
1483784183
1483997085
1483998765
1483998886
1484001237
1484124618
1484134155
1484204945
1484743596
1484782470
1484785888
1484789365
1484800651
1484923551
1485074078
1485864337
1487066481
1487063600
1487165800
1487179680
1487188078
1487407530
1487444895
1487559641
1488064139
1487657699
1487838426
1487880108
1487896477
1487902057
1488001106
1488030261
1488038363
1488089623
1488249162
1488579848
1488586752
1488587144
1488587860
1488641405
1488776076
1488781433
1488828653
1488941554
1489164532
1489264994
1489487629
1489623076
1489640523
1489694736
1489905317
1489906997
1489969290
1490003067
1490029899
1490036366
1490121199
1490133822
1490177053
1490196572
1490802794
1490828702
1490843748
1490935978
1490902901
1491233519
1491300830
1491520040
1491546863
1491553184
1491567566
1491624142
1491742412
1491851661
1491882095
1491942243
1491233519
1491300830
1491482788
1491520040
1491546863
1491553184
1491567566
1491624142
1491742412
1491851661
1491882095
1491942243
1491948019
1492186129
1492188228
1492197558
1492428842
1492423784
1492567404
1492593898
1492913048
1493165100
1493222879
1493233579
1493245398
1493250160
1493255123
1493262180
1494032942
1494044887
1494169918
1494188490
1494894434
1494896261
1494957862
1495574917
1495708609
1495718461
1495924615
1495925827
1495926966
1495927779
1495929110
1496001950
1496021865
1496049214
1496143773
1497163797
1497220902
1497220915
1497228099
1497230632
1497230756
1497525774
1497547036
1497750179
1497988690
1498496545
1498523164
1498578285
1498592867
1498593539
1498594323
1498632085
1498640854
1498659222
1498750829
1499142616
1499354341
1499444749
1499459209
1499526572
1499551683
1499745356
1499771401
1499772279
1499776059
1499776962
1499785104
1500667721
1500671036
1500942459
1501144060
1501323461
1501376844
1501491788
1501501030
1501508962
1501746981
1501822450
1501963021
1502025139
1502514510
1502704980
1502980703
1503156566
1503203228
1503206296
1503208862
1503337803
1503340803
1503342302
1503342850
1503672622
1503720756
1503742262
1503917009
1504154268
1504176237
1504423095
1505175695
1505510496
1505548433
1505744949
1505825140
1506030428
1506040138
1506370146
1506594308
1506604663
1506604726
1506606732
1506862547
1506857476
1506857709
1506859499
1506862758
1507151449
1507299725
1507379381
1507823755
1507964942
1508012338
1508012847
1508071211
1508093260
1508133565
1508134769
1508136242
1508150440
1508249609
1508303155
1508345804
1508360133
1508446325
1508452187
1508459596
1508471523
1508485170
1508559611
1508622102
1508930010
1509029970
1509037909
1509050213
1509051647
1509074823
1509293444
1509302730
1509369859
1509536412
1509610334
1509596885
1509599615
1509606981
1509631681
1509658716
1509761254
1509910338
1510066726
1510070190
1510185932
1510268907
1510288541
1510577079
1510581431
1510579166
1511904875
1511923315
1511929279
1511936915
1512200471
1512202478
1512206329
1513083415
1514601620
1515019181
1515732429
1518219748
1520133863
1520167335
1520827407
1526844338
1527171050
1528068971
1528465101
1529845692
1529892557
1530912569
1531290450
1531826782
1534094053
1535001824
1535655314
1536181282
1537078536
1537344664
1542561336
1546352623
1546403601
1546708140
1019721045
1022022301
1105507414
1107944476
1259056384
1324950844
1338450342
1368021336
1382549900
1388779227
1410095806
1443645721
1527240870
1453213519
1476006806
1496274815
1502911607
1517037071
1526005768
1530891189
1531049269
1537841982
1542353403
1023524598
1480648423
1334977657
1497753588
1378621611
1384295612
1523049154
1526003359
1531603869
1532720106
1536562121
1540294878
1542018876
1544299915
1544471327
1545591806
1027992578
1269354318
1330042236
1476475066
1477018585
1479434640
1480068113
1480072262
1480220031
1488708606
1494231669
1497898792
1504261316
1508013375
1513612573
1526296226
1527950522
1533345116
1533455576
1537107199
1538762268
1540383886
1542877753
1006829827
1006909231
1007231337
1027942145
1027982876
1100996825
1108020228
1282220243
1301592073
1312995015
1331177527
1333377028
1405230821
1432938744
1462428571
1476701605
1479821465
1479850771
1492019437
1499783946
1500379813
1505319549
1522202396
1530768043
1534361071
1536494495
1537731586
1537735679
1538016201
1539891753
1542184881
1542465937
1542864941
1010895456
1085266644
1091332941
1143206214
1198585709
1230592266
1231829691
1245503422
1267964842
1268009704
1276428945
1282189376
1541684810
1307910501
1329388215
1337927951
1338831757
1353224735
1367619336
1364218992
1374462593
1378366211
1384260521
1384964758
1516911836
1516736589
1417320613
1529392708
1421901998
1502905724
1434419592
1435496811
1436621158
1443367252
1443636482
1516471573
1444734556
1445908158
1451992829
1458918070
1468167932
1471254986
1471283846
1473441951
1476859025
1476878848
1478685669
1479824900
1482061212
1482229197
1486048880
1487439085
1487970515
1488847718
1490008716
1490295038
1490516250
1490565884
1495538870
1495607551
1496543682
1497542972
1500429328
1505781489
1509662153
1509662313
1510121758
1510237373
1510350027
1511014301
1512409570
1514356457
1524288965
1525902009
1526146002
1527134968
1527916431
1529664888
1529806731
1530499775
1530569582
1530957422
1531255879
1531403843
1531874562
1533187799
1533944116
1535071378
1535484348
1536468263
1537321156
1537731882
1537820712
1537954970
1537998108
1539751716
1539763838
1540385025
1540685209
1540726376
1541235392
1541284030
1542069894
1542342086
1542430580
1542694832
1542836497
1542890319
1542950251
1543005927
1543278696
1544578545
1545666057
1546076221
1546337770
1384295623
1497545977
1508179584
1517344731
1006909050
1100946624
1239968377
1283925863
1368165351
1381729266
1471242669
1471353716
1479447063
1490917754
1491482793
1492511575
1531293024
1538389640
1006051720
1006057502
1006057478
1006057628
1006068853
1006071273
1006077111
1006078524
1006087165
1006951801
1010536788
1010538315
1011748325
1019752679
1019787645
1085958344
1086881322
1091123173
1091333222
1093878748
1094407105
1094474950
1098349262
1100922344
1100935369
1101001014
1101006852
1101008705
1101012585
1101017285
1101026802
1101032171
1101036510
1101040606
1101050664
1101078012
1101079946
1105508218
1105509128
1105509385
1105509606
1101001014
1101006852
1101008705
1101012585
1101017285
1101026802
1101032171
1101036510
1101040606
1101050664
1101078012
1101079946
1105508218
1105509128
1105509385
1105509606
1105509818
1107995149
1112694503
1112724399
1112755139
1115698632
1122068660
1152899913
1164448619
1182969986
1198434413
1198475740
1202215550
1215613490
1216356377
1216385436
1217427027
1217695132
1218283316
1218336697
1228660927
1230942597
1232760993
1235737053
1235739421
1236217935
1236291838
1240380748
1241195565
1241598786
1242880256
1245008290
1245162472
1247478982
1556778361
1262433461
1267747241
1267959024
1267998876
1268810362
1269421367
1269428327
1269434460
1269443690
1270114536
1271178751
1275034698
1275043807
1275318137
1275435199
1275452131
1280602145
1280647037
1281119513
1281167557
1543561129
1284340670
1285458384
1543517391
1285782622
1288989835
1289032638
1297448798
1299680536
1300032968
1300302393
1300340694
1301736607
1302007720
1302551556
1308813528
1308855346
1310737255
1311164679
1311188053
1311249079
1311363587
1311388276
1312249907
1312282973
1312313600
1312917547
1314735940
1315343188
1316205159
1316242597
1316419438
1316469577
1316611719
1317439825
1318841250
1323085435
1324093157
1324192686
1324510074
1324820414
1325403027
1326260552
1326322264
1326343632
1326405087
1326446919
1326481406
1326518794
1329995294
1330083126
1330279647
1330312322
1330449748
1330810599
1331133768
1331829363
1333998638
1527474360
1336245059
1337736750
1338315294
1339982980
1340781451
1349010166
1349090396
1349859020
1542878040
1351871089
1543268556
1353082452
1353101011
1353392627
1353565773
1354221274
1513482975
1356192199
1356295025
1357499981
1367660655
1365087443
1367798480
1367990854
1368032984
1368117725
1368132078
1368143998
1368459550
1371461294
1372567538
1372572678
1378388575
1379272598
1379318653
1379351269
1379621444
1381217318
1381228241
1381278159
1381746129
1381766617
1381786855
1381922144
1382538170
1382548398
1383027009
1491476580
1522751741
1388833983
1372572678
1378388575
1379272598
1379318653
1379351269
1379621444
1381217318
1381228241
1381278159
1381746129
1381766617
1381786855
1381922144
1382538170
1382548398
1383027009
1491476580
1522751741
1388833983
1522627368
1389435543
1389455878
1389468276
1391750119
1542069341
1393624876
1396403688
1397726317
1398039805
1398051344
1398176762
1399511913
1400298755
1400676373
1400988460
1401063891
1401124414
1401136628
1401145656
1401424582
1401489875
1401498155
1401499743
1401687957
1401885226
1401913056
1401941742
1401967364
1402025389
1402457762
1403216948
1405985663
1408817997
1409416008
1410038786
1410690863
1410743314
1410762036
1411062623
1411355347
1411380911
1412047094
1412721706
1412870969
1427158736
1414728145
1414780774
1415067915
1415077030
1415607956
1415657946
1416267194
1416278233
1416873492
1418930680
1418955304
1418998122
1419069852
1419309753
1419329154
1420084837
1420103394
1420106801
1420245003
1420285271
1420291312
1420599485
1420708035
1421049682
1421252558
1421416411
1421614749
1421658273
1421899805
1421907567
1422073290
1422169845
1422215313
1422559721
1423268655
1424362322
1424383523
1424580318
1424921460
1424945634
1425256948
1428247673
1428400361
1428639549
1428806050
1524369588
1429600443
1429659889
1429703642
1429727349
1429759851
1429765856
1430460417
1430481110
1430502164
1430556906
1430954914
1430979722
1431755826
1431768480
1431851014
1431913965
1432624575
1432884699
1432944044
1433607169
1433619441
1433695835
1433810583
1433929065
1434335531
1434331399
1434361513
1434570805
1435264534
1435303297
1435349873
1435392159
1455722823
1435417324
1519661262
1435438111
1435445818
1435613363
1435633984
1435694781
1435695136
1435819652
1435825103
1435901667
1435966765
1436201648
1436201654
1436282168
1436326930
1436783703
1466407351
1462066762
1437610828
1438655036
1438716478
1438750869
1438843569
1509288194
1439221797
1439655400
1439883181
1440447669
1441050029
1441434505
1443131727
1443137361
1443139875
1443151430
1443185220
1443284757
1443286672
1443514569
1443609441
1556789879
1443659200
1443671133
1443677223
1443790100
1443797674
1443838171
1443849636
1443859512
1444018416
1444391937
1444418946
1528091251
1444829906
1444890496
1445326711
1445364605
1543268590
1445544471
1445578659
1445844787
1446202427
1490663496
1489968070
1446786909
1447586312
1447592194
1447671649
1447706728
1447798941
1447832945
1527214049
1449085212
1449102738
1449212970
1449335851
1449451184
1449600624
1450506871
1450915969
1523950711
1523913388
1452020587
1452667717
1514785299
1453041457
1453181772
1453644125
1453648793
1453658966
1453667429
1453691520
1454260326
1454927247
1454981331
1455130948
1460834886
1461072436
1461479282
1462149862
1462447817
1462463761
1463088918
1463344624
1463862042
1463948643
1464363443
1466312563
1466772431
1468716468
1469399721
1469696057
1469718672
1469908675
1470150140
1470302787
1470441563
1470759626
1470781816
1470794732
1470788291
1470791118
1470802335
1470793249
1470793273
1470794747
1470919153
1471147882
1471149355
1471151385
1471151560
1471151891
1471180238
1471180030
1471173407
1471174305
1471179540
1471180323
1471184285
1471184297
1471184845
1471185142
1471232514
1471234656
1471237615
1471241183
1471241950
1471241960
1471242742
1471253681
1471256337
1471256245
1471256255
1471283540
1471277386
1471281351
1471184285
1471184297
1471184845
1471185142
1471232514
1471234656
1471237615
1471241183
1471241950
1471241960
1471242742
1471253681
1471256337
1471256245
1471256255
1471283540
1471277386
1471281351
1471281382
1471297240
1471296737
1471287816
1471289595
1471295478
1471334370
1471336181
1471339701
1471341743
1471350025
1471350522
1471354161
1471354281
1471355063
1471355786
1471477114
1471478572
1471480560
1471481052
1471481067
1471549040
1471544879
1471547944
1471547953
1471872428
1471876238
1472408723
1472483896
1472597783
1472599610
1472745027
1473043240
1473242262
1473360918
1473364399
1473431922
1473434712
1473436194
1473439479
1473442046
1473442792
1473443449
1473448581
1473553890
1473999627
1474004390
1474004692
1474006564
1474430114
1474635907
1474639342
1475271762
1475506490
1476067728
1476068568
1476070984
1476096501
1476285211
1476428612
1476469539
1476633394
1476633402
1476633684
1476633693
1476637108
1476638133
1476638437
1476896419
1476947701
1477046642
1477062600
1477075820
1477129635
1477319606
1477321639
1477322239
1477322246
1477377573
1477511255
1477519126
1477549938
1477928514
1477935678
1477952231
1477954824
1478106494
1478106524
1478107915
1478111667
1478111991
1478112395
1478114653
1478337259
1478652930
1478677305
1478687551
1478689349
1478706082
1478711154
1478947828
1478950280
1480333362
1480459523
1480491438
1480499192
1480509997
1480587177
1480719080
1480893497
1481205568
1481197680
1481200002
1481200018
1481200570
1481202885
1481204545
1481210647
1481365315
1481607225
1482017707
1482061676
1482063361
1482063411
1482066109
1482068478
1482068878
1482070257
1482072464
1482225613
1482226522
1482248792
1482248958
1482249143
1482251056
1482360259
1482368716
1482473451
1482490968
1482535848
1482667900
1537292696
1482918518
1483081199
1483092687
1483137770
1483148445
1483217221
1483541930
1483744461
1483998365
1484019167
1484351999
1484786442
1485052067
1485245574
1485742688
1485752739
1485764568
1485878322
1486213243
1486313001
1483137770
1483148445
1483217221
1483541930
1483744461
1483998365
1484019167
1484351999
1484786442
1485052067
1485245574
1485742688
1485752739
1485764568
1485878322
1486213243
1486313001
1486600254
1486627936
1486651459
1486831359
1492110295
1486877746
1486888766
1486924625
1486986924
1487183847
1487185210
1487192675
1487408440
1487439935
1487446639
1487678704
1487864520
1487947240
1488026220
1488032273
1488034179
1488036081
1488052695
1488427598
1488437385
1488438590
1488805743
1488813954
1489506654
1489677697
1489684387
1489722136
1489782172
1489795980
1489821504
1489883796
1489908242
1489910529
1489909458
1490038765
1490096231
1490179632
1490383060
1490413253
1523034181
1490601423
1490652627
1490842647
1490912947
1490881502
1490980511
1491072928
1491166197
1491255349
1491354520
1491526876
1491549573
1491586508
1491612304
1491647469
1491661610
1492022393
1492191924
1492194415
1492422380
1492555305
1492568951
1492575174
1492580422
1492587008
1492591107
1493167830
1493199575
1493259396
1493285208
1493837965
1493957784
1494035633
1494079866
1494120328
1494121084
1494575644
1494591450
1494869446
1494897838
1494899736
1495741784
1495786221
1495789698
1495924728
1495928494
1539855375
1496316693
1496404921
1496431214
1496459740
1496525530
1497184878
1497231142
1497229136
1497230742
1497230842
1497411689
1498294798
1498445673
1498473698
1498586273
1498589562
1498614451
1498651248
1498891714
1499110645
1526423109
1499762793
1499772894
1499780439
1499784591
1500299447
1500314111
1500934022
1500938819
1501105489
1501181497
1501254347
1501331960
1501484298
1501505615
1501745027
1501746406
1501748887
1501749445
1502166238
1502385869
1502539434
1502557395
1502649521
1502824421
1502846150
1503169965
1503208008
1503338200
1503341967
1503470954
1503513186
1503624228
1503636180
1503648615
1503708089
1503748937
1503762330
1503925133
1504124844
1504360622
1504423399
1504438471
1504522293
1504533381
1504547327
1504549609
1505284501
1505308372
1505448518
1505515482
1503762330
1503925133
1504124844
1504360622
1504423399
1504438471
1504522293
1504533381
1504547327
1504549609
1505284501
1505308372
1505448518
1505515482
1505520557
1505541063
1505598759
1505735486
1505743151
1505967228
1506148050
1506232076
1506452921
1506612158
1506643801
1506658651
1506680558
1506855181
1506857400
1506858949
1506861130
1507197190
1507273332
1507724591
1508729232
1507808919
1507950092
1508024734
1508055509
1508073129
1508070070
1508072245
1508073197
1508073256
1508079410
1508126788
1508304133
1508341004
1508371522
1508509924
1508748311
1508780400
1508797899
1508900816
1508937835
1509026011
1509027537
1509047168
1509056615
1509069063
1509076670
1509084839
1509085311
1509139625
1509400377
1509457056
1509498174
1509529229
1509545159
1509597827
1509603015
1509605074
1509609518
1509611435
1509665733
1509662320
1509663624
1509663781
1509665540
1509692660
1509784672
1509813053
1510066903
1510067755
1510071997
1510114999
1510120503
1510121076
1510277874
1510287666
1510288929
1510574326
1510577957
1510580742
1510750504
1510754586
1510879286
1511075830
1532493082
1532463746
1532581094
1511252355
1515097296
1511913178
1511945396
1511953224
1511997494
1512088281
1512200874
1512202789
1512204979
1512525829
1512522227
1512589068
1512988721
1513155260
1513188381
1513218882
1513257490
1513305368
1513560463
1513603244
1513618843
1513610104
1513612715
1513615356
1513622248
1513618887
1513620471
1513646683
1513748495
1513788839
1513794033
1513890518
1513895400
1513963103
1514037523
1514041246
1514081064
1514158265
1514262470
1514367737
1514393931
1514394321
1514450106
1514458085
1514530690
1514636137
1514697120
1514746327
1514947728
1514956249
1515199697
1515308578
1515447464
1515468609
1515667032
1515687800
1515698798
1515714057
1515778641
1515774854
1515774995
1515775909
1515776787
1515776806
1515777326
1515779286
1515779359
1515786218
1515841966
1516097585
1516427147
1527773431
1527904672
1519941644
1525712796
1527894014
1527882089
1534864409
1516793112
1516831323
1516899648
1516965939
1517144072
1517312759
1517604795
1517738675
1517747570
1517880206
1518041818
1518083216
1518100074
1518119154
1518134858
1518281337
1518706406
1519160960
1519470939
1519595223
1520041658
1520127195
1520182481
1520280011
1520287122
1520297639
1520413100
1520622401
1520791795
1520803528
1520824111
1520841090
1520862924
1520879674
1520891999
1520916178
1521253774
1521303002
1521460002
1521466353
1521799583
1521937572
1521982039
1522093851
1522179087
1522219182
1522494232
1522615063
1522667905
1522845162
1522946945
1523519410
1523875009
1524046923
1524061767
1524117251
1524120853
1524173793
1524188438
1524196605
1524415188
1524522676
1524582094
1524592583
1524798264
1525124225
1525108458
1524883226
1524892621
1524908166
1524974692
1525085975
1525161316
1525411864
1525566846
1525696093
1525722083
1525779132
1525849368
1525850687
1525860968
1525888673
1525982364
1526141153
1526254374
1526324603
1526358912
1526453128
1526632340
1526634635
1526656896
1526675752
1526779824
1526806130
1526822645
1526892287
1526900485
1526914907
1527047573
1527181416
1527225524
1527340791
1527361595
1527415179
1527434914
1527442216
1527448843
1527464568
1527482142
1527487327
1527562370
1527584961
1527612059
1527656391
1527684667
1527787135
1527831278
1527837201
1527904644
1528007810
1528444267
1528457276
1528476830
1528508657
1528528052
1528778483
1528780824
1528785864
1528792763
1528794503
1528798084
1529014682
1529055315
1529172903
1529254350
1529325822
1529366562
1529502768
1529638690
1529741372
1529804416
1529826748
1529894165
1529919683
1529942102
1530010207
1530259797
1530285636
1530450845
1530569569
1530596693
1530624837
1530645898
1530679090
1530816485
1530819948
1530896413
1530948395
1530988456
1531006501
1531133832
1531257247
1531410286
1531588077
1531832088
1531838145
1532356397
1532534941
1532537489
1532564366
1532580829
1532592666
1532629378
1532637418
1532661553
1532664551
1532680139
1532698872
1532722494
1532730303
1532534941
1532537489
1532564366
1532580829
1532592666
1532629378
1532637418
1532661553
1532664551
1532680139
1532698872
1532722494
1532730303
1532749997
1532756900
1532792281
1533201194
1533251881
1533368692
1533378555
1533426279
1533458408
1533465899
1533485235
1533553395
1533569586
1534069111
1534160951
1534204097
1534227958
1534246106
1534637597
1534718504
1534732593
1534811854
1534823631
1534829496
1534831311
1534852049
1534864284
1534869032
1534881246
1534948075
1534969020
1534978602
1535011723
1535045157
1535069217
1535070988
1535104088
1535120513
1535130114
1535157395
1535249559
1535285739
1535302534
1535323870
1535363515
1535379168
1535478874
1535580189
1535593532
1535613987
1535626147
1535638148
1535653301
1535669653
1535673418
1535675939
1535685720
1535689472
1535698890
1535706543
1535714483
1535717230
1535765387
1535815177
1535858816
1535860802
1535860987
1535861270
1535861519
1535861598
1535861895
1535862078
1535862335
1535921944
1536113353
1536150460
1536321247
1536425906
1536513663
1536535657
1536539413
1536580550
1536756220
1536832844
1536843720
1536893472
1536897862
1537072776
1537078432
1537077206
1537079174
1537079486
1537083446
1537083671
1537088836
1537088849
1537098640
1537132482
1537132713
1537191150
1537201462
1537214118
1537226343
1537241687
1537262667
1537264698
1537346941
1537888339
1537931406
1537958296
1537967889
1537988248
1538005583
1538016543
1538041363
1538058098
1538063576
1538293257
1538300116
1538342328
1538385849
1538391587
1538411184
1538440887
1538537127
1538558109
1538648659
1538657757
1538666618
1538682662
1538733357
1538778323
1538817624
1538834220
1538864135
1538938572
1539063242
1539255544
1539289589
1539303123
1539361575
1539406303
1539460632
1539782280
1539796176
1539840221
1539843194
1539862398
1539864433
1539867646
1539915298
1539953922
1540024940
1540035703
1540036704
1540060412
1540071553
1540106349
1540106454
1540111118
1540112422
1540124209
1540144478
1540159256
1540174115
1540191197
1540211639
1540240184
1540320269
1540346854
1540433182
1540571667
1540613682
1540618280
1540624795
1540644477
1540657649
1540658738
1540693604
1540713166
1540725255
1540732377
1540736899
1540752758
1540765602
1540876558
1540886319
1540924485
1540931173
1540939951
1540947846
1540954694
1540963135
1540999435
1541011233
1541024892
1541267128
1541273196
1541277500
1541398585
1541409106
1541542647
1541549729
1541568483
1541773004
1541850729
1541851846
1541944658
1541952413
1541971386
1541991579
1541999369
1541999552
1542044893
1542046972
1542119716
1542130899
1542155934
1542180059
1542200809
1542265674
1542279311
1542302925
1542313656
1542325353
1542332040
1542379289
1542155934
1542180059
1542200809
1542265674
1542279311
1542302925
1542313656
1542325353
1542332040
1542379289
1542426345
1542436899
1542457341
1542459663
1542519784
1542524531
1542621113
1542652155
1542682468
1542686681
1542688581
1542761794
1543272889
1542902217
1542917463
1542955951
1542964004
1542979879
1543023013
1543082939
1543322291
1556545249
1543357969
1543439951
1543443307
1543480422
1543550593
1543616324
1543702478
1544243526
1544250640
1544431091
1544432958
1544507700
1544569890
1544570693
1544573473
1544673332
1544664753
1544665283
1544699210
1544704573
1544886229
1545071198
1545106290
1545162353
1545172146
1545196177
1545257108
1545557972
1545569766
1545583266
1545634544
1545640626
1545643698
1545647743
1545846444
1545855427
1545888910
1545898482
1545905432
1545934613
1546013864
1546022402
1546031818
1546066949
1546232151
1546240344
1546258682
1546307780
1546309472
1546360878
1546363276
1546469907
1546510953
1546695873
1546706382
1546737584
1546747576
1546762829
1546782513
1546793913
1546840329
1546858785
1546910649
1547129114
1547300476
1547316721
1547407046
1547418101
1547440128
1547549400
1547596727
1547649769
1547686584
1547762412
1547802861
1547813747
1547832640
1547872187
1547913517
1548058151
1548157450
1548218318
1548229980
1548258342
1548273370
1548545449
1548549203
1548591363
1549817809
1549832617
1549852001
1549902715
1549912024
1549961161
1549982441
1549990952
1550028163
1550099030
1550152838
1550163187
1550187209
1550207117
1550275582
1550281407
1550385458
1550390230
1550405940
1550509806
1550521618
1550544017
1550555537
1550555754
1550569252
1550569672
1550597818
1550604657
1550625168
1550630928
1550637430
1550695100
1550743983
1550762058
1550789817
1550824133
1550929563
1550933359
1550966907
1551017170
1551052440
1551094396
1551153462
1551190120
1551196295
1551280705
1551281448
1551292331
1551310183
1551314560
1551348846
1551588675
1551661563
1551664808
1551770901
1551841860
1551843158
1551913893
1552065285
1552301998
1551280705
1551281448
1551292331
1551310183
1551314560
1551348846
1551588675
1551661563
1551664808
1551770901
1551841860
1551843158
1551913893
1552065285
1552301998
1552362067
1552377467
1552409454
1552439460
1552455200
1552643310
1552653125
1552663623
1552673744
1552695244
1552696562
1552707883
1552727507
1552732258
1552735474
1552739230
1552767359
1552790389
1552791737
1554091463
1552798958
1553123742
1553127424
1553173161
1553177847
1553255420
1553261320
1553297552
1553300673
1553331066
1553331537
1553357429
1553376321
1553377551
1553424941
1553490722
1553514680
1553771452
1553805829
1553817698
1553850329
1553884778
1553895120
1553961666
1554163442
1554168992
1554178992
1554180291
1554192374
1554194860
1554204722
1554206589
1554223034
1554262517
1329766476
1539196032
1213935639
1530905850
1352117113
1122778306
1531854980
1490390282
1267513119
1143312941
1510098422
1030620317
1359390629
1527766750
1502436504
1518832003
1520271917
1520276258
1526646210
1526721425
1529881722
1534351438
1534907051
1540916161
1545806482
1368743524
1484008308
1354310362
1502848011
1510123742
1476883311
1006953392
1086881428
1382526971
1506354629
1475099114
1206206086
1476069010
1481051948
1490426054
1510068682
1516695247
1516795027
1523970263
1523977927
1528581482
1541710325
1545819987
1545834486
1551314804
1552601997
1555759898
1555763772
1555820918
1556015483
1556381642
1556398371
1556481130
1556626279
1556638315
1556652178
1556653562
1556666669
1556690633
1556689715
1556693302
1556695958
1556698934
1556732689
1556736257
1556802274
1556822850
1556894681
1329766476
1529095379
1539196032
1213935639
1352117113
1530905850
1122778306
1490390282
1531176543
1531854980
1267513119
1030620317
1143312941
1510098422
1359390629
1502848011
1527766750
1502436504
1518832003
1520271917
1526646210
1526721425
1529881722
1534351438
1534907051
1540916161
1545806482
1552550839
1555997863
1368743524
1484008308
1510743699
1510123742
1476883311
1006953392
1086881428
1382526971
1506354629
1506354629
1475099114
1476069010
1481051948
1490426054
1510068682
1516695247
1516795027
1523970263
1523977927
1528581482
1541710325
1545819987
1545834486
1551314804
1552601997
1552719868
1130415203
1206206086
1354310362
1175694876
1236291931
1270254984
1316323362
1383548697
1473261711
1516560426
1262345187
1504125588
1380669009
1506423437
1486358728
1506334753
1508564772
1475167112
1091338558
1532126193
1509391038
1530389730
1466490925
1251281030
1157527719
1091806841
1361708887
1096143445
1505500821
1459254941
1409293419
1451384979
1509323799
1531135621
1380841313
1238302018
1264248318
1490316277
1091769066
1488889203
1532371559
1528482410
1521737145
1475163388
1536776177
1541705653
1352806952
1521531512
1537274401
1528834193
1536724352
1541688638
1526251661
1526248294
1539069153
1498603687
1528516819
1541687913
1306544115
1486845868
1503331174
1556624925
1556626609
1556629852
1556692167
1556631658
1556634860
1556656969
1556662956
1226524140
1484032959
1429487731
1461103018
1470390108
1473043131
1473038221
1473042753
1473305907
1473309990
1473312323
1473339212
1473340849
1475273931
1477320255
1478531505
1480096927
1482290068
1488027241
1489529544
1497581043
1501471411
1501532886
1503466202
1505418172
1505505981
1508633211
1511206631
1496577062
1526639806
1535660796
1509038539
1541708963
1498487721
1474425131
1524044553
1531829858
1539093542
1475925044
1185323390
1528547388
1091808458
1109040651
1109041377
1109042328
1109042367
1226520354
1231851239
1262714900
1359828180
1376425205
1411348263
1436302461
1444377249
1492449897
1457883512
1459829637
1461148240
1465943982
1466484953
1470789125
1470791107
1471242242
1471256456
1471263675
1471549559
1473345401
1474638490
1475044942
1475271781
1475273633
1476263870
1483954550
1487884088
1489540350
1489614733
1489624941
1491188976
1493267579
1496577264
1497531323
1497628302
1501883214
1502453483
1503810571
1505099835
1505384602
1505401004
1505743662
1506613615
1508348421
1509059169
1513964750
1514036537
1514063825
1514086428
1514238756
1516314289
1517058276
1517821979
1517926734
1518627215
1520086859
1520257017
1520262743
1520264937
1520284627
1520298456
1520301424
1520542750
1521423040
1526317896
1526319936
1529869970
1533345515
1534261324
1534776495
1535313129
1535832111
1535836881
1535842608
1535853861
1536552942
1536551260
1536927705
1536938269
1537060552
1537066184
1537070796
1537141870
1537186645
1538334428
1538534296
1539092350
1540006989
1540275333
1542578499
1543620094
1543718897
1543763688
1544002049
1544164779
1544237794
1545064867
1545170702
1545779356
1545886779
1546528057
1547049718
1549166022
1549180141
1549815225
1550280197
1551815928
1552387781
1553076608
1553090964
1554551524
1554562872
1554929981
1555611604
1555635743
1555675326
1556692824
1249648525
1286270671
1319144235
1333467744
1478523038
1483214521
1488823267
1490624741
1490650714
1497497403
1503047799
1503460855
1506013306
1509221775
1532419304
1107956706
1306074174
1502571465
1531274769
1537674077
1532636916
1335396758
1447374176
1447753907
1473608737
1475742076
1477535779
1477965336
1477973899
1480938366
1483206249
1490321881
1490645358
1495704407
1497460785
1497916631
1497954740
1498073625
1503779410
1504517709
1504839508
1509942027
1512085109
1514108893
1516122712
1517998412
1525693111
1526083951
1526234592
1526436526
1555820918
1556015483
1556381642
1556398371
1556481130
1556652178
1556666669
1556693305
1556695958
1556698934
1556732689
1556736257
1556638313
1338444899
1556653560
1556625477
1353723840
1556626281
1381259891
1556689714
1556686107
1556680216
1556802273
1556822844
1556894676
1556008827
1555877761
1088677721
1556409824
1556424712
1557791264
1557769480
1557758954
1557757422
1557394359
1556030569
1558110216
1556802629
1557958838
1556413309
1556399625
1467549533
1467563574
1558709734
1558707112
1170628792
1473603782
1526255071
1502683157
1502493410
1520963317
1532576649
1533618159
1423076137
1487856571
1524373438
1191273400
1502115381
1086880782
1423142452
1503912005
1555997863
1086880027
1197923086
1207633030
1315776946
1086881208
1087322246
1416275942
1499503902
1396538956
1534312615
1109466835
1109548559
1307187186
1308776394
1360375925
1086880977
1487886514
1423081257
1531667324
1539897312
1353716633
1382013417
1460803989
1091763297
1360250375
1360467133
1473585976
1500525530
1528689437
1476635412
1501810102
1396201984
1087174453
1440967368
1237664622
1360307489
1495614581
1516624598
1552702736
1086879476
1316170913
1316611618
1316649178
1318951443
1320992571
1330827412
1378991075
1400579592
1416300359
1429744925
1432012049
1432669928
1435630474
1440938107
1447604968
1455250781
1460180865
1465313482
1468817831
1470792338
1471180039
1471335204
1471342551
1471357640
1473435227
1478937369
1480068093
1480071050
1481187514
1481205589
1481845411
1481851687
1482248301
1483076013
1483097286
1489904023
1489906920
1489908966
1489909286
1489913446
1491606570
1491747700
1494896298
1498594381
1498924509
1499088348
1500943640
1501747880
1503341798
1504421496
1505040407
1510579186
1511447039
1512206755
1512525985
1517211637
1198362645
1484564045
1509321613
1119131590
1507650090
1530370733
1536857096
1509547466
1492426879
1161872458
1518041918
1522302177
1527847080
1087322142
1115890958
1109475415
1109485826
1109510896
1109526852
1128146409
1164418141
1198036230
1198040073
1198355896
1206351162
1305979047
1307604396
1308747339
1315378701
1315408413
1316563845
1318883382
1318909599
1320958396
1321065139
1321216724
1321257337
1322952262
1360343778
1360365334
1374739394
1409500110
1410602849
1419018421
1419234843
1421676477
1422432075
1424152791
1424994353
1429489616
1430788476
1439980535
1449159967
1450443042
1466728926
1468785998
1471184561
1471235930
1471234665
1471240481
1471241846
1471255714
1471262487
1473435805
1473580930
1473589513
1474790417
1474796053
1476632427
1477316325
1478939958
1478940772
1479677831
1480064927
1481198273
1481835980
1481847928
1482249184
1482249939
1482391090
1484032906
1484046465
1484215425
1485205138
1486106507
1488586248
1489555427
1489570761
1489636730
1490323301
1491853844
1492421304
1492444109
1492581921
1499012855
1499213824
1499473369
1500548023
1501746418
1502266617
1502334080
1502483011
1502546766
1503205227
1503344848
1504425992
1505021709
1505069918
1505124596
1505220847
1505349809
1505372690
1505431036
1506967620
1507232248
1507291410
1507313749
1507772005
1508335370
1509051813
1509065004
1509607000
1510181451
1510574720
1510582149
1512202462
1513619523
1513619659
1513624283
1513642338
1513940758
1514129476
1514159609
1514269906
1514298565
1514331552
1514354661
1515147851
1515297238
1515325879
1515356195
1515508698
1482249939
1482391090
1482803297
1484032906
1484046465
1484215425
1485205138
1486106507
1488454708
1488586248
1489555427
1489590111
1489603982
1489636730
1490323301
1491853844
1492421304
1492444109
1492581921
1499012855
1499213824
1499473369
1500548023
1501746418
1502266617
1502334080
1502483011
1502546766
1503205227
1503342280
1503344848
1504425992
1505021714
1505069918
1505124596
1505220847
1505349809
1505372690
1505431036
1506967620
1507232248
1507291410
1507313749
1507772005
1508335370
1509051813
1509065004
1509607000
1510181451
1510574720
1510582149
1512202462
1513619523
1513619659
1513624283
1513642338
1513940758
1514129476
1514159609
1514269906
1514354661
1515147851
1515297238
1515325879
1515356195
1515508698
1515775721
1515779664
1515783200
1516211069
1516372508
1518068805
1518445357
1518585789
1518658312
1519065245
1519229641
1519800528
1519805942
1519892133
1520245189
1520420451
1520474816
1520504373
1526104068
1526435519
1528390485
1529035888
1529850913
1530041637
1531830967
1533580840
1533817161
1534269710
1534352139
1534411558
1534426312
1534521223
1534748572
1535372523
1536866842
1536879684
1536906409
1536968991
1537209926
1537219688
1537488164
1538303474
1538564615
1539670532
1539709889
1539772558
1540005380
1540097620
1540123090
1541175965
1541513397
1541586091
1541654012
1542167332
1535593793
1535628224
1535716786
1536732697
1536742506
1536840025
1536873227
1536944900
1536961261
1537156600
1537233168
1537527918
1537664613
1537672866
1540060281
1540130737
1540750973
1540773871
1542174316
1544324101
1546452766
1550223578
1550523033
1551110513
1552033366
1552056253
1552682592
1406040892
1494444560
1521786088
1556692167
1556624923
1556634858
1556629850
1556631653
1556626607
1556662954
1556656967
1556650613
1558280019
1276543598
1339731377
1535626761
1101211951
1554929981
1555611604
1555635743
1555675326
1556659634
1556692817
1475540562
1430952148
1518790467
1519906871
1528471617
1531016622
1544315459
1545456090
1433299010
1055028981
1143052490
1506610222
1518198514
1556203452
1556676661
1556648204
1557772765
1557393673
1557399351
1195361711
1490275548
1263016055
1513212619
1522116336
1523537697
1528424116
1532714804
1101232938
1520642245
1501008345
1536793819
1267405863
1538334704
1095436935
1357690810
1497096847
1097140998
1405066175
1424380867
1504113010
1543484328
1090303523
1101239683
1113924503
1486309473
1154557415
1361735706
1421385311
1454130402
1514630668
1532715602
1535059507
1536049275
1101223800
1110210674
1118728737
1320266519
1484583650
1115199697
1113327784
1490919399
1554633278
1554921824
1523420783
1250592725
1267938680
1535616439
1302375417
1509240649
1435460912
1433299010
1055028981
1143052490
1506610222
1518198514
1557393673
1557399351
1195361711
1490275548
1263016055
1513212619
1522116336
1523537697
1528424116
1532714804
1101232938
1520642245
1476968355
1501008345
1536793819
1538334704
1267405863
1095436935
1357690810
1097140998
1424380867
1497096847
1405066175
1281690990
1543484328
1546257868
1090303523
1113924503
1486309473
1101239683
1154557415
1361735706
1421385311
1454130402
1514630668
1532715602
1535059507
1536049275
1110210674
1118728737
1101223800
1320266519
1490919399
1484583650
1523420783
1115199697
1113327784
1250592725
1267938680
1323812779
1535616439
1186943389
1509240649
1435460912
1302375417
1537156515
1189503431
1522961072
1531169391
1539722506
1541715186
1543082206
1160334521
1538549802
1536515103
1539080190
1475965462
1512118827
1513488237
1516693846
1498617070
1478297055
1537677151
1525377029
1513660251
1531176548
1532717830
1095477644
1097142342
1113964384
1159035895
1160354331
1195770418
1204005780
1316150691
1322866852
1322910304
1350051094
1357418682
1410568602
1411663528
1411712376
1412617217
1426111949
1430330149
1439031981
1519971793
1444731362
1452238480
1452251059
1452254835
1455231291
1465558152
1470776630
1470906953
1471150376
1471256358
1471295580
1471546493
1473355630
1475274151
1476636558
1479575526
1479660462
1481850433
1483640900
1483648930
1483922969
1485094491
1487991151
1488029014
1489590111
1491291385
1492069556
1492421314
1493288820
1494900143
1495920519
1498453519
1498598530
1504832084
1500692975
1501015820
1501034449
1501063162
1501750134
1502199687
1503443427
1504253912
1504242543
1505935891
1506240244
1506555911
1506899841
1507351931
1509037599
1509216539
1510996964
1512528150
1513545195
1513594237
1513612415
1513908367
1513983408
1514007723
1515757634
1516317911
1527753411
1516828106
1519692276
1520270676
1520714702
1521859669
1522286777
1525505392
1526253318
1526253499
1526656475
1528584028
1530032673
1531154344
1531211077
1531367259
1531770017
1531832000
1532487909
1532577046
1532717454
1533604645
1534182373
1534253347
1535934680
1535949353
1536553347
1537084580
1538639126
1538674469
1539133928
1539670532
1539709889
1539772558
1539852627
1540005380
1540037409
1540054245
1540382031
1540946216
1544182796
1544221374
1544223486
1544245270
1544315494
1544330747
1544530825
1545882280
1546257868
1547414805
1547414886
1547907101
1548158708
1548467102
1548523794
1548594754
1548677165
1548699760
1548950133
1549093721
1549143418
1549497074
1550052974
1550271668
1550280565
1550289346
1550423305
1550727231
1550848064
1551486916
1551582529
1551817927
1551892012
1553047228
1553079467
1553093360
1554099478
1554183877
1554206915
1109680902
1110113743
1110156655
1143818851
1110186289
1110189889
1496436508
1238010980
1272331485
1312178082
1326058510
1367958755
1387950341
1388824912
1490733216
1477674491
1477911819
1478700759
1482175862
1488850825
1492574307
1498871866
1499137692
1499759235
1499508613
1500118698
1500189535
1502501881
1502947264
1503498689
1503584389
1504071148
1509165844
1511554592
1521763411
1529095375
1191458626
1531205942
1115044913
1520795556
1192706435
1515189171
1520804405
1530813361
1488856395
1528400718
1533622321
1542166383
1109685670
1110167713
1110275807
1152930443
1250541507
1287413967
1367652339
1388791371
1492948453
1492944437
1474742914
1553093360
1553424941
1554099478
1554183877
1554206915
1554547076
1554575139
1554919795
1554923094
1555294292
1555314311
1556629984
1556630704
1556655536
1556662840
1109680902
1110113743
1110156655
1143818851
1110186289
1110189889
1496436508
1238010980
1272331485
1312178082
1326058510
1367958755
1387950341
1388824912
1490733216
1477674491
1477911819
1478700759
1482175862
1488850825
1492574307
1498871866
1499137692
1499759235
1499508613
1499500084
1500118698
1500189535
1502501881
1502947264
1503498689
1503584389
1504071148
1509165844
1511554592
1521763411
1531205942
1520795556
1115044913
1191458626
1525377029
1515189171
1520804405
1530813361
1488856395
1528399651
1528432779
1529057099
1530336668
1531154148
1531196867
1531236402
1531330627
1531791954
1532654828
1532677211
1532702247
1532710007
1532710318
1532726547
1532732597
1532732899
1532747666
1532749189
1532759700
1532773302
1533251582
1533325093
1533549181
1533943632
1534149787
1534204693
1534259443
1534280965
1534295446
1534301674
1534305900
1534583066
1534766083
1534773962
1534791006
1535406551
1535563160
1535762614
1535767378
1535789654
1535797298
1535807216
1535808584
1536013684
1536152485
1536457145
1536757693
1536800533
1536803731
1536832289
1537776080
1538660258
1539243324
1539344809
1539348185
1539348198
1540065579
1540752666
1540774213
1540800254
1540841891
1540861573
1540905905
1541020718
1542175000
1542238167
1543611987
1544732478
1545318778
1547950007
1548671096
1549010095
1549619982
1549686310
1550268651
1551165624
1552860465
1552868179
1552876946
1552887922
1553914967
1553937447
1554129129
1554175506
1554205249
1554220755
1554234247
1554249901
1291862506
1452249037
1527433210
1522144055
1556655239
1556638882
1556632042
1557775089
1352520093
1455121580
1477666683
1477688991
1507640518
1535589485
1502860715
1554920092
1554921115
1556734845
1556778976
1198038109
1556425418
1556425254
1473459926
1204967580
1506907076
1152884403
1283035925
1197569395
1473021320
1508593846
1523121628
1539989399
1509333117
1510682605
1481303673
1554635937
1556450924
1556483557
1556658637
1556422392
1492349626
1528458303
1521860288
1530257579
1540721369
1387171042
1477740993
1305407379
1472421109
1113485146
1245361174
1305369175
1524777437
1266036309
1490944707
1528444844
1490274021
1517899843
1513738688
1557773080
1268063093
1186943388
1540024386
1512233896
1505436919
1517357292
1532557531
1501613025
1508661642
1278556557
1354201062
1532754962
1534235792
1539923171
1544647541
1401449181
1404157009
1472352633
1475820707
1475835701
1475843564
1476894302
1477633332
1477724952
1477920678
1477971541
1479593213
1479679510
1480070953
1480490437
1486317572
1486719283
1490271665
1490709511
1490718855
1496477954
1499383703
1499433146
1499770375
1502396536
1502838575
1504130844
1506344538
1512083936
1512200921
1513045354
1551901064
1520879804
1540964074
1494990356
1502816428
1503405317
1516185598
1526102949
1431600034
1475826798
1459199685
1357391731
1367968539
1492644371
1477935051
1482224366
1488886245
1492171228
1492477525
1508358537
1305338777
1305512266
1305557673
1306561523
1378984011
1384246784
1490718527
1485199860
1425747272
1428914693
1454982612
1454985133
1459556010
1475823617
1475838017
1477317504
1477577989
1477603940
1477619610
1477784618
1477927197
1478282336
1480073730
1480072154
1480448182
1477971541
1479593213
1479679510
1480070953
1480490437
1486317572
1486719283
1490271665
1490709511
1490718855
1496477954
1499383703
1499433146
1499770375
1502396536
1502838575
1503746170
1504130844
1506344538
1512083936
1512200921
1513045354
1551901064
1554213190
1556639230
1556636513
1520879804
1540964074
1494990356
1502816428
1503405317
1516185598
1526102949
1431600034
1475826798
1459199685
1357391731
1367968539
1492644371
1477935051
1482224366
1488886245
1492171228
1492477525
1508358537
1305338777
1305512266
1305557673
1306561523
1378984011
1384246784
1490718527
1485199860
1425747272
1428914693
1454982612
1454985133
1459556010
1475823617
1475838017
1477577989
1477603940
1477619610
1477784618
1477927197
1478282336
1480073730
1480072154
1480448182
1480467891
1485884874
1494895914
1494925208
1497181647
1498902032
1499164061
1499168062
1499206509
1499417862
1499523812
1499537260
1501556935
1502829047
1502919365
1503367849
1503716939
1505936005
1505936059
1506439747
1507221349
1507627423
1507737893
1507738728
1509298181
1509344692
1510201729
1512527859
1513496524
1513584872
1513734490
1515781181
1515781980
1515805083
1516690655
1517245813
1524170989
1524422819
1528454313
1528479549
1528517210
1528540272
1529864748
1530935128
1533215957
1536129398
1537967984
1539113256
1539312780
1539978440
1540003623
1546803951
1546838767
1546861765
1550467282
1551619329
1551638702
1553057960
1459528015
1348999105
1502146387
1199482962
1488893390
1556645934
1556629520
1556659999
1556660444
1556653541
1556655089
1557766377
1557756902
1138980787
1232470434
1477375923
1503448994
1506899109
1540323162
1459203362
1477906318
1495871729
1505728062
1533461562
1534149007
1552970183
1554919795
1554923094
1556629982
1556630703
1556662838
1556655534
1555914375
1556419189
1502875204
1490084502
1516653951
1459297796
1186336432
1266052171
1485110551
1555008528
1556668514
1557400457
1151215203
1228214612
1498273378
1526367655
1521035045
1489125304
1526731373
1267022695
1459234427
1459294452
1508715154
1447678959
1471723665
1531972046
1139971631
1152886133
1506707675
1532428422
1557765700
1501417912
1546753713
1276380881
1499161052
1502199321
1475281309
1490070959
1535127496
1407521544
1439649376
1439659211
1476134363
1480473267
1494211478
1494268919
1508573911
1509691804
1512875992
1537564905
1208538061
1510337718
1542916181
1483079461
1526255123
1498221685
1528495834
1540831307
1164469324
1486854440
1495863775
1538941130
1166864637
1271257685
1356917793
1472468353
1486845667
1502190166
1509716266
1542887895
1545158175
1208500603
1232448440
1237622087
1276789405
1356943753
1407513504
1407529105
1407536683
1439639313
1459693594
1529251111
1529631652
1533784526
1533799781
1533813731
1535579167
1542826371
1545305361
1551220022
1471858920
1298465282
1197557929
1111921304
1274356989
1543884883
1190277387
1476912137
1216824389
1538357567
1480461655
1503037711
1358290782
1502111706
1509390345
1527419412
1535786971
1535793564
1535795035
1536144612
1155138379
1348951822
1557756972
1557757387
1557759318
1557769489
1541223093
1101200529
1358152332
1543830209
1543881409
1132205833
1477915759
1100949604
1556446749
1556421551
1556418928
1490227692
1477914354
1100993335
1108794874
1132182582
1507457282
1509041062
1535780852
1557790441
1381842447
1513958070
1539441363
1525416047
1497934502
1526797864
1529224655
1535795598
1108780852
1356936732
1358163259
1368611741
1424836530
1472465076
1509749028
1510200999
1526716992
1526716730
1526744026
1526819361
1526834815
1526852309
1527038398
1528192152
1529126273
1529186852
1529197957
1529211519
1529237967
1529251111
1529631652
1533784526
1533799781
1533813731
1535579167
1542826371
1545305361
1551220022
1471858920
1298465282
1197557929
1111921304
1274356989
1543884883
1190277387
1476912137
1216824389
1538357567
1480461655
1503037711
1358290782
1502111706
1509390345
1527419412
1535786971
1535793564
1535795035
1536144612
1155138379
1348952850
1556639230
1556636506
1557756972
1557757387
1557759318
1557769489
1541223093
1101200529
1358152332
1543830209
1543881409
1132205833
1477915759
1100949604
1556446749
1556643228
1556421551
1556418928
1490227692
1477914354
1100993335
1108794874
1132182582
1507457282
1509041062
1535780852
1555748791
1555871219
1420968804
1556650163
1557790441
1381842447
1513958070
1539441363
1525416047
1497934502
1515679121
1265294506
1531833599
1508581476
1526902319
1527825645
1529809059
1532128992
1100972734
1100993713
1132148975
1188706363
1492423261
1472402008
1475300660
1480448507
1480459632
1480475565
1481201949
1488036730
1497221812
1498844415
1500941805
1507591007
1508611087
1509038867
1509053170
1509063890
1527860791
1535795035
1536144612
1348952850
1155138379
1541223093
1101200529
1214270425
1358152332
1524373440
1543830209
1543881409
1132205833
1477915759
1100949604
1556421551
1556418928
1381842449
1490227692
1477914354
1100993335
1132182582
1507457282
1509041062
1535780852
1108794874
1513958070
1539441363
1525416047
1497934502
1160543084
1515679121
1531833599
1508581476
1526902319
1527825645
1265294506
1529809059
1532128992
1100972734
1100993713
1132148975
1492423261
1472402008
1475300660
1480448507
1480459632
1480475565
1481201949
1488036730
1497221812
1498844415
1500941805
1508611087
1509038867
1509053170
1509063890
1527860791
1100973518
1171348354
1208506874
1547418658
1548495686
1548495988
1552709175
1552873491
1552883464
1527818664
1160543081
1379012406
1387943783
1492991015
1476903405
1498158357
1507914468
1527241266
1527439644
1535811127
1536608265
1538358184
1544659376
1548201874
1310732056
1487936198
1502744315
1535769566
1356952507
1356964931
1536114830
1535516168
1478720129
1356977897
1515531789
1536135356
1504243220
1057129680
1498191333
1501433203
1556648282
1556630233
1556643908
1556646163
1556648045
1556651450
1556656412
1556651259
1556651548
1556650883
1556643478
1556652533
1556641877
1556643163
1557259713
1557258700
1557790896
1557793496
1557789952
1557789991
1557778719
1557789236
1557786950
1557787533
1557779550
1557772675
1557763638
1557757651
1557773341
1557774031
1557763458
1557759407
1557761893
1557766416
1557774780
1557772644
1554927506
1460327847
1498162227
1555004481
1555014542
1555026788
1558921669
1558918380
1558931098
1166854097
1498228671
1514582698
1509940389
1506773654
1544672974
1432963302
1425228847
1471518702
1498185954
1498169457
1486099850
1498174114
1498279289
1502448869
1258044538
1321403567
1495116188
1432987432
1480287577
1480479054
1494773314
1509235795
1536210696
1544664765
1471821987
1515498134
1214270425
1498262037
1498196042
1471642141
1275790061
1548348075
1498545665
1498155375
1171269152
1495977405
1477762683
1507449037
1552801313
1526254190
1384277752
1535785776
1544420497
1517759848
1410191342
1557791469
1557782758
1557779873
1557782489
1557782737
1557778668
1557782268
1557773191
1332623611
1555373416
1556419214
1556419379
1216838147
1471684862
1539480832
1557798733
1120168077
1508999961
1539473144
1545673505
1270614107
1302937383
1339295790
1489994870
1537868345
1536738103
1544563305
1544570251
1544722890
1155130287
1291031737
1291032046
1543530272
1550027671
1517728641
1515435997
1517748932
1517765577
1548339818
1556757078
1556758251
1517838833
1361743299
1515452961
1258038252
1512060442
1178300160
1270624333
1262410494
1549994917
1551381993
1270619412
1262410494
1549994917
1551381993
1512944436
1270619412
1519716711
1506773655
1471526853
1394252551
1542218497
1555367412
1258064962
1258070199
1471861250
1542322572
1204688886
1204690754
1204695572
1471842149
1477034503
1532769094
1520780815
1204685886
1371553292
1410496118
1515494834
1484702433
1538390543
1506743011
1540192676
1546466915
1483756506
1515955149
1554091512
1555374825
1555376883
1555377034
1555377741
1507639834
1504198695
1543507616
1550027647
1550027665
1550034699
1555369382
1559156974
1504205489
1504220001
1544109154
1517107920
1502985143
1508063723
1204454522
1515403763
1507664880
1520330812
1399463046
1504712204
1390194824
1399478734
1399478734
1506916784
1555798828
1556121941
1556490026
1555371297
1555374136
1555371907
1555372852
1507940117
1110120744
1035699775
1079545166
1090922367
1019616342
1100685236
1034504618
1047550285
1474555591
1095668274
1096818686
1098189619
1093302909
1096180336
1107471280
1131004613
1111369555
1112079013
1096127047
1111146608
1134020161
1150004057
1111297672
1557788601
1555914377
1556010176
1556428729
1556424716
1556425426
1556921129
1556753226
1556765265
1556757080
1556758253
1556764440
1556766662
1556764592
1556766715
1556767386
1556952636
1556959606
1556982251
1556983779
1556993809
1557025058
1557026251
1557036961
1557037641
1557073745
1557069547
1554966756
1555004377
1555088332
1555113984
1555183403
1555234786
1555250804
1555273636
1555294292
1555314311
1555348447
1555367463
1555371472
1555374458
1555374825
1555376883
1555377034
1555379905
1555385249
1555395120
1555395583
1555413906
1555437486
1555798828
1556121941
1556490026
1268184782
1528161473
1502863751
1515014967
1425698625
1469724265
1495704407
1503342280
1526083951
1531156960
1537717552
1544417871
1552427007
1552550839
1554213190
