661374
1047126600
1211412244
1164916239
1110347560
1434359771
1238200027
1112058007
1145591504
1435255253
1234112081
1377932056
1444506757
1082597608
1508813609
1238174990
1397620537
1522546985
1463604351
1015830571
1099690584
1464276989
1397230040
1164903811
1307175540
1271702030
1492700890
1527016369
1370769687
1413474268
1160772536
1166627040
1171222300
1047103277
1153467276
1154769327
1246197006
1426822725
1227990613
1343338695
1494993918
1375175461
1229202849
1114777401
1309769558
1478172973
1473181328
1523473698
1510489297
1360762573
1506182708
1487935139
1405834322
1047147211
1147679844
1204368029
1438870711
1510182078
1016290866
1466208953
1398582262
1057790055
1145902236
1153393363
1083150930
1281689639
1063489244
1220964420
1417815648
1047086965
1278054706
1334668193
1343094777
1005101750
1060274457
1173048778
1222215070
1469548966
1090775856
1217317431
1327310636
1016376751
1158977823
1148622945
1243730652
1481612836
1485972650
1508527845
1198480211
1041904844
1124746495
1198295942
1292723685
1289407187
1115367686
1347368592
1465571487
1344642811
1434677576
1508557085
1422113400
1238223147
1334419510
1518090207
1420154663
1242473080
1457964224
1086077935
1090532331
1099638459
1145788547
1498620077
1493190122
1506554445
1508435120
1518112055
1127363644
1482714947
1005094892
1227976818
1327298596
1107081349
1477525098
1407471958
1520030741
1271541104
1384026655
1398559244
1420672005
1464327252
1466957002
1469548886
1520389593
1036660308
1096595268
1445903862
1188411844
1458000069
1266379192
1220761677
1434557991
1101077172
1460620657
1242771601
1509803982
1528501286
1034029070
1167628878
1256061916
1343250335
1452484267
1421271899
1476952093
1475368608
1503892505
1515810694
1029572060
1221895324
1287954622
1422420820
1317020311
1358093426
1442203375
1247288420
1457458124
1469802123
1106188219
1457946337
1173180421
1366674914
1385777705
1478401969
1506565177
1519803591
1524594495
1012954004
1031737648
1063126372
1096596699
1145636587
1477034520
1338930240
1100168297
1192178526
1196531047
1214291378
1228013229
1260922540
1273562989
1276090509
1359804776
1412571086
1420960914
1421244852
1421316653
1426085789
1446599841
1449203762
1451108013
1459828725
1453114767
1454509210
1457485360
1459862796
1463828067
1466954299
1473157369
1481355699
1476900620
1481578630
1487097039
1519263992
1523447868
1524238609
1466183285
1158106730
1475041431
1150054863
1476911786
1487140607
1331436753
1417800934
1375176174
1351440602
1247696176
1479450200
1234122995
1343067388
1477054710
1351033881
1474236824
1188578748
1337718871
1359459634
1414836277
1463633783
1463778410
1470666279
1503896854
1343147422
1332382904
1258512467
1505348236
1337717217
1204155904
1243225357
1405811985
1253568928
1318060404
1263785378
1378540026
1318073239
1337572149
1381198474
1381718800
1330544579
1411538187
1421706153
1426120975
1460593789
1471631996
1472385480
1475005960
1478277903
1497796577
1498571040
1506306799
1517873097
1520905051
1523494823
1145589632
1385254299
1335661976
1338647667
1352616046
1338649699
1338961838
1354407834
1354411294
1373124819
1424159181
1337785408
1381191774
1033749766
1033756576
1117917891
1127360790
1145346022
1145616520
1160550913
1167538965
1167481642
1173012627
1173035043
1173309437
1192669338
1197096121
1260859757
1338031100
1288033736
1288774573
1324537855
1324527839
1259956467
1329597609
1329599768
1329659476
1329914503
1404628915
1403639705
1399456347
1335044253
1336078820
1337984512
1338650647
1343215738
1347754789
1355239591
1375239937
1378379949
1379184305
1339875591
1389320665
1391334999
1398985756
1405526080
1414837806
1421294745
1421334849
1421594018
1421698149
1422057900
1422261169
1427293004
1427294275
1428337214
1430743622
1430807146
1432015657
1433018643
1441224392
1442811116
1444074463
1458036258
1459866259
1459866883
1462200698
1463575188
1463589437
1463608964
1469783919
1470406247
1474270537
1475097786
1475347972
1475696175
1475699777
1476220508
1477695592
1478220191
1478395299
1478533740
1479670763
1480491716
1481725969
1481867365
1482161299
1482592160
1484489025
1495898038
1497768745
1503397724
1505721944
1505899289
1508830783
1512972344
1514561889
1515572052
1519815187
1519907202
1523720343
1185987692
1443587083
232332
1540495067
1540558510
1539893753
1529284111
1530372887
1530572310
1530602097
1530640371
1530666944
1532136478
1532282340
1532384021
1537123382
1537388892
1538323978
1539058628
1540158499
1541292695
1541598875
1541847170
1543850919
1544399582
1544408948
1544418998
1545178193
1545770544
1545997863
1546240082
1547246787
1548079801
1548580703
1548659839
1556105841
1557020104
1543393045
1543391203
1478395299
1478533740
1479670763
1480491716
1481725969
1481867365
1482161299
1482592160
1484489025
1495898038
1497768745
1503397724
1505721944
1505899289
1508830783
1512972344
1514561889
1515572052
1519815187
1519907202
1523720343
1185987692
1443587083
232332
1540495067
1540558510
1539893753
1529284111
1530372887
1530572310
1530602097
1530640371
1530666944
1532136478
1532282340
1532384021
1537123382
1537388892
1538323978
1539058628
1540158499
1541292695
1541598875
1541847170
1543850919
1544399582
1544408948
1544418998
1545178193
1545770544
1545997863
1546240082
1547246787
1548079801
1548580703
1548659839
1556105841
1557020104
1543393045
1543391203
1478395299
1478533740
1479670763
1480491716
1481725969
1481867365
1482161299
1482592160
1484489025
1495898038
1497768745
1503397724
1505721944
1505899289
1508830783
1512972344
1514561889
1515572052
1519815187
1519907202
