1421382018
1084854757
1232361
1136692424
1250926689
1256395
1508726204
1255715009
1433816257
1517271688
1136574068
1291628062
1353054409
1239034530
1270375934
1176574771
1102676332
1236131256
1035831585
1322248
927420
1075330578
1185020846
1500223284
1331825451
1066131373
1381963344
1446382311
1189829782
1476423928
1084848208
1127466312
1454522977
1289111
1051731637
1253522208
1350382847
1164092449
1096542374
1322713276
1257081352
1066123609
1244779778
1338170812
1055748150
1116075057
1257631908
1161448223
1034869224
1236350
1335274436
1103187795
1278126273
1056395240
1397689410
1260831
1086563465
1121484214
1158054163
1116080326
1409522372
1257178256
1350411050
1057550357
1236528677
1079827977
1056047617
1158035903
1375280
1218988486
1323226379
1112344093
1116074442
1102197395
1327550729
1185003716
1146361200
1116142675
1271681975
1406712148
1405711753
1405756618
1494413964
1101328276
1078399428
1057605377
616366
1339774581
1499828876
1411687791
1193993917
1020220000
1492731499
1101330907
1374707381
1063453004
1324024330
1056273119
1321100419
1351334319
1116162120
1116647240
1116157638
1116075186
1397013965
1130923808
1056316391
1238979897
1099290805
1293091840
1255861431
1509849007
1298192372
1255806013
1349769897
1411521927
1255819821
1510980404
1243139285
1527020687
1368207459
1446766569
1060220106
1102717272
1164788100
1102727325
1116073820
1236129596
1373428953
1422047375
1162026443
1063764311
1444339912
1019757766
1257339019
1347142323
1055712217
1525372753
1176785199
1374861383
1383299758
1452950448
1453000276
1462382549
1116084380
1354562060
1507912593
1528905469
1102222948
1458183359
1172614926
819277
1332500914
1334839078
1443389328
1502665976
1522992769
1020093101
1193773589
1173325955
1244778226
1253539510
1083844710
1116160032
1266636177
1127494644
1071159919
1058519444
1142293672
1022228212
1106521134
1210625097
1270471872
1207987160
1116155871
1198358128
1257319463
1350362783
1177008841
1255889460
1051604824
1176700325
1057816016
1389722483
1443358383
1019743224
1116073447
1116078881
1161295836
1230365551
1236510538
1116146239
1236558607
1332185735
1057111150
1065384590
1116073671
1127335422
1158861404
1286406494
1390184998
1291626996
1121321857
1354673868
1276759858
1177981621
1447680892
1540445248
1149408768
1323171057
1354956392
1537263906
1398999457
1074361504
1176929276
1490897428
1257181375
1064982116
1177098636
1494568360
1084918581
1194540955
1289748061
1278869
1255559501
1161149186
1189063141
1425706506
1520594550
1139117126
1159758585
1494645861
1421327986
1457443066
1161230323
1176861085
1523481126
1435329256
1011320243
1103138668
1142311097
1191721610
1198408489
1369015216
1427478259
1494680491
1537118864
1058027210
1111445407
1075030550
1084912873
1116075052
1257059172
1266889655
1270347448
1286879825
1308115365
1405736317
1460266222
1501932430
1473476360
1492100902
1535470030
1536066889
1536902016
1063212652
1116073279
1368999031
1494353610
1236274619
1392536275
1058683594
1162240818
1177143909
1388952541
1415160340
1451372760
1462977062
1483226249
1486438621
1525436348
1536542002
1542580921
1058005429
1058526694
1074403763
1116071467
1242919744
1336239454
1388973456
1433865192
1454395515
1462201183
1536343072
1057808939
1058203763
1065838655
1084886411
1080843498
1116168988
1162014511
1164092136
1241088919
1257179112
1307310420
1310081083
1323218622
1336227305
1361303503
1396484817
1433022577
1516851424
1542116668
1232347
1063207559
1276736948
1323179830
1491785423
1533829197
1180097059
1237811913
1323216624
1472611836
1065850447
1337783077
1209532291
1255907905
1461085136
1125850821
1155603421
1340341007
1543231541
1063210634
1063204105
1087431649
1092550310
1116075141
1165155787
1412680796
1475461379
1481571648
1492138651
1517805447
1518222173
1063214501
1082005286
1207130544
1058518081
1058523431
1207162633
1174511708
1066126538
1058867706
1340345192
1082743524
1340332108
1116072775
1116090802
1116152466
1116164530
1116932624
1124178874
1145222795
1154378575
1163985697
1163998911
1164007532
1164049873
1164090725
1172421813
1177942145
1179056713
1184878387
1213436655
1220482316
1227648574
1233500556
1234852907
1255900060
1257176868
1257434865
1257437617
1277798572
1313657238
1377352964
1378856756
1412634972
1421249332
1421275039
1424943647
1427351781
1429394986
1447406788
1436446849
1466207867
1466212682
1472577540
1481694488
1481673978
1481671899
1481644305
1481578470
1481567183
1481537114
1481443372
1487962924
1491799440
1502545639
1512403921
1529578731
1536526902
1536893931
1542090085
1542099947
1542104943
1542107883
1542114255
1542674757
1542681788
1544418311
1547629508
1548534262
1550554989
1551724471
1553220218
1553232717
1075992793
1066120654
1116167080
1142249697
1164031706
1422130960
1550785359
