879778
901104
879774
1352699218
1108356493
1332244670
1369581849
1232225200
1094746721
1460863212
1107918519
1367397696
1108339755
1237779
1488009441
1419308140
1251113864
1233447902
1013031339
1334911560
1519993738
1309093521
1333469140
1454177915
1016809586
1318374821
1103682527
1232852719
1094781622
1352106043
1333520416
1433918149
1136626343
1135034465
1437951
1149252032
1199761848
1228127031
1352714395
1333411825
1064925386
1492133896
1207566926
1318375699
1380862086
1234526063
1468720494
1227713204
1488283481
1228138090
1036933313
1100554138
1258755845
1380857071
1352731573
1234535290
1430790362
1500999463
1256009887
1285457606
1352682922
1154601358
1255189164
1318376661
1399223991
1328470369
1344566622
1521811580
1519990092
1079776927
1234531402
1501726790
1059987135
1250417867
1255716397
1373375887
1499330172
1505766588
1234500647
1350626311
1434607716
1257139402
1154610863
1489491495
1004264354
1004264436
1004264401
1005895437
1257538185
1255165092
1255998752
1257686216
1428394934
1455885514
1463064495
1492815424
1541336649
1531024050
1532196114
1532351018
1532482181
1533505799
1533750904
1533833658
1535209046
1543691976
1544656232
1547360929
1234757662
