1038733123
1073697039
1106533698
1352922066
1293390343
1518283589
1328902401
1516602900
1131490986
1284063054
1030993910
1422654224
608988
1344315077
1411094163
1315389518
1330286186
1191339874
1218850283
1315239876
1186116652
1339871511
1537175646
1417988638
1269488131
1131955
1030468276
1075996279
1471829761
1345697751
1192564931
1431993352
1104765346
1524796456
1490326550
1531365133
856196
1317059871
1393004730
1033982379
1519882466
1303656939
1447737719
1113145302
1138636907
1364748440
1416382300
1414097201
1462167416
1075501517
730387
1462003870
1199718543
1396977990
1136350138
1420631549
1421359139
1346503057
1377370416
1019349904
1146862182
1297394369
1068196170
1304347568
1162745442
1033967880
1421312649
1383187685
1253717528
591662
1195287169
1443816728
1480673493
1490690251
1255569657
1481225405
1510618351
1118235010
1033967277
598696
1340302187
1252746285
1324254132
1355153799
879762
835963
1033967550
1122695360
1384503363
1255915384
1270198278
1343435552
1350079818
1427297554
1501933439
1377167914
1036495288
1207082915
1230381848
1212374785
1076112271
1479964063
1263598478
1155079163
1198769704
1073101992
1225083629
1505787446
1303264303
1245531722
1398610740
1206472
1445816738
1403284464
1063830773
1239874184
1219136919
1486372503
791301
1125790883
1116353583
1162492623
1073683633
1482615579
1400261730
1323206689
1501103173
1024965
1514928562
1469479462
1461213012
1205997822
749047
1501981514
1199829287
1076112045
1243393487
1446532196
1241420797
1084752516
1438726400
1035065445
1241408660
1521752202
1477630973
1139111333
1440856369
1270359327
1129813354
1326248503
1448430787
1496525688
1326884253
1250805042
1501418005
1316420853
1254248386
1468744784
1129818503
1308001645
1218360783
1057835232
1369862296
1468672963
672533
1089068771
1478455235
1302746745
1071678764
1129808102
1484981088
1341283782
1381181407
1284334921
1459188098
1284225853
1264547476
1369862276
1284391635
1005991580
1193943110
1443309663
1328162877
1448797316
1134548560
749050
1470281304
1089210303
1217716110
1444664311
1102632975
1217780849
1263854133
1239043928
1448810193
1448813441
1160327555
1433421355
1234521672
1152741890
1033544215
1459728403
1328273278
1130143755
1428798
1328568565
1372744706
1000068
1376820461
1055198513
1020686097
1373428829
1372746924
1529113592
1446373069
1086548910
1035064437
1429896825
1347956203
1429160351
1494884452
1141732176
1472525492
1525759968
1477005514
1409856411
1097115708
1259955793
1372063649
1314022214
1473291114
1400880731
1528675475
1073092387
1481575953
598649
1041819312
1101167670
1058336557
1030884179
598655
1219280576
1487632466
1472530663
1101273606
1187114338
1518723873
1466172564
1457980399
1484079088
1401331861
1192675145
1283935934
1319225066
1502010433
1383742036
1467999836
1392165744
1317223996
1522380272
1400425137
1339053101
1032655064
1432276291
1073021234
703464
1052696945
1005907454
1179835327
1035612884
1268880959
1073684527
1263791279
1029917641
1364188929
1030598729
1390447997
1440742132
1173209927
1340257315
1341253158
1392774285
1159142375
1065279856
1337165213
1523222547
1112034993
1180304854
1027182642
1022010175
1040020989
1055412592
1400684209
1471602609
1033967269
1353189909
1075904849
1373490733
1459128900
1024803996
1508925727
1319147229
1026374677
1412778415
1447765700
1027185902
1288735799
1442245849
1474393274
1406842751
1031592388
1048465552
1368550608
1245613461
1478653552
1277317014
1414794606
1028981382
1037480919
1232562872
1476089241
888408
1023987750
1079836092
1177144530
1371616941
1142627147
1076415405
1078927577
1377147031
1443635184
1501822712
743796
1068109660
1541488093
1024361268
1075371943
1123145390
1282219081
1447760483
1050119837
1212326751
1343246564
1079262947
1304065539
1341266571
749054
1073309640
1074516928
1205954822
1412539016
1519207624
785748
1021695064
1034767679
1144704800
1430347256
1534280675
1074621146
1129803546
1143805064
1152502680
1225609967
1334259890
1505774036
1506068056
1540023236
1364783711
1405917174
1018996377
1147609952
1448436861
1428842229
1448297669
717805
1225492883
1348832037
1011473064
1473781809
1068106270
1073662076
1252307778
1265012492
1384096501
1448778240
1017658714
1142786250
1152972676
1328322432
1021190782
1315026762
1381181021
1379396591
1468697365
1026271526
1052652672
1048467804
1157844940
1170776636
1237919822
1451901466
1334876542
1529378405
1030192658
1057177624
1058641796
1220804599
1104982343
1126107393
1129810709
1167723619
1198603790
1272109006
1279843763
1392434369
1053749008
1060360505
1100981886
1187504624
1268257706
1284247317
1329113450
1377211063
1151831002
1129815205
1186162871
1339435623
1361307316
1398646614
1496466217
1412208389
1077996982
1052637710
1358600288
1139694051
1153714117
1235433607
1261594726
1256510850
1299160534
1434598119
1017844760
1100123817
1149075064
1408909481
1014333910
1024357115
1063124323
1067699566
1079627513
1081915463
1085931519
1173215632
1192659937
1351356557
1368061532
1027043164
1079117388
1152394894
1396506090
1035066297
1088618203
1241417650
1439993172
1471922832
1025822049
1050211766
1084592324
1146364056
1162614804
1173198620
1194223587
1205897043
1268683070
1543040631
1350249969
1265240437
703445
1319177130
1362864680
1266774398
1397721210
1129400173
1027667664
1282196207
1527805602
1137693576
1446856306
1516051672
1074516216
1183700767
1173205377
1361376323
1304556693
1470161757
1176906075
1326755573
1335724001
1351563329
1439983088
