856217
573055
774510
935672
573048
676188
1327109345
1076067682
972893
573054
1211501924
1123736
1215634825
1487087132
1011099432
1159248
1326690230
1429118803
1275231733
879726
730431
1162099
1205937312
1014753
652867
802369
573064
676191
1519243490
1145796710
669609
1145649054
1332414
676190
1364751091
822670
1467443403
1238774497
1213546411
1145725111
1480120566
573053
856231
730428
1254043587
692504
676204
1145643004
692509
856228
1333613936
1131948
1241474294
1214055782
1213586356
1149250383
913654
1422106976
856242
1179850205
774508
879732
856221
879739
652901
644186
644187
609032
1426027934
652821
1271930523
1219069188
802366
644192
1214103021
856201
730412
802355
609024
856220
730443
856226
753184
856240
716560
879746
913595
676192
692475
1333495682
1173333424
1162105
1475580177
774511
913653
676193
1159249
652859
652872
609028
927426
716434
692489
754119
652856
692456
716501
716551
1178359633
695997
573050
1131277186
1146073096
1015342255
1145348902
1214089886
1253522218
1333882422
1238913576
1539036135
1158989766
1327191960
1131297866
1205916785
1437245
1519811270
1385837255
1136766354
1170998374
1272059828
1437878
1091282204
1189695168
1156309999
1221615836
1419480902
1434981597
1236771776
1540523103
1437893
1451609410
1400536864
1512127470
1437844
1437879
1242849324
1522263787
1296841390
1358170948
1315365121
1335248917
1545048964
716540
1142228009
1519815168
1146420074
1146863026
1252604573
1457162041
1296911807
1106205216
1243146678
1272022523
1365967062
1399093547
1445712274
1437518
1106205882
1327168665
1437870
1481189685
1053606745
1208419382
1310163042
1440163667
1469816242
1492902376
1530653721
1536090897
1437923
1089276813
1225056942
1238770471
1250541500
1268154282
1335225002
1394346134
1400328857
1401331810
1429060223
1440178245
1254434203
1306623400
1437251
1120286305
1333802192
1417873625
1433141182
1446031535
1490023947
1184707210
1316470537
1352627602
1354047362
1364799827
1541487205
1437317
1105321686
1455477255
1225043344
1430264380
1475379687
1537454679
1542527037
1437283
1125782490
1145862833
1145901511
1146542077
1147699708
1158081650
1221604062
1336916026
1361647413
1383095378
1439843193
1445709485
1460222463
1467449725
1516018079
1534658073
1436928
1252456185
1256444826
1537466757
1290339891
1432014023
1544204714
1437309
1106223951
1192607185
1238803847
1364545504
1365912108
1430310607
1469930190
1539859051
1437376
1437942
1102603557
1146076742
1146571399
1149591908
1160867972
1164865915
1178381535
1179395372
1184712729
1540517161
1539879866
1250796408
1263755601
1296866384
1305804085
1333577073
1335037872
1335248817
1429104053
1428924727
1352573748
1356576555
1361342661
1361630251
1380526717
1385760597
1421047076
1430630756
1434858220
1435734226
1437401018
1437445812
1439880159
1449557645
1453005816
1463858752
1464442211
1466210616
1466216414
1476410581
1480522186
1481436559
1490021157
1508097035
1517951774
1527879764
1537342500
1537418940
1541590854
1543146112
1548285229
1548530772
1548546351
1548808905
1550971414
1554714124
1242620
1388666202
