1287972173
1162109785
1126545468
1053651276
791285
1145766863
1392581797
1436276864
1226457426
1163658650
1187566170
1467565
1467648
1036300035
1126597322
1316210663
1303825559
1238077926
1005551641
1454196504
785847
1231883434
1107389797
1164901271
1126587310
1316406098
574813
1048575450
1005550488
1444203135
1500817054
1314401025
574811
1132469218
1177845
1316452128
1076895406
1185041883
1005576220
1078879766
1075971334
1524185912
1259132703
1382432867
1276519218
1316385998
1028365706
1374709877
1005551874
1076894676
1076046272
1250411684
1314715574
1475440182
1366063228
1120443700
1408827014
1026603623
1005551382
1132390134
1294031972
1076638206
1364036372
1250407892
1259112407
1509224015
1180203575
1294018155
1018497008
1374480181
1252059601
1028361455
1243787849
1250429871
1294104397
1398187611
1453362262
1466331127
1028369139
1492535671
1091133008
1294077652
1235445371
1026591059
1033882366
1035553629
1076644113
1117589269
1276511065
1312008304
1316413446
1075936757
1420084561
1474346745
1250439783
1398192323
1049926222
1437740238
1149355990
1210314000
1294069363
1317307226
1398218883
1457220692
1051730524
1250416307
1420932088
1316423600
1437535715
1484516062
1506040626
1164902796
1195166956
1516456399
1457223812
1026602165
1100448077
1148917210
1375276510
1182611338
1183988819
1185586639
1194343321
1192567130
1192734238
1192828735
1195138361
1250426368
1250436921
1276457197
1289413788
1294090127
1348816753
1316394182
1326528906
1350289014
1356743360
1361707866
1379828854
1380246638
1384982903
1402901672
1420084461
1420085938
1443831254
1450403407
1450427056
1450438846
1450471676
1456456080
1456770284
1470735667
1483338026
1485257535
1504593084
1523539113
1049942111
1115996
785830
1111110733
1530897019
1532452992
1533668554
1535376326
1535381722
1537521942
1537536076
1541116025
1541134730
1541412593
1541485242
1541991751
1541993898
1542013331
1542020937
1542036742
1542040909
1546280692
1546303063
1546371692
1546424912
1546426760
1546430067
1550940644
1555667572
1555673488
1535584056
1330919
1330914
1330909
1391076603
