550127
656532
654305
1256416
559257
605287
154996
162407
142549
766925
766923
165904
656555
142566
236694
656518
232332
1256410
654308
582744
692464
162411
356827
692505
162410
656561
818160
766880
854751
1474440355
748944
550087
195802
549868
654328
785849
1132067
654303
1032805
573068
652809
656551
1323141
999249
749027
1013851286
591688
692553
1189462
550129
559274
879707
1500707079
944428
1189458
927178
1525237793
1318890928
1460770223
239767
766933
692549
1482290882
644616
559270
1165217
818145
1165183
1406847754
605288
654300
753184
645419
344467
672459
944438
1470706119
536960
654301
692542
1003052519
792993
654311
559269
1031797353
1222974207
271554
743664
766887
1024355758
1519727385
879700
1072895
692486
559267
654307
1416040451
1471213485
1497998196
1482367279
944440
730415
1017828488
708468
792996
601616
654316
879704
927774
644631
601620
716565
1228880906
1316814685
142540
1076061512
1471273223
692546
879710
1323003
1323093
1482321194
1102704007
1262615
1331864916
1496294990
1425005559
433901
552359
1018898525
1262604
598668
726661
818132
1467580
672548
1003042907
559276
854753
1459079147
536962
927186
871072
1488232935
1398882983
1449490642
1474460615
1469790331
1013849138
1014569313
1449026753
1479348928
661257
1471213486
654302
1444300001
1471413799
766911
1486880361
1420104212
1035625703
601617
730424
766874
726674
944249
1013849757
854754
1208646109
743699
1319004904
927190
1090170277
1469787088
1345247
654313
1424311467
591692
1037278814
1415074528
1013847976
1299740179
1003008700
1091398
1195654984
1431144143
692479
1106086621
1473904916
582758
154966
818142
1033449156
559271
1180872318
1023777644
1203860744
1003009361
559255
1449039163
1429199155
1318798807
1526204990
627889
1471213955
822594
1204521837
1482399064
1510048896
1122109891
1049633635
726658
1005694940
1054935106
559273
1408257274
1481575730
1048677482
1058843
818141
1099147529
559027
1318810834
1468267013
1474470050
1406876896
1092497280
1521105938
1120332546
1058631953
1334291112
1481514067
1040876511
1048589141
1208777163
654323
1197736
1476919716
1496195191
1021579746
1023954422
1231472958
1218141376
1310552264
1424825588
1486963686
1003009287
1048584033
1211553736
730420
1068759375
1199538922
1013857891
1234090420
154962
1003805132
1333972324
1458911141
1208577858
1266666970
736936
1405985431
1072369390
1148728574
1083478431
1311069739
1396721889
1496159332
1120668566
1232822179
736896
1230305
1003009342
1236672683
1397129698
1040876140
818144
1072430000
1234085441
1378951466
1148707599
1244212189
1311083575
1454110510
1004002046
1486780097
1498907745
1448743767
1065884525
1487027268
1380634985
1039879435
736932
1201323974
1126976739
598639
1004004128
743804
654324
536964
1004026794
1049594996
1451912567
1477395628
1131940
1520668624
1524893448
1467561
1020292642
1432203525
1409200668
1448299141
1498892822
1090148805
1013856828
1288698040
1465423075
1472535144
559272
656514
1017831769
1171529183
1244089306
1376609584
1058645004
1379340705
1044078877
1212556515
1271950279
1497374954
1520654396
1526781707
1015706067
1094046447
1364498736
1522029919
1211577596
1232790824
1424342038
1288702178
1299707382
1311151137
1431082490
1448926414
1500130034
1477771280
1512056241
1058627869
1208421796
1437623
1244043584
1245352917
1318774771
1433252651
1264754316
1288701750
1498901565
1500209529
1040868462
1180770313
1212550791
1263739628
1288705990
1318835339
1510723004
1044076845
1210712390
1379331209
1388047707
1434139254
1474674006
1044078853
1496179146
1505115971
1288706690
582750
1040877665
1231254194
1245484070
1273448373
1288696137
1434117718
1444354206
1448907330
1162760437
1330172095
1288703879
1519751527
1374422762
1379338298
1472654795
1477049874
1288707472
1211583045
1222086232
1420299239
1506078602
1510791420
1288707919
1445764405
1471262462
1040876356
1098193388
1201294893
1288707438
1210718125
1383592583
1433285451
1448350992
1499888455
1288708579
1502591612
1024986592
1162712449
1210710439
1231353592
1245531178
1273469437
1053682653
1053704802
1040226768
1040867801
1210292000
1040877455
1040879246
1040879650
1218145321
1162728095
1233102074
1409243766
1211435874
1211444562
1388045853
1388045380
1373880988
1379336775
1379359643
1379405541
1385873877
1396764624
1396785678
1430886724
1434420167
1449047372
1474695007
1498914894
1500058835
1501282295
1502633048
1510802591
1528364615
654314
785857
1003978216
1049593159
1103560875
1262278598
559268
1318900977
1049548161
1299728161
1257840320
1314002615
1040868156
1470637104
1372126173
1099372
1234099140
1400318652
1522094635
1406921340
1245603814
1482878544
1245501897
1213146549
1350815319
582756
1474206504
1111878642
1040875679
692470
1040876628
1013856201
766905
1448797881
1005400708
1099359
1551953699
1551036587
1551656167
1551717988
1529729234
1529746004
1536524316
1536801468
1538023920
1540672994
1541414515
1542292901
1542767521
