1256973667
1504141916
1077843898
1397672213
1098386890
1354093821
1246666562
1456396240
1275442821
1467298399
1368968118
1488880303
1384803908
1218992541
1305746759
1101331269
1485214689
1434083328
1238841544
1329420305
1483985370
1036022611
1484013317
1164345939
1263643290
1046005037
1057036485
1282291185
1288931120
1359153136
1339654347
1118482883
1143335623
1410168098
1352758878
1037479318
1297166851
1477490488
1482924911
1428443440
1143700275
1040110768
1254010709
1494222473
1453527812
1094659426
1013943237
1293654509
1314097696
1501568394
1480727180
1085459007
1355909586
1441944971
1408870641
1422257077
1244993262
1407422701
1313431499
1472345407
1321040997
1481247089
1477622754
1469427465
1287946838
1277604251
1376370905
1075012150
1254435777
1481542696
1046530446
1461544410
1226574740
1345121352
1377063278
1431198146
1415664551
1509526735
1210312152
1028925040
1257331247
1311435424
1304064396
1366798139
1412245576
1246666559
1393746548
1037936228
1407905553
1374999743
1240285864
1466428163
1382435806
1500246731
1471255722
1277558490
1265543276
1275556650
1298257422
1396292761
1055060200
1478349715
1211667269
1334762818
1034020526
1034943787
1052355536
1510569335
1047522036
1363308725
1310142733
1089908433
1318176021
1275954622
1355322955
1004166514
1391459586
1056580434
1213126828
1277150587
1516706401
1085453295
1168059850
1055060200
1469014424
1101322558
1282414651
1509520250
1440405972
1478102124
1334569339
1063945225
1223415962
1034020526
1089908433
1276589889
1392101136
1407603564
1229984662
1277150587
1228949424
1282138177
1050253815
1349479474
1398759052
1407957498
1442169930
1427325962
1011933605
1028981148
1216835388
1035901592
1017290325
1046598942
1366346322
1397219931
1064500717
1515004190
1182632389
1210465536
1332759092
1465176228
1254430218
1242853642
1318860601
1410988273
1435228160
1043398623
1365990800
1380599733
1039939677
1284243258
1330813084
1182848578
1047735450
1049839287
1209900161
1276596347
1296582429
1019755188
1329988349
1244031513
1278335380
1508966607
1034414155
1236750277
1267758314
1035116913
1057544382
1285838931
1316124471
1444898418
1361198584
1380676552
1210340198
1334360552
1429910363
1288991664
1012683538
1048082701
1383038687
1401463079
1447517344
1191675852
1342581820
1283363611
1318051246
1324295332
1374559423
1315145296
1368490048
1443020580
1098365098
1510560579
1033914688
1027119941
1319865130
1234821460
1038572221
1074122175
1065814336
1412104658
1317712884
1051717726
1321710209
1336454752
1392794427
1266835356
1260883258
1052159105
1331073087
1412216640
1036667575
1043477171
1470742025
1207596479
1287668477
1405401423
1408873933
1093986251
1330100358
1035116913
1509516462
1250843041
1033914688
1099230838
1057533396
1237567628
1248124474
1052159105
1270421886
1317728749
1371048115
1273722209
1094346115
1255279393
1324810236
1343581950
1387680314
1064911228
1282185950
1356204837
1242842947
1492600604
1079827634
1463084364
1472978289
1384608544
1035922916
1293995765
1371057589
1408077700
1047705283
1037672249
1037060594
1417878968
1324786383
1366369386
1473055843
1013274327
1428307645
1316447711
1371063195
1035682244
1095331531
1371077111
1054106725
1062069737
1185032531
1263858532
1282152696
1266681274
1285612164
1371363091
1321128922
1389117400
1392557406
1472595681
1250656403
1347302034
1047109585
1033988684
1265038004
1034060126
1041603465
1097201958
1035262109
1209869451
1333967511
1520104965
1182659788
1282287627
1344979452
1187209500
1275716858
1311788149
1381655810
1053666215
1095634292
1220291727
1313204048
1337166872
1339571977
1374532051
1376652279
1438510349
1447435140
1032082015
1036637718
1049665633
1187049072
1339315182
1096407097
1369684212
1455177585
1019748745
1010663237
1470742439
1020897678
1079714014
1118822521
1282124788
1303888764
1308579865
1310214944
1334596784
1336004938
1339811969
1283366899
1294722185
1310165150
1324292568
1490123349
1498845461
1033358646
1118844434
1258598438
1394371158
1399606857
1411951277
1283569184
1035109675
1037693295
1210332994
1373054273
1474013603
1040423839
1265079986
1090834900
1213133068
1360449738
1010926429
1248005622
1262366036
1281099577
1333741098
1344932924
1363169935
1374976467
1432064778
1434916737
1438002246
1017611333
1049759265
1086752702
1284210905
1161305873
1291821449
1295257283
1405516034
1478627586
1016477379
1035900939
1035922722
1055405766
1467367528
1063168072
1064763046
1307221857
1322629663
1471533504
1366505957
1401114019
1385005517
1386174012
1470185328
1495802651
1032224961
1033742555
1038711988
1087971073
1236091884
1285954480
1289480074
1322984116
1325778530
1334664336
1352952784
1362296336
1432903302
1330164505
1033978662
1037157686
1470463917
1173355706
1226574740
1341152867
1478669969
1484920089
1209874695
1283400480
1317235552
1334664336
1352952784
1362296336
1432903302
1443659608
1463074009
1498643415
1013388634
1019745803
1035272356
1041572627
1074097078
1119841931
1224985029
1236709496
1249125902
1281167537
1382244645
1293035839
1295357722
1085475341
1432552123
1355225056
1356547157
1360177965
1375770414
1457518315
1391809608
1470137954
1511819950
1088370690
1267378504
1268998236
1329460538
1349214905
1360849210
1405586056
1405391853
1434022587
1459562696
1084399858
1148591970
1258057103
1211655215
1278119368
1314370491
1343612075
1383905708
1329935355
1033978662
1035909088
1300186649
1484920089
1421817917
1074347270
1286715818
1411660030
1463086605
1365958928
1467318603
1332956708
1410444268
1412564394
1032772859
1300180915
1221470789
1240044097
1250827792
1268686955
1293746767
1309084889
1379705644
1383897605
1456361915
1463679793
1007595602
1013077169
1311997503
1045005839
1078464552
1080079986
1191647977
1207795624
1212074315
1236158574
1262320701
1275008432
1277918841
1360378271
1209895811
1315029133
1320998782
1296771720
1325005846
1329278441
1333211972
1335726679
1369158647
1289049447
1428714110
1451656763
1038555612
1184993648
1187975678
1300469386
1241018978
1254295019
1263416756
1034018195
1329959437
1037323605
1012684535
1315681361
1118923123
1467358896
1257126014
1267932029
1277275561
1282153389
1288874766
1333474494
1320119913
1337431785
1422756779
1440733799
1463082955
1043405349
1049255360
1261939753
1277160643
1281303775
1287422959
1292865802
1301608526
1307265610
1318097367
1321440431
1331623488
1342608216
1356417310
1368353919
1371306551
1375203977
1381489135
1299625448
1398407102
1270329890
1416713295
1360219713
1301896115
1429292757
1439299524
1454675482
1481212203
1478910408
1056356305
1057623077
1113332312
1336400121
1277178262
1339801978
1347743332
1381622749
1383904605
1334759929
1412074278
1413715180
1421312955
1330183608
1034429066
1485191963
1487142396
1291791377
1330058000
1033957169
1035129047
1033954284
1463844640
1091786534
1276584026
1291828921
1425647514
1283416222
1330025665
1368288204
1329804174
1035249451
1275428609
1442876916
1033948879
1035107855
1304751263
1313134532
1332366866
1470422757
1486876730
1475982940
1012686085
1090739699
1271147356
1278059131
1301608526
1311412628
1358324455
1460858615
1463076092
1467390875
1470438810
1261957688
1324845059
1356566978
1421410230
1462171182
1043488925
1057315921
1078485090
1247753155
1217207785
1225190717
1237553142
1262617337
1245632241
1255509274
1260473962
1271892352
1439883837
1277139738
1289034769
1271892352
1439883837
1277139738
1289034769
1290989633
1291785482
1293713365
1335424148
1365958655
1359967277
1400383912
1405370955
1407345652
1410440793
1424793921
1424236776
1425037890
1433162370
1013624995
1076634829
1047706760
1049503997
1048577180
1174512373
1277270639
1287749551
1307301416
1313171015
1324995383
1424785306
1331050985
1413701629
1419557425
1421914244
1422674174
1451343014
1462320762
1472771490
1481605185
1028350798
1047507284
1048579846
1048579703
1049714213
1090705215
1090807951
1102359941
1207562555
1207611336
1207929873
1265527493
1266976875
1271406822
1275057817
1275163390
1285897133
1286954354
1289021756
1307185746
1336206923
1497311645
1498089083
1510514646
1017954540
1032624903
1344710953
1033997983
1037350350
1044796793
1047549090
1059953187
1083087296
1088653390
1094429118
1102302859
1118515538
1178052742
1182649190
1186877784
1199690509
1207562555
1207722102
1225085946
1228897149
1237702735
1252339781
1253906263
1254342163
1254419789
1259622949
1267865771
1270375141
1275136249
1276916020
1282491776
1283840718
1285855141
1286962936
1291993125
1301785522
1302263666
1305282043
1306442220
1315154426
1315350756
1328047388
1338770364
1333218930
1337367449
1342985359
1354087045
1367143195
1367407665
1375333025
1374551279
1384638333
1406651252
1402999725
1407665161
1407717747
1406651252
1402999725
1407665161
1407717747
1419660608
1455549194
1455224904
1460872846
1463089364
1476799205
1477405199
1504732461
1513897446
1471921700
1031384030
1420711338
1271137658
1335872044
1497551733
1074116072
1397414390
1282171929
1315568285
1322059637
1330009181
1344901961
1367930302
1424251957
1434280006
1455184281
1095524416
1335849188
1356398664
1362279756
1388760638
1033916068
1298549093
1028973201
1038667647
1049095135
1074119964
1094317711
1287635528
1231831156
1210298031
1218529558
1260442962
1276702047
1287997376
1298754021
1309205369
1309603388
1352781666
1360563442
1373010120
1394722755
1399280853
1054185599
1434632920
1027514676
1035600360
1034004583
1035005538
1038282580
1038706380
1322335663
1087543769
1262308934
1307145088
1209886728
1209893357
1254045981
1254352517
1265133833
1280751559
1285937055
1319628804
1333853703
1337087758
1384941272
1382797738
1403230640
1405606236
1417881421
1439246486
1439250622
1440083844
1397627016
1410431093
1010661476
1012684111
1012698236
1013276755
1013626812
1017819238
1018410848
1028919654
1032231673
1252860381
1033575310
1033858901
1035514020
1034406525
1034455005
1037301587
1042449565
1046573240
1047543883
1049090785
1049757214
1049761087
1050410021
1050869673
1051205988
1051333198
1319814856
1053285962
1055990559
1059991598
1062595143
1053285962
1055990559
1059991598
1062595143
1064242444
1072425526
1077173041
1080061541
1085868033
1089128799
1090913712
1091284970
1092711772
1094629485
1118515537
1148566339
1148594106
1148607116
1156131419
1185021545
1186377397
1187025875
1187044276
1187064174
1195620368
1226507229
1207921972
1209867533
1302207283
1307149833
1470742452
1210306217
1470741960
1210320742
1210362199
1254494755
1212104562
1220375611
1221672732
1223433347
1225013978
1239841536
1243860323
1257599123
1257922431
1261963198
1261961932
1262220010
1263646221
1265100183
1266719391
1267586061
1277222397
1271240453
1273691143
1274134206
1475130510
1278156547
1279860778
1279853233
1283491972
1283828274
1285390496
1285427787
1288730258
1288917387
1291779377
1291991260
1293010708
1293674214
1294696491
1296566768
1301709890
1301798063
1302695854
1303934072
1303981695
1304022412
1485882235
1304138032
1304331370
1310178139
1311363733
1312758904
1312932584
1313237749
1315035551
1318397763
1320257103
1320260468
1320868601
1322314899
1323028430
1323056571
1328328716
1331661572
1331721244
1332566520
1332670579
1333333746
1336771460
1340578678
1340714206
1341804456
1341817588
1341908213
1343091308
1346449906
1347878544
1349860674
1353167474
1356526525
1360172951
1360175104
1360427615
1403609234
1360888603
1361696774
1363659503
1364163560
1361696774
1363659503
1364163560
1366240401
1470863812
1461464391
1367741289
1368335832
1368377919
1371305656
1372217128
1372303583
1372375645
1381955457
1383975303
1384511883
1386208527
1388089709
1389024650
1389082219
1397089967
1397627016
1398342519
1399518538
1399603192
1402324701
1410431093
1410466167
1416916377
1411527950
1416346614
1421363415
1421308525
1421404408
1422494747
1433908362
1422715151
1452901069
1425033804
1427332253
1427333537
1428623112
1431904066
1433792474
1433934288
1434024047
1436850695
1437027239
1439244568
1440912872
1441393211
1443101032
1443406303
1444361431
1445081590
1450762390
1456347723
1460854334
1467285057
1470492737
1476142009
1477395590
1477567785
1484621967
1484682925
1494940510
1494979953
1495387748
1498593845
1221642991
1249131946
1253975406
1498766947
1034440847
1016478739
1312777929
1383906768
1441491214
1500232251
1436972293
1470433838
1120120689
1276607676
1282274971
1366791666
1397658034
1227483657
1440730283
1498761313
1161331129
1477057903
1060319015
1235315784
1320849855
1341121271
1443151409
1466950948
1500272370
1501573090
1352689321
1242824144
1329412592
1486835097
1474396514
1518521154
1043818445
1271281836
1333635228
1343117279
1446233877
1463075301
1473261750
1473667831
1474172493
1007977300
1037114276
1040420815
1084394578
1090566271
1470742958
1470742958
1270286144
1282296033
1293722251
1304029589
1330040615
1333506925
1446022208
1464626181
1472799629
1118839302
1292320322
1341848450
1362423768
1402135852
1470458086
1500146063
1500263039
1007346338
1027092702
1033865379
1048606075
1056117043
1060323361
1119010140
1261964480
1279622387
1338790240
1342739721
1355294243
1361663799
1401483574
1416847412
1415349033
1421822226
1437880004
1443877730
1446218205
1460314184
1463061338
1488305488
1474146240
1477656994
1498140211
1498178989
1510058109
1119877800
1433407555
1236595728
1277859772
1283489232
1396691585
1397927663
1477661897
1500156179
1505811929
1281934471
1298067864
1320824081
1333638356
1333638356
1360228498
1368231051
1397617087
1411977875
1415979926
1463084204
1467412612
1471422409
1472695931
1472949970
1473273415
1473908822
1478642090
1501498995
1196830124
1212159044
1218345026
1315323383
1324810630
1348148476
1358385907
1368302126
1433118966
1445620186
1463078064
1463082986
1470491980
1474775182
1478102124
1477993036
1494761461
1500190637
1507427919
1514113436
1118805973
1130460918
1210318419
1281653717
1281935432
1292694414
1424791140
1306443045
1321161920
1327494647
1334837975
1335984842
1341189859
1351720799
1362201719
1378618022
1384025286
1407371021
1429523454
1432293658
1439225958
1463058543
1463064422
1463070896
1463072314
1530930612
1542616958
1074083590
1084326585
1095335550
1148581439
1204297207
1213238459
1221479132
1279583475
1283369682
1284431683
1292269965
1294665971
1295243043
1295244770
1298299056
1306339827
1320857901
1327527151
1327943220
1333638977
1341075407
1370790438
1378194819
1378475301
1381735861
1384784917
1396192446
1399455649
1405039162
1407697244
1408310732
1408427151
1414693538
1419654385
1433138305
1434991581
1445824737
1455479383
1461371805
1450371704
1457732698
1463071808
1463076797
1463076967
1487060017
1470738045
1469415524
1470775878
1472811820
1473318694
1473648487
1473703529
1473921557
1474135843
1474151267
1475077344
1478093487
1479542187
1470738045
1469415524
1470775878
1472811820
1473318694
1473648487
1473703529
1473921557
1474135843
1474151267
1475077344
1478093487
1479542187
1479577431
1483593801
1492586875
1494161453
1501509578
1502567946
1523099463
1533751427
1534738914
1542332149
1226607041
1330062132
1331543312
1337474002
1397065087
1453493297
1463084358
1468117411
1472679085
1473154214
1480297990
1513607305
1063151439
1084367774
1091530364
1263496387
1275851574
1277027597
1473780819
1336260983
1367862166
1371285840
1375385378
1398339999
1415974502
1443655127
1463078380
1472684814
1474440774
1477109089
1479567525
1499478823
1500289576
1509851262
1511830088
1536059335
1028920864
1292858353
1296100713
1300678112
1301686600
1310210479
1321558816
1325625113
1330939150
1338177134
1359403728
1360408649
1372084976
1379837141
1393682947
1398066720
1398347405
1418136724
1415379857
1425138598
1432871747
1432909466
1434808913
1435028652
1436063262
1446206305
1448393583
1454766390
1463065402
1472695702
1472913485
1473644527
1473673175
1477556508
1478658637
1483588195
1494057987
1494339473
1499452251
1390115493
1007426577
1017608023
1033573390
1036666791
1036722893
1042384085
1062920460
1063166118
1072228551
1085967610
1091149785
1104908662
1112784995
1118926317
1119842236
1120260554
1121451811
1189125003
1196852186
1230137329
1232861635
1118926317
1119842236
1120260554
1121451811
1189125003
1196852186
1230137329
1232861635
1241533890
1242536255
1252606839
1273379353
1275531836
1277177186
1281255478
1281280540
1282189591
1283851661
1290783573
1292705401
1294652746
1296771358
1298699611
1303793282
1312122092
1321119714
1324954948
1325059512
1325603752
1325785281
1326051216
1326061088
1328324844
1328500379
1330948760
1332398347
1336102916
1343238862
1343573543
1344789573
1345945922
1357965887
1364155565
1376554319
1378368845
1381045222
1381334834
1384778471
1389020904
1396845631
1394038759
1396960886
1397103227
1403941531
1405572182
1407456224
1418218850
1417511751
1419635458
1433748899
1433963993
1434852116
1440347264
1444850251
1458587835
1460190775
1463057731
1463072235
1463072262
1463075752
1463083335
1466844767
1469427318
1487840589
1488315438
1472922336
1472973154
1474646527
1476755351
1476803737
1476815824
1477076676
1477638870
1478639837
1487879718
1500204998
1501504924
1507406928
1516727618
1028347933
1028965969
1028965975
1036666070
1036669417
1049528225
1051300623
1063129225
1070929633
1087977638
1090789335
1091528005
1095399931
1118523453
1118803440
1119866589
1189100524
1213281017
1217872691
1413663375
1225176640
1226146001
1229976707
1238657526
1242398111
1242627804
1251016777
1250835972
1252069125
1252602013
1266465124
1312994337
1313560003
1314723629
1315019857
1320984246
1321506809
1324809249
1326065859
1329513516
1329537451
1329742414
1333387848
1334430900
1334551981
1337029971
1337134708
1337405660
1339188218
1339677019
1339883985
1345701273
1349767189
1349997927
1351253085
1366950906
1368316414
1376480521
1379249598
1379838582
1391641797
1440402495
1401756062
1402887288
1408305249
1411461348
1416796360
1417602846
1417608721
1422065388
1428498809
1433016323
1433102769
1434742977
1434887906
1434927968
1435001794
1442322235
1444485958
1444931245
1446451180
1447787933
1451743923
1453017117
1460889451
1463061472
1463064624
1463066179
1463070380
1463082570
1463084469
1473623978
1473686045
1473914299
1474151864
1474186387
1474781016
1475097189
1476015809
1476288728
1477141414
1477451723
1477652971
1478548088
1478679401
1479409487
1480211068
1481205013
1481441927
1486702867
1495806218
1496219570
1499423799
1499476113
1501501753
1503724272
1504973505
1516750932
1542121800
1038669607
1051299989
1069642919
1118617967
1161327606
1267053969
1293730850
1307282236
1313212724
1328026633
1329331830
1343626611
1345792997
1350389757
1358511852
1362315657
1366279082
1367382388
1374801412
1391038112
1394083224
1399966864
1452829499
1407651149
1433123536
1433152909
1436229413
1439020067
1441887625
1443412698
1461350038
1455533558
1362315657
1366279082
1367382388
1374801412
1391038112
1394083224
1399966864
1452829499
1407651149
1433123536
1433152909
1436229413
1439020067
1441887625
1443412698
1461350038
1455533558
1450712871
1453522199
1459666082
1463832620
1470697720
1472817484
1473110390
1475629890
1476389002
1478674660
1491596044
1494708095
1495791750
1498603083
1505170768
1027517171
1032304327
1051299028
1074755218
1148573512
1148576866
1187038786
1225155549
1225247704
1240305983
1258018274
1281934735
1292174888
1292836943
1309053427
1317033484
1317745657
1328398458
1330010076
1341616259
1342924907
1359647174
1360421187
1376739116
1387160646
1389021556
1392649320
1396207650
1415693921
1415031709
1440962569
1443147653
1455484782
1459713003
1467426163
1473270293
1473671313
1480735545
1480740647
1487885442
1492498585
1499805964
1518547473
1528445593
1034039137
1075172619
1059924759
1063141496
1063168226
1063450364
1074757455
1118979140
1120079353
1148654232
1148750953
1180150816
1204772909
1207616449
1207853560
1226165384
1248141970
1281270488
1293795879
1301642581
1301763437
1320948193
1325141541
1325582303
1329775523
1337463885
1338014544
1345292018
1347777036
1362286643
1367742504
1389933803
1392593183
1397111890
1398336920
1408307321
1408358627
1409440847
1413539400
1419835884
1433136820
1444374145
1458897432
1459433139
1477106171
1477112652
1477951102
1491039767
1492519577
1494504759
1497559307
1498515438
1061549496
1118566250
1119917513
1148575205
1148599845
1209864121
1211307945
1225065231
1301830011
1329488025
1337341178
1347448929
1364987656
1443151447
1389018970
1396958567
1397024387
1397076063
1416886414
1433124703
1433140999
1437284315
1442011302
1461343977
1473263544
1473691542
1476410704
1477095542
1477563735
1477608444
1479133298
1492603541
1494191977
1494296548
1499792667
1510249965
1511149011
1542380458
1030932042
1033960736
1040411525
1049256831
1050191259
1051208686
1051342651
1063143486
1076253831
1076381911
1078496881
1086971306
1090539430
1118444977
1220341829
1225222045
1226357152
1226380116
1252274342
1242636283
1494024871
1246855582
1248549210
1252605633
1257347575
1257712427
1257880569
1263503127
1266524167
1271290445
1271517073
1273666733
1292705389
1275334888
1275700448
1275896672
1277049138
1277930382
1535755678
1281256824
1281285353
1283479521
1284327405
1286103542
1286409814
1292377863
1292703667
1293672053
1293756436
1293823314
1294670901
1448274769
1298590132
1298637397
1298807045
1298890322
1298893118
1299621428
1304532150
1307511341
1309171377
1314792001
1318827669
1321927647
1323771230
1324516005
1324773139
1325006636
1325153340
1325826551
1327153223
1327441539
1327986041
1328358376
1298890322
1298893118
1299621428
1304532150
1307511341
1309171377
1314792001
1318827669
1321927647
1323771230
1324516005
1324773139
1325006636
1325153340
1325826551
1327153223
1327441539
1327986041
1328358376
1330114211
1330391867
1334479785
1330857854
1333556850
1333704177
1334374282
1334595366
1337831375
1340300924
1340778705
1340980198
1372892640
1341356532
1341568796
1341652155
1343185193
1343956137
1345110920
1366349229
1348312138
1349999081
1351697903
1354072859
1356984676
1357911524
1357943084
1359142856
1365963856
1360402855
1368299840
1371832345
1372184666
1372187306
1374864428
1378841879
1399977110
1392449542
1392516512
1454600235
1397050947
1408302701
1410173526
1410436898
1410193530
1415964422
1415985745
1424314999
1425078296
1426100285
1431988022
1432179404
1433120202
1433128341
1433134354
1433746368
1434693403
1434846947
1437442949
1444486810
1444885244
1453155832
1453501627
1453527816
1454675534
1454680081
1457135980
1459472899
1459722156
1460161048
1460928468
1460951922
1460986372
1462102368
1462126572
1463062929
1463064389
1463065483
1463071386
1463073791
1463075102
1463077699
1463078428
1463088794
1463089644
1486959179
1467346733
1468247823
1469412986
1470446492
1470459805
1486851565
1470769049
1472788471
1472943667
1472970013
1472979961
1472987603
1473248879
1473258399
1473289857
1477620513
1477645829
1477669844
1478646249
1478654129
1479724207
1480462330
1480498732
1481444307
1481604833
1483615471
1483629716
1483680947
1485105580
1485134039
1485212293
1485672534
1487864622
1488111880
1489313344
1494168410
1494194139
1495575403
1495609534
1497130431
1497768651
1498117010
1499298746
1500280135
1501570825
1504913085
1506029017
1511095044
1512446906
1512575449
1059918950
1289075266
1333556945
1416100512
1427332939
1059939811
1311270291
1328062532
1416542343
1292698630
1309144636
1321002073
1329861722
1329876970
1061590227
1161321959
1170837103
1246881992
1252604743
1252608183
1263654053
1346326539
1350332765
1350525189
1351262009
1511095044
1512446906
1512575449
1059918950
1059939811
1333556945
1416100512
1427332939
1311270291
1328062532
1416542343
1475561261
1292698630
1309144636
1321002073
1329861722
1329876970
1467386542
1061590227
1161321959
1170837103
1246881992
1252604743
1252608183
1263654053
1346326539
1350332765
1350525189
1351262009
1392352021
1398129521
1435306539
1436945659
1447686484
1463071173
1463074443
1467364388
1473159473
1483657194
1485211192
1500134173
1513573996
1036280929
1037815283
1065558219
1256973668
1322402129
1207579583
1003142323
1003146147
1007545563
1007662427
1008086228
1008088016
1012585637
1012634791
1012730178
1476828988
1014197507
1017264740
1034209328
1287731498
1035034067
1035471684
1035595488
1035728769
1123237262
1036641645
1036664179
1036668116
1036796356
1036815606
1037691728
1038071369
1038230385
1252825723
1038570719
1038702826
1038753815
1252847612
1040427329
1042346707
1064836405
1059440918
1058826293
1042362658
1042372861
1042374432
1042382543
1068699945
1042386237
1061745511
1061743056
1061668260
1042729820
1314216690
1045027370
1045586032
1046519404
1047554081
1047570698
1047583364
1047662065
1048202371
1048574768
1048724675
1049249401
1049261261
1049368767
1049393493
1049412586
1049536103
1049533666
1049527001
1049689654
1049834455
1062570186
1049922599
1050031036
1050128597
1050140902
1050974652
1050989141
1051212771
1051216176
1051301446
1051321506
1051323455
1051325801
1051328164
1051622149
1268214956
1051863967
1051867004
1051869271
1052086790
1052095022
1053193909
1054802652
1054914511
1055778719
1056314950
1082750509
1059277163
1059853850
1059982817
1059992355
1059995267
1061013221
1062453681
1062606079
1062621775
1062701430
1062766381
1062776997
1062784434
1062817883
1062873022
1062901725
1062972464
1063130236
1063131816
1063135228
1063137714
1063139645
1063141209
1063145333
1063145649
1063145757
1063147297
1063149294
1063150574
1063155729
1063157173
1063191837
1063202982
1063402372
1063407334
1063409365
1063441969
1063453869
1063460611
1063466285
1063593965
1063594037
1063736658
1063871897
1064381180
1064671569
1064686443
1064787090
1064799091
1065337093
1065575788
1065586464
1065575834
1065575933
1066183163
1069349998
1072232743
1072642084
1073007109
1073690918
1074342848
1074122940
1074122423
1074122200
1074113851
1074113283
1074115596
1074756387
1074754365
1074747462
1074722133
1075154707
1075156387
1075943349
1082602497
1083093948
1083426590
1083466335
1083612438
1083838615
1085066363
1086143356
1086968899
1086984723
1087322150
1087346100
1087369867
1087968792
1087981771
1088596540
1385496738
1441509981
1091104870
1091149628
1091150059
1096159225
1102878542
1112205492
1112210363
1112222203
1112797593
1115033533
1116627191
1116678934
1118441198
1118545727
1118810671
1118874869
1118901490
1119889341
1119901087
1119936799
1119965958
1243844845
1120221884
1128083895
1146567724
1146714123
1148559943
1148597111
1148602645
1159708011
1161178368
1161207217
1161240451
1161285966
1161292888
1161314706
1161338272
1175478368
1178004007
1178051886
1178052052
1182416563
1182452165
1185008283
1185911879
1186914994
1186965285
1187178914
1187869155
1187934620
1195632948
1196828915
1196829027
1200321665
1200327493
1200909172
1207579583
1247685848
1207882407
1210300841
1210301004
1210304082
1210316791
1210322392
1254494606
1178052052
1182416563
1182452165
1185008283
1185911879
1186914994
1186965285
1187178914
1187869155
1187934620
1195632948
1196828915
1196829027
1200321665
1200327493
1200909172
1247685848
1207882407
1210300841
1210301004
1210304082
1210316791
1210322392
1254494606
1211773468
1211782521
1211791894
1212078787
1212361589
1212519135
1212577699
1213140249
1213145161
1213159437
1213211798
1213277363
1215616885
1215647633
1216376415
1216383233
1216614569
1217910606
1220744290
1221546485
1222834049
1223421724
1225103482
1225121247
1225138206
1225205503
1225266001
1225292455
1227776789
1226139452
1226154963
1226509377
1229705612
1229960803
1229968617
1229996770
1226509377
1229705612
1229960803
1229968617
1229996770
1230037168
1230042482
1230050063
1231407171
1231411054
1231421871
1231426844
1231452990
1232011135
1233019382
1234369754
1234510791
1235010789
1236532856
1238668195
1240274254
1240355878
1252538962
1252535981
1252531623
1384284730
1241322182
1252264390
1241352399
1241373371
1252256524
1242908445
1244271343
1251019558
1262625708
1244376321
1250875580
1250984533
1250868573
1246819767
1246872636
1246930348
1248184350
1248197861
1248360612
1248526135
1249138254
1249605498
1250841394
1250855373
1251002797
1252602104
1252603925
1252605111
1252605974
1252607980
1252609733
1252608719
1252609169
1252610216
1256277996
1259073336
1257627883
1257639452
1259599382
1259647822
1259658661
1259678390
1259944136
1260477357
1265523015
1261949012
1262186868
1262190821
1262237434
1262226667
1262246555
1265521260
1263316301
1263488394
1263653062
1263723413
1263784323
1263796154
1265223337
1266482076
1266563946
1266973392
1266979133
1267003137
1267525544
1268235193
1268632823
1268646703
1269325013
1270321767
1271151926
1271159790
1271169951
1271187611
1271198900
1271228748
1271298124
1273712290
1290965739
1274929960
1292704899
1275005126
1275016729
1275016615
1275018286
1275019281
1275020068
1275020711
1275021422
1275022632
1275354981
1290963222
1275912708
1275914045
1279877428
1279906768
1281149899
1281228376
1281234604
1281236815
1281237141
1281260070
1281293802
1281299919
1281302655
1281313491
1281322346
1281328395
1281395973
1281494563
1281934519
1282162990
1282214743
1282240015
1282253223
1282261810
1282300590
1282343953
1282356343
1282362341
1282371019
1282429407
1282567415
1282575858
1282595717
1282601613
1282615285
1282806460
1286639411
1282880158
1283432254
1283456206
1283459321
1283499129
1283811111
1284256328
1284306491
1284320840
1284355196
1285400871
1285432777
1285436485
1285658630
1285673349
1285712923
1285727243
1285887484
1286213846
1286219736
1286450148
1286476831
1288057157
1288094150
1288248900
1288729113
1288870181
1289005356
1289076432
1289076062
1289093795
1289094207
1289094216
1290966280
1290966365
1291046037
1292195204
1292217882
1292279212
1292283300
1292289920
1292331082
1292348379
1292359486
1292367246
1292386808
1292397825
1292410506
1292689166
1292693272
1292695011
1292696637
1292699039
1292700548
1292701540
1292702250
1292704890
1292706943
1292708102
1292709486
1292710556
1292843780
1293016147
1293527240
1293534455
1293551240
1293558782
1293570969
1293595332
1293606760
1293628812
1293648076
1293662154
1293679592
1293693128
1293698069
1293702328
1293737281
1293738211
1293744069
1293763648
1293777821
1293788104
1293794381
1293805652
1295736316
1296312065
1296770385
1296771012
1296774039
1296775378
1296829158
1296938286
1297462752
1298140402
1298207341
1298246188
1298382885
1298544607
1298561116
1298568625
1298580261
1298611713
1298765523
1298851917
1298939083
1298999635
1299038444
1299605047
1299611602
1299616092
1299625583
1299647983
1299775339
1299906127
1300013354
1300098730
1300185093
1300314451
1300347186
1300377289
1300429957
1300500737
1300505130
1300529451
1300571443
1300693056
1300711512
1300717012
1300729896
1301628167
1301652807
1301657930
1301663984
1301687994
1301770973
1301784590
1301945844
1302269598
1302579176
1302587785
1302601915
1302649681
1302838432
1303914242
1300429957
1300500737
1300505130
1300529451
1300571443
1300693056
1300711512
1300717012
1300729896
1301628167
1301652807
1301657930
1301663984
1301687994
1301770973
1301784590
1301945844
1302269598
1302579176
1302587785
1302601915
1302649681
1302838432
1303914242
1303995685
1304011860
1304027643
1304219696
1304239006
1304406231
1304469340
1304703981
1305815313
1305864530
1307510026
1307510522
1307864153
1308549842
1308559031
1309413412
1309445122
1310045899
1310291547
1311316582
1311322024
1311333525
1311382555
1311389127
1311402246
1311415736
1312796127
1312804947
1312891820
1312977306
1313071620
1313164234
1313232208
1313465371
1313508070
1313531772
1317112794
1315451454
1315452333
1316140741
1316144199
1316150398
1316159103
1316165704
1316169344
1316174052
1316179970
1316189795
1316194274
1316198980
1316265920
1316627955
1316656336
1317410515
1317620670
1318698012
1318856364
1318880476
1318925751
1319074504
1319282577
1319283038
1319872555
1320084580
1320232790
1320922965
1320978778
1320987794
1321104347
1321108378
1321145487
1321155651
1321169531
1321232229
1321236826
1321242844
1321365335
1321304879
1321350595
1321433545
1321539762
1321548439
1321918015
1322324343
1322400648
1322905943
1323057501
1323098031
1323119084
1323206766
1323882178
1323263561
1323874396
1323239407
1323868477
1323218060
1323226923
1323783737
1323860461
1323858629
1323848306
1323934905
1323948210
1324405269
1324495197
1324501843
1324521365
1324539121
1324553506
1324666556
1324683857
1324702758
1324809467
1324809741
1324831266
1324866661
1324873570
1325098130
1325170220
1325178193
1325185850
1325512273
1325532267
1325574308
1325577778
1325591852
1325610711
1325638387
1325665142
1325727768
1325802888
1325886165
1325930650
1325937489
1326055853
1326059139
1326059387
1326062969
1326902575
1327092574
1327114378
1327123266
1327138379
1327141126
1327151242
1327222916
1327278306
1327308599
1327310721
1327331933
1327345376
1327360902
1327398381
1327446442
1327456583
1327465265
1325727768
1325802888
1325886165
1325930650
1325937489
1326055853
1326059139
1326059387
1326062969
1326902575
1327092574
1327114378
1327123266
1327138379
1327141126
1327151242
1327222916
1327278306
1327308599
1327310721
1327331933
1327345376
1327360902
1327398381
1327446442
1327456583
1327465265
1327465313
1327492334
1327495216
1327526355
1327531446
1327536572
1327542085
1327568366
1327937628
1327951600
1327965037
1328013201
1328015347
1328058972
1328073412
1328099143
1328266342
1328290701
1328315346
1328341449
1328349475
1328375599
1328420792
1328441939
1328486442
1328607752
1329080793
1329087390
1329256938
1329257159
1329349426
1329370347
1329374174
1331612211
1331638330
1331645310
1332374959
1332363779
1332430922
1333376082
1333085861
1333203168
1332587097
1332592293
1332949548
1332960330
1332960408
1332971814
1333308047
1333570674
1333615708
1333641595
1333760840
1333829970
1334335080
1334297381
1334350936
1334508929
1334529233
1334539420
1334624986
1334737417
1334803064
1334800419
1334796565
1334854755
1334979482
1335007568
1335031130
1335396358
1335408421
1335935997
1335980229
1336015353
1336025336
1336270777
1336306275
1336334605
1336750932
1336758043
1336763466
1336779365
1336854655
1336881541
1336941053
1336949067
1336967277
1336977352
1457889588
1337071639
1337099500
1337113971
1337332202
1337346216
1337381489
1337415999
1337429178
1337497862
1337709087
1338013996
1338082600
1338118117
1346500492
1338135565
1338150323
1338195845
1338233550
1338288528
1338354576
1338372935
1338437527
1338511884
1338737953
1338783577
1338921501
1339147475
1339176871
1339277301
1339295697
1339829565
1339844929
1339862763
1339883223
1339942088
1339983559
1340260263
1340270906
1340285238
1340318753
1340330230
1340605684
1340677820
1340721747
1340805203
1340837010
1340856052
1340950317
1340975914
1341015521
1341030656
1341046234
1341066271
1341068311
1341083490
1341097789
1341112858
1341127031
1341160063
1341248285
1341293882
1341336516
1341346156
1341405063
1341451505
1341600540
1341741393
1341804077
1341823255
1341829365
1341908055
1342715716
1342908687
1342916374
1342924473
1342962937
1342977670
1343003486
1343017375
1343027067
1343108051
1343201986
1343311043
1343354564
1343425509
1343605373
1343640202
1343979305
1344003367
1344022210
1344721395
1344724302
1344731466
1344785705
1345040345
1345259894
1345316180
1345576901
1345642714
1345722568
1345913585
1346017140
1346080551
1346098685
1346212124
1346264893
1347168061
1347197198
1373389764
1372979680
1347278170
1347361133
1347363918
1347368666
1347378784
1347390445
1347519695
1347549685
1347626306
1348147397
1348147992
1348148546
1348281342
1348288620
1348332966
1348712102
1349093556
1349128221
1349128621
1349129602
1349129703
1349130010
1349249814
1349250572
1349267423
1349291869
1349292646
1349784826
1349953597
1349971574
1349984976
1350057150
1350067241
1350089742
1350104765
1350123474
1350124364
1350219632
1350217418
1350303032
1350321529
1350343107
1350352912
1350365245
1350374495
1350545178
1350809956
1351229421
1351236320
1351272897
1351279710
1351289918
1351530826
1351578088
1351592885
1351601874
1352003347
1352168927
1352558643
1352581529
1352622280
1353659848
1354041582
1366010428
1354520056
1354713557
1354718896
1354814061
1354883959
1355116143
1355280025
1356376659
1356459435
1444397026
1356501985
1444390552
1356580016
1356599382
1356889960
1357493634
1357503885
1357671935
1357911260
1358088379
1358167142
1358345684
1358499420
1358666501
1358713215
1359098235
1359142020
1365949972
1365942902
1365934635
1364149799
1364114432
1364110338
1364101247
1364082609
1364075943
1362393090
1362320023
1362273128
1362263772
1359462766
1359653378
1360080651
1360163919
1360171482
1360393337
1361641732
1361650052
1361672472
1361719528
1362177166
1362257230
1362304893
1362331501
1362361316
1362371504
1362593736
1363647025
1366496482
1377533694
1365584360
1365964854
1366329746
1366226363
1366477453
1366512205
1366621208
1366939373
1367726018
1367485023
1367486628
1367489434
1367494694
1367496181
1367523891
1367905310
1368299846
1368414532
1368889331
1369549762
1369558116
1369739504
1369882665
1369903764
1370720304
1371195998
1372228969
1376624352
1373209757
1373573275
1373592561
1373786933
1373816386
1375284543
1374528829
1375314538
1374545874
1374219186
1374707343
1374906865
1374917103
1375513526
1375590171
1376479184
1376483725
1376486263
1376488249
1376680343
1376701094
1376796971
1376828010
1377918785
1378217422
1378392867
1378446371
1378451682
1378456433
1378458873
1378463313
1378471315
1378551875
1378796196
1378870051
1379156215
1379202629
1379209239
1379220691
1379221620
1379254846
1379274999
1379393407
1379770518
1380696326
1381031541
1381045154
1381557296
1381721597
1462514715
1381802788
1381870076
1381945881
1381951430
1382068880
1382244585
1382573037
1384837111
1384840076
1384810696
1388567909
1384537462
1384919519
1384887101
1385918075
1385947995
1386126210
1450121989
1388719585
1388792511
1457095975
1388817801
1388854892
1388872144
1389018521
1389019287
1389021172
1389021980
1389049679
1389694017
1389953342
1390086701
1390182534
1390460004
1390484658
1390568870
1390585521
1390617623
1391301037
1391317819
1407210770
1396610507
1395319667
1396978224
1396862343
1396931519
1397171497
1397039427
1396961841
1395985320
1395976021
1394654269
1394575337
1394075255
1395920898
1393845283
1392599997
1392581965
1392474401
1392436945
1393403985
1393682650
1393682981
1393683039
1454591721
1454604115
1454596336
1454597391
1454589225
1440427565
1454588069
1440412355
1394417250
1393925703
1393957541
1394015789
1394400833
1394868562
1395233878
1395283598
1395964237
1396190978
1396721210
1396769329
1396983898
1397006410
1397037760
1397095857
1397123834
1397300152
1397303997
1397370747
1397374842
1397392982
1397409924
1397448461
1397452243
1397454945
1397922919
1398075021
1398131639
1398193995
1398236240
1398244131
1398254853
1398320935
1398324695
1398326407
1398334135
1398341496
1398346526
1398375447
1397922919
1398075021
1398131639
1398193995
1398236240
1398244131
1398254853
1398320935
1398324695
1398326407
1398334135
1398341496
1398346526
1398375447
1398376106
1398394429
1398396413
1398398286
1398398770
1398402332
1398401622
1398404335
1398406737
1398803345
1398837695
1398855474
1399070497
1399117575
1399364932
1399448527
1399459696
1399463112
1399467821
1399472648
1399475492
1399538196
1399572498
1399583199
1399624483
1400278535
1400373200
1400512925
1400565218
1400577095
1400601157
1400632564
1400675147
1400699858
1400896329
1409653712
1401084243
1401111880
1401192534
1401634972
1401777289
1401958115
1455212146
1403345029
1404527999
1405036047
1401084243
1401111880
1401192534
1401634972
1401777289
1401958115
1455212146
1403345029
1404527999
1405036047
1405037003
1405037482
1405039357
1405040932
1405109056
1405500566
1405368622
1405846806
1405889744
1405890656
1407044717
1407475243
1407881991
1407897278
1409433052
1408008752
1408305084
1408310261
1408310945
1408356584
1408359213
1408360775
1408361180
1408362456
1408366037
1408363981
1408364809
1408366253
1408455222
1408457962
1408458705
1408459678
1408459875
1408459985
1408868305
1408868984
1408870459
1410450992
1409430891
1409458994
1409497527
1410450753
1410460963
1410475141
1417983316
1411654835
1411945157
1411966909
1411975956
1411980635
1417002082
1417014035
1417143543
1417151972
1457569268
1417340288
1417517343
1417541089
1417547411
1417558025
1417560306
1417569527
1417661332
1417664599
1417664617
1417778643
1417821828
1417827023
1417876748
1417983316
1419355402
1419380365
1419399037
1419420541
1420820469
1420845447
1420845577
1420857314
1420858214
1420858319
1420858870
1420859546
1420859743
1420932756
1421051213
1421097958
1421121997
1421146652
1421173972
1421180603
1421192301
1421203924
1421363053
1421308021
1421354467
1421360300
1421402685
1421741174
1421752398
1421921392
1422045794
1422241055
1422356053
1422425440
1422506304
1422540302
1422556336
1422585490
1422595638
1422654704
1420932756
1421051213
1421097958
1421121997
1421146652
1421173972
1421180603
1421192301
1421203924
1421363053
1421308021
1421354467
1421360300
1421402685
1421741174
1421752398
1421921392
1422045794
1422241055
1422356053
1422425440
1422506304
1422540302
1422556336
1422585490
1422595638
1422654704
1422780523
1432707080
1422801612
1422835742
1424256257
1424312064
1424322034
1424323016
1424330378
1424334916
1424336367
1424762552
1425261366
1425618961
1426111058
1426154100
1426169743
1426190253
1426197142
1426201775
1426210290
1426235934
1426243321
1426517006
1426580156
1427174858
1427460974
1427711116
1428664995
1428674825
1428693042
1428706966
1431726639
1428925058
1432697023
1429395904
1429408355
1430278188
1430493726
1431239907
1432116385
1434663182
1434577440
1434652156
1434643397
1434669439
1434653538
1434653385
1434623189
1433898559
1434659376
1434532413
1434603164
1434652266
1434648059
1434652237
1433175726
1434646007
1433876029
1434647070
1434644709
1433132272
1433223550
1433161181
1432976072
1432927579
1433886287
1432859183
1432918453
1432965494
1434633521
1434648606
1432945032
1432719031
1433226755
1434633545
1434626899
1433025408
1434623682
1434634095
1432726952
1432173009
1432184133
1432219737
1432246976
1432282181
1432296770
1432880124
1432900390
1432912825
1432927015
1432984674
1433044444
1434614132
1434648014
1434714705
1434774569
1434796557
1434829922
1434867966
1434960961
1434971054
1435005711
1435014466
1435218480
1435224264
1435227456
1435228374
1435236204
1435244706
1435246208
1435248183
1435258680
1435270897
1435277003
1435283813
1435313144
1435438615
1435448928
1435469420
1435489326
1435518488
1435580517
1435637968
1435650711
1435672931
1436936156
1436947198
1436962895
1436989245
1437026748
1437068938
1437225418
1437246515
1437254893
1437259785
1437340621
1437398458
1437860245
1440510100
1438567965
1439202718
1438970358
1439551421
1440399540
1440915051
1440960144
1441939455
1441996621
1442317621
1442318500
1442319470
1442320757
1437068938
1437225418
1437246515
1437254893
1437259785
1437340621
1437398458
1437860245
1440510100
1438567965
1439202718
1438970358
1439551421
1440399540
1440915051
1440960144
1441939455
1441996621
1442317621
1442318500
1442319470
1442320757
1442320945
1442321534
1442321785
1442322150
1442992433
1442992434
1443099968
1443159484
1443384398
1443861374
1444274259
1444299986
1444326897
1444361464
1444380289
1444514042
1444514509
1444515763
1444842067
1444918611
1444926592
1444929520
1444904499
1444912344
1444944244
1445853965
1445854454
1446216550
1446230042
1446466801
1447435341
1447471498
1447471672
1447562679
1455525672
1455518540
1455482626
1450342198
1455219348
1455233176
1455522432
1457127656
1457139736
1457150021
1465864886
1457720075
1458929653
1459681465
1459696170
1460295090
1460302500
1460668670
1460686674
1460704144
1460752129
1460753807
1460776872
1460790848
1460818799
1460838458
1460851188
1460858429
1460969175
1460974026
1460978469
1460979621
1460982269
1461316170
1461589187
1461635511
1462068934
1462070480
1462662630
1462660625
1462661845
1462662534
1463054792
1463059330
1463055425
1463055513
1463056522
1463056528
1463058114
1463058125
1463058415
1463058451
1463058504
1463058615
1463058771
1463066736
1463060689
1463061113
1463061235
1463061294
1463061374
1463061659
1463061685
1463061802
1463058125
1463058415
1463058451
1463058504
1463058615
1463058771
1463066736
1463060689
1463061113
1463061235
1463061294
1463061374
1463061659
1463061685
1463061802
1463062174
1463062404
1463062644
1463067833
1463063025
1463063353
1463063402
1463063994
1463068440
1463064746
1463064886
1463065156
1463065193
1463065377
1463065423
1463065521
1463067178
1463067281
1463067320
1463067793
1463068102
1463068888
1463069155
1463069222
1463070361
1463070527
1463071223
1463071374
1463072005
1463072353
1463073137
1463073263
1463073883
1463073979
1463075485
1463075601
1463075699
1463075739
1463075826
1463079235
1463076224
1463076457
1463077686
1463077718
1463077803
1463078107
1463078667
1463078947
1463079119
1463079314
1463084835
1463079440
1463079524
1463079918
1463080298
1463080898
1463084034
1463081151
1463081213
1463081786
1463081858
1463082469
1463083021
1463087938
1463083318
1463084092
1463084165
1463084195
1463084266
1463084483
1463296615
1463085031
1463085037
1463085239
1463085304
1463085462
1463085505
1463085875
1463085956
1463090033
1463086704
1463088260
1463088575
1463089075
1463089347
1463090121
1463154719
1463773269
1464304464
1464342716
1464352461
1464509250
1465236699
1466266734
1466270888
1466286093
1466288713
1466756686
1467304028
1468404002
1469802636
1469808880
1469819703
1469877957
1469889834
1492343193
1474120479
1474122007
1474126232
1474131366
1474137385
1474141703
1474159307
1475391196
1475421866
1478370971
1478387223
1475555072
1476108897
1476390846
1478102997
1476749520
1476769261
1477063468
1477067643
1477080388
1477099153
1477115359
1477118772
1477124908
1477134984
1478363629
1477491955
1477499562
1477520107
1477525062
1477547997
1477574305
1477575802
1477579222
1477583726
1477583893
1477589922
1477594496
1477598755
1477602755
1477613432
1477630726
1477829040
1477857950
1477873173
1477913581
1477944368
1477955609
1477941649
1478135117
1478327073
1478685183
1478696685
1478717048
1478958693
1478977733
1478994357
1479002147
1479370353
1479479531
1479626246
1479651994
1479684295
1479703628
1479741599
1479774725
1480263521
1480389151
1480426486
1480502646
1480555189
1480832386
1480844538
1480867450
1481232502
1481297628
1481302388
1481310260
1481318280
1481356301
1481357958
1481364031
1481451430
1481523489
1481585170
1481611524
1481634727
1482285656
1482933072
1482942238
1482951401
1482961211
1483327414
1483369470
1483391229
1483495324
1483552613
1483572714
1483579658
1483605250
1483646847
1483648251
1483670673
1483687495
1484186161
1484220066
1484229936
1484294872
1484350202
1484359192
1484734270
1484875307
1485120677
1485125995
1485146561
1485161734
1485212176
1485324273
1485614984
1485630642
1485681410
1486196597
1486681581
1486780833
1487876031
1487903250
1487975402
1488200733
1488506356
1488508339
1491345694
1489358234
1489445895
1489636183
1489772990
1491060125
1492832328
1491509687
1491919749
1492473319
1492985420
1492986447
1493954935
1494184712
1494216328
1494220197
1494237592
1494252648
1494314509
1494364000
1494449681
1495637962
1495764717
1495805713
1495825308
1495840735
1495954596
1497214836
1497664883
1497751527
1497878132
1498064692
1498074422
1498101413
1498319990
1498759725
1498767629
1498765184
1499436128
1499444805
1499447670
1499458863
1499462845
1499465906
1499468898
1499471492
1499473728
1499784759
1499853311
1499977654
1500000056
1500039139
1500120062
1500164894
1500174818
1501082024
1501530655
1501566541
1501574723
1504771249
1505009016
1505121553
1505174878
1505187968
1505701971
1505781690
1505789511
1505868201
1506004944
1506072878
1509814175
1506261847
1507284573
1507324209
1510121862
1510155299
1510203787
1510546019
1510568992
1510600060
1511071815
1511115697
1511160883
1511188023
1511196701
1512305600
1512352905
1512376058
1512388695
1512410566
1512433659
1512484955
1512508171
1512528101
1512552923
1512589885
1512921014
1513465980
1513653014
1513683694
1513701535
1513941513
1515432980
1516714017
1518545828
1518563415
1518578145
1518940087
1518956816
1528558592
1533772614
1534737799
1534739570
1534739583
1534742934
1539703583
1542853924
1543020151
1544144208
1548224119
1259557238
1271183018
1357018526
1007246497
1316679674
1412073190
1431599877
1337857942
1033935239
1074345350
1231432137
1262263796
1263668689
1421428474
1372579905
1036796311
1411643839
1338130097
1416384528
1340991191
1460730713
1049839044
1231447166
1337169977
1420849051
1212653940
1368324450
1397082926
1473255372
1032904513
1207727008
1013766120
1091176212
1250981852
1316154748
1327528909
1328351551
1330469448
1337327596
1339834686
1405039347
1438770116
1381690033
1003900747
1006811196
1010748082
1035537983
1006795240
1051972040
1420849051
1212653940
1368324450
1397082926
1473255372
1032904513
1207727008
1013766120
1091176212
1250981852
1316154748
1327528909
1328351551
1330469448
1337327596
1339834686
1405039347
1438770116
1381690033
1003900747
1006811196
1010748082
1035537983
1006795228
1051972040
1064108138
1037679689
1008185260
1207687753
1032759056
1035193730
1054328780
1217542843
1053187512
1053107517
1043204103
1055705841
1080847591
1035293047
1035498718
1037957279
1043184232
1044754385
1047723272
1048842153
1051212083
1052833435
1057040911
1013440543
1026761970
1055739479
1056471349
1056504022
1026782431
1037955741
1037972864
1053119943
1053146990
1056464223
1056467584
1384608547
1372174161
1076424176
1226607038
1397658032
1415955231
1397667283
1415990009
1372187302
1388966662
1415969350
1397623747
1397635587
1237867363
1390115489
1055980535
1234442251
1035610970
1241533890
1397627014
1384025291
1226574740
1068252505
1415964412
1384043444
1415386166
1415985741
1410431090
1419472359
1415979921
1397617084
