1268601409
1463782082
1374771866
1377119453
1328109680
1535617042
1373615096
1105764986
1513660279
1124897887
1409515831
1444357978
1471335876
1024252330
1480232947
1409423384
1418214397
1369849939
1539971178
1310023442
1411121557
1321410498
1530399306
1231313655
1473302406
1091461642
1481218117
1233727225
1383906708
1084576828
1263812708
1305398460
1358477211
1313579674
1504063555
1459529659
1205833726
1520285973
1521394387
1471671658
1471667076
1471656421
1481550449
1455991950
1330771910
1455986323
1304468977
1084571904
1084580375
1084583220
1221868574
1173380865
1236701889
1392173450
1124494106
1175572327
1192617787
1496248236
1493170454
1247401686
1032814092
1044038514
1176569808
1153823292
1302740614
1428742149
1042837999
1347401725
1248384707
1328733644
1519987251
1156913616
1335826626
1498074813
1068740400
1328985338
1187105141
1028381609
1204169634
1266284673
1381575758
1451810863
1044775697
1187175750
1087016834
1226209059
1216328479
1416288242
1262645244
1105241349
1217491990
1032836688
1210638504
1264627850
1372358988
1504498882
1267753387
1091470933
1044767086
1118730531
1264662459
1438646013
1142089203
1330227104
1522978624
1124784167
1227344739
1507069439
1219036634
1187137463
1004790677
1229053518
1268771098
1455512595
1025833149
1232861623
1286909760
1310069710
1510079518
1519851006
1141865222
1218275278
1325199263
1457222199
1135783483
1359816493
1371034338
1141824866
1202363793
1271929350
1310039807
1519824106
1519868268
1533879261
1226740477
1268613747
1370887695
1363691253
1519245777
1096524990
1107726148
1110584595
1263351109
1501396993
1056919960
1141804823
1097715338
1103705038
1113195640
1226879111
1316975991
1370970971
1363651744
1523638708
1141860987
1142255663
1226721356
1230791879
1231372679
1232862584
1238973557
1268611548
1313273322
1359178489
1360627314
1372967242
1410973079
1411741121
1441264265
1494997784
1527734908
1141777068
1141772730
1065085198
1083169525
1142952027
1161437853
1175650973
1205313834
1214840836
1379250626
1229429850
1232481503
1310734115
1328575174
1366180538
1377041264
1411603605
1413255469
1471655271
1479328543
1501827285
1519367552
1535674168
1125786127
1192462651
1226183028
1263364653
1312556343
1343271863
1475340790
1520553379
1545151756
1141858533
1090264021
1213256384
1253832332
1381568020
1406783712
1457233656
1494498044
1519899780
1523494440
1032662754
1043926490
1076284075
1080864379
1091573430
1129403514
1186012769
1225641687
1249599365
1261452068
1335764920
1335928803
1365273696
1361064125
1400018190
1439611539
1446823694
1457920913
1458216154
1474348687
1519356288
1530327198
1174541641
1268944815
1312096378
1312692235
1370778977
1363675641
1343280727
1373019461
1532376217
1544574176
1033011446
1141769134
1141846485
1141851478
1141836814
1041372998
1091474063
1100956790
1107728685
1111084946
1124816191
1135743657
1141802132
1141818670
1202410680
1205841854
1210647580
1221965463
1226171551
1229002624
1229094785
1231697343
1233018965
1379250432
1235804702
1247417291
1249569929
1268602525
1268905792
1301783560
1308046631
1310081873
1314504698
1315965357
1316919634
1371197052
1343296648
1348993441
1375042828
1388549246
1466049568
1519408289
1523579932
1541061691
1544271973
1186416797
1221981106
1229365730
1316932593
1374790884
1473293262
1519322796
1523825915
1205313850
1224868616
1503892502
1205307407
1225026633
1310767967
1377407373
1430409666
1479345064
1015702882
1032659044
1141822767
1141829375
1141855358
1073256650
1076289828
1076292241
1076293744
1105003914
1109104834
1181975487
1141732472
1112749998
1125781486
1166530979
1198927644
1205849218
1205313883
1225071944
1229175529
1248588311
1248594033
1248600735
1285776244
1286922836
1484439141
1316906774
1343313390
1378943557
1388461219
1399035291
1399058357
1413502421
1430979102
1435980860
1442061079
1445239901
1455781875
1446799946
1457398547
1459333756
1459934819
1466070335
1466047391
1466044395
1492449663
1492480379
1492522532
1493036785
1494998821
1495000485
1495001295
1495003554
1497924732
1498490239
1501383040
1503616761
1503663151
1503686780
1503722167
1503782223
1507327283
1511160336
1511488620
1511542616
1511549662
1519811484
1520324750
1520594465
1520619191
1523501098
1523543200
1523543448
1523562296
1523598937
1523599721
1523666302
1532473651
1535169610
1535609744
1539446341
1541364562
1542394189
1550451280
1550660425
1553299645
1021176059
1032837404
1552135318
