1202254116
1023424667
1324348715
1458675120
1026612121
1475370272
1400762427
1132048436
1084570113
1475374609
1054954445
1332171228
1486909082
1072777528
1262250615
1531765589
1072476775
1419423090
1401361503
1036405636
1476236271
1475512641
1253885238
1165967788
1112998219
1522612048
1021649301
1120564377
1458118190
1122989108
1021949587
913617
1304544796
1427450740
1476218816
1174890257
1478405303
1266946054
1331843101
1428620666
1164910657
1061927166
1023466727
1075139636
1075137728
1160541210
1061097193
1100553617
1101832
1207177533
1470669392
1438122655
1457423332
1370806286
1137958579
1434956890
1338815663
1393058011
1106421163
1486429726
1485379490
1486429630
1291646550
1124497390
1419291687
1166082124
1460973548
1476372691
1307919525
1076160222
1508904027
1094613531
1076151604
1376866866
1303878353
1431597889
1211743444
1450345814
1250734916
1380961159
1004459221
1399273857
1368994662
1167083965
1059683199
1134392150
1094707340
1053119053
1075098075
1468003759
1092251420
1118538786
1394690455
1446216516
1425336721
1351796858
1179387784
1335865904
1230151423
1123704684
1114062290
1321763450
1211712995
1079105386
1160589057
1490082943
1152582384
1130599402
1100416105
1257654469
1414848643
1476006588
1017545553
1420299830
1263863327
1359075007
1439477807
1307750458
1423657395
1385790214
1351143414
1161326108
1338393570
1004535430
1072471800
1060210814
1143266716
1216348950
1327972524
1210437211
1210700347
1300415017
1072828051
1072829164
1509315165
1307577651
1038454390
1381708926
1218980059
1458094121
1305358697
1363503360
1170349201
1017413057
1149957312
1370727737
1477523487
1072780707
1483922223
1097928733
1130605466
1384215236
1208518043
1206733975
1059961186
1449390447
1075095273
1475933372
1127005108
1421324228
1300357808
1322857192
1508326463
1469026231
1484853871
1506879473
1244375721
1385310874
1370909758
1424350448
1175445756
1257522664
1178299663
1075086855
1307619051
1220824443
1022619596
1072843374
1069649973
1298646739
1222983892
1227672187
1046152359
1123356191
1467437477
1269419244
1218314861
1016877400
1376266968
1371304129
1018028710
1206967528
1176708894
1017734864
1311963330
1460291629
1004533745
1244227827
1502334705
1360727476
1178419023
1331523661
1481590186
1014438263
1527310500
1158828758
1033441909
1045657086
1072464974
1166917344
1498534558
1488163492
1276567823
1500197216
1134388301
1317996013
1022352810
1244347090
1165771607
1023408858
1490537811
1496758725
1464253359
1504743315
1373212363
1504739084
1254450731
1068341498
1367818999
1376829754
1207227671
1383801085
1189487431
1266641869
1072826146
1222699958
1271880684
1089861412
1088725813
1104271525
1397705645
1012507653
1430614049
1072827069
1024970636
1376280035
1490750109
1314873708
1024810004
1044019100
1379466418
1162176395
1164894421
1523684298
1440253172
1476172143
1191686632
1522313280
1207068439
1427218534
1369404496
1034864676
1376187694
1018440637
1067584069
1324702729
1425082206
1470915946
1054804724
1195593970
1214284615
1463063815
1019806192
1104290517
1211413408
1215708549
1304514332
1012565932
1089971777
1045153478
1191468041
1198644888
1215701075
1382437938
1442867051
1545274935
1134398893
1179161645
1180915006
1017414071
1030545049
1214164199
1076094153
1162583848
1383684582
1017122364
1019045409
1034756030
1072472820
1114172643
1286220881
1442833574
1509323242
1425055443
1316297273
1180125745
1190262698
1235715309
1322901469
1016470557
1019235684
1101054830
1162734623
1277128769
1347011829
1372013924
1394841997
1432942712
1470740495
1031368858
1089840901
1317709989
1076105815
1087395230
1120470201
1176614114
1227931928
1179130944
1258052908
1321974806
1432908649
1448695578
1022635632
1023731223
1075095646
1075101884
1089921571
1263908669
1285526947
1345663736
1376227082
1521663532
1025275986
1097111831
1145206261
1178289219
1191488549
1132186167
1075086958
1185562157
1234276223
1302568246
1304330122
1367899472
1371777439
1447692426
1503864063
1004465090
1146769010
1017690148
1164758961
1119081201
1157875845
1179251038
1225280072
1304255559
1327479804
1460991476
1015834903
1018159170
1034860716
1024800562
1026179874
1091357085
1102203399
1286443270
1300449093
1332479440
1504250858
1145835345
1406633803
1054804835
1069650615
1348163772
1159863843
1170353964
1214404126
1224928248
1358713196
1204334216
1017415487
1019145705
1424779463
1020835036
1033726993
1075102143
1206757733
1157003563
1312054567
1145902012
1091768918
1100326546
1136184984
1427393882
1266626996
1176964689
1236730751
1356687476
1345727312
1017760214
1023728530
1063382707
1134033227
1267340685
1512911896
1046337760
1404979128
1083474109
1100626298
1109049223
1133860332
1181372828
1213290608
1347080365
1020787853
1022781442
1206733976
1470956108
1474960253
1486978595
1034433398
1222739298
1536743116
1456386992
1204381297
1190464062
1400684867
1054807572
1168339340
1179898615
1179927727
1185747327
1192326330
1194225780
1322141204
1424758587
1492994665
1030484621
1065951867
1065225962
1152476190
1365996277
1427362983
1469931476
1316821979
1366462569
1369428643
1427227720
1512692793
1154534244
1162616716
1544605871
1487712071
1385110932
1303914776
1316834889
1427570764
1501259742
1522125806
1540114813
1026614039
1385099820
1137878822
1162162902
1365968283
1519852865
1031990955
1304089900
1162669791
1221627543
1222802745
1341437749
1359042336
1437663061
1470685453
1545610836
1111444148
1162632187
1264976278
1438903444
1487090617
1522502023
1067621483
1054806037
1100332461
1152567336
1194196843
1341607103
1365982525
1438074573
