1363538300
1226773841
1337085230
1057707153
1219163328
1474965959
1237602903
1065577976
1401500735
1224937895
1409183740
1409213093
1381259402
1381897436
1031417136
1241494983
1005737130
1030463416
1248245374
1217972778
1448096339
1447590735
1381268596
1390009775
1518002252
1422177254
1492343381
1447690705
1518001419
1482194325
1473131253
1475023717
1484493116
1338029407
1475348930
1361330694
1474670378
1475564990
1475542484
1475555230
1006976481
1246067676
1463070125
1462522595
1087501240
1381536103
1398191090
1459644829
1012771439
1185207247
1469729856
1539289076
1444673834
1462406135
1446242683
1479542646
1237647148
1338065083
1030461048
1409304494
1451786985
1005547123
1524078227
1509909703
1539866147
1106508142
1232861964
1381780301
1522278051
1216915871
1232862531
1369547360
1296349332
1546545524
1235084872
1111331619
1226260074
1469533349
1482901939
1523114471
1522354675
1541427965
1037578582
1237655107
1456378989
1381885006
1529237693
1034196658
1511770568
1479666756
1116753245
1226882169
1237637668
1273760269
1426103530
1226881669
1237632846
1378349093
1230882776
1208450857
1241546120
1280671973
1388977016
1389646416
1431936246
1469437929
1469880673
1505134434
1510736421
1542032095
1462182741
1445745178
1469816392
1482958384
1488284897
1517759851
1138892113
1229291365
1237566941
1339996070
1352094130
1469879591
1082987861
1337697182
1462499311
1226717741
1419446844
1031393914
1037577245
1226882104
1378142776
1381858105
1411300395
1462846721
1414712075
1457704765
1469541815
1185523153
1202700107
1232862734
1237618034
1271369673
1296787266
1389475285
1363423297
1389015224
1456398065
1469725627
1514641159
1529300714
1537476989
1541442442
1226428767
1226882194
1469731579
1519269190
1519938270
1031596916
1037578013
1130103775
1219148719
1226454524
1232861972
1232862640
1485323839
1462172354
1280686639
1336110243
1381669389
1469872118
1364684335
1444116809
1218867144
1376375160
1381448758
1469884974
1157985392
1226882567
1462287363
1237595003
1462207466
1295317869
1314983246
1336221969
1363561145
1367951654
1381344325
1384303025
1389730715
1462000947
1409671300
1419539577
1433724443
1469540446
1469815908
1469818669
1469881961
1469893459
1509496123
1542024626
1545580796
1096252216
1139620309
1226466639
1226674172
1234316985
1237587229
1237651439
1462881424
1522398540
1363495314
1522427854
1375192973
1381828089
1386208733
1388353399
1389085256
1390000305
1414847434
1432068047
1462153342
1469730536
1469800542
1469819110
1469819111
1469878105
1469878212
1469879881
1469879882
1469881494
1469882728
1469886061
1469886256
1469886263
1469886285
1469890415
1469890914
1469893460
1469893810
1469896231
1469897129
1478974682
1481428539
1499501055
1509487936
1546334680
1548584403
1162421619
1462224015
