1456437431
1335595180
1474093448
1458300643
1277320346
1406913328
1475364031
1236495511
1467256219
1278584821
1499905896
1428960661
1501793577
1517740110
1422166490
1493900607
1507314376
1482828788
1379829095
1474541030
1158974619
1193413802
1266403562
1512497146
1482354863
1505865406
1076602981
1417133535
1471455720
1182669056
1269873930
1311303192
1336323751
1238739932
1032229035
1431985060
1475451515
1480585444
1509828113
1432667934
1480071201
1483709477
1036193291
1519729871
1385825457
1523985640
1466762667
1126069789
1031913278
1214303158
1235332707
1512299297
1536096781
1491480714
1484133804
1495004724
1528670481
1523934402
1472918900
1474384619
1385148187
1518637592
1478072963
1489786995
1466762667
1274242833
1244724954
1472918900
1536096781
1528670481
1474384619
1252832227
1260452708
1503045590
1277320346
1482640152
1442237418
1478334447
1483474366
1119999169
1478145757
1473536118
1296274537
1459321982
1305914611
1509819758
1236308621
1006430141
1255492170
1230509400
1267928092
1114159766
1535881135
1509825837
1529789130
1463095418
1503692521
1533688504
1504568388
1239062382
1473923342
1035767659
1331209214
1425692137
1361757778
1475119227
1015837962
1525122189
1544979853
1327605300
1443543514
1511406172
1473322098
1462263057
1544426105
1509811553
1212253282
1467215075
1406913328
1527798518
1436285687
1475657740
1479816887
1474348592
1540047554
1501955151
1088209733
1467200730
1475554531
1476462753
1541000778
1510527728
1084863175
1231032058
1473432770
1543872777
1458782360
1248095978
1347508893
1475184270
1242530556
1334584269
1472964067
1474981387
1017741163
1237840101
1473911237
1502828072
1193417905
1253991526
1333180324
1367983426
1478394170
1080321248
1545474128
1473349726
1474157345
1496333852
1474367387
1193886368
1456551016
1304516728
1470380951
1275078530
1520335864
1511088570
1479542168
1511014702
1313409086
1488279280
1407078008
1442236251
1484140249
1536807124
1357813333
1493868279
1534552562
1440490909
1475906598
1533643449
1543497322
1481500795
1499619761
1017176306
1482323665
1481372089
1525139334
1530206185
1262495709
1355888644
1475177406
1487165374
1031329636
1087325453
1229986453
1461580417
1473536791
1485465903
1544963726
1127517055
1326365195
1468785614
1467273551
1481213328
1519465460
1271347155
1459573161
1474419433
1474443266
1262398203
1277146419
1457159649
1545020413
1498224488
1534693592
1264155978
1372932360
1481254119
1511328734
1453421048
1526822093
1476959603
1505719223
1478594037
1506339786
1229925012
1490764476
1474015043
1484408240
1434227793
1371759975
1487568352
1473599460
1493021985
1373771404
1468211741
1493187671
1474473022
1045870926
1228615993
1505020194
1474572393
1475657756
1511149708
1098357975
1494295190
1434319123
1482749031
1005497356
1451751948
1282392484
1480946670
1493187671
1262501527
1379535549
1509785564
1222252488
1235804685
1291027929
1262899335
1364205579
1449025961
1473917791
1497361116
1525307519
1242615520
1273514835
1308051654
1511476405
1401614837
1034231449
1484692040
1226644391
1293707970
1251119663
1425627572
1364207345
1534749151
1267008346
1299168756
1408270014
1088173197
1161271603
1273706805
1484758791
1489975043
1494717514
1496772778
1526098035
1500210284
1347640719
1442238050
1479222412
1468785621
1497454735
1372482564
1379396622
1495494649
1497978976
1367886070
1275431803
1442236251
1441259777
1363198607
1475352258
1495035630
1539074653
1285837723
1451826384
1314672868
1487043035
1304264324
1307921111
1474518940
1540851392
1028635690
1427576789
1478603163
1495999060
1503558970
1525228548
1309171621
1448993218
1480224029
1493861610
1499738154
1510548815
1026671084
1477978410
1490441265
1467299807
1493120458
1408242415
1493833371
1475286213
1500573286
1539257272
1525139334
1198475529
1225306806
1237805463
1238703758
1494471150
1257783165
1537495605
1275445198
1372899441
1453788130
1462862818
1473536791
1483347039
1493032295
1496738004
1544963726
1193424046
1242621925
1273315545
1289354845
1347582944
1441704386
1467299807
1545249084
1481418453
1539257272
1503558970
1537495605
1388783546
1480224029
1493861610
1499738154
1510548815
1026671084
1459233688
1477978410
1490441265
1493120458
1198475529
1225306806
1237805463
1238703758
1257783165
1275445198
1372899441
1453788130
1483347039
1493032295
1496738004
1193424046
1242621925
1483756491
1212558079
1273315545
1507184438
1539269408
1347582944
1441704386
1451279126
1493344477
1487252730
1510259833
1544763400
1276546757
1202291941
1323231234
1351710236
1482068708
1469974204
1450507085
1478297696
1393531431
1367600600
1476851493
1412012058
1527039231
1542325326
1308586601
1472563607
1500444788
1509785258
1509836955
1535763925
1234171423
1509831001
1484136058
1253991526
1530189974
1542260728
1006616897
1223209866
1468130932
1473528145
1090803550
1170681998
1481618849
1495113109
1537945560
1256096453
1257044806
1456692199
1474461350
1483709259
1501963260
1505868322
1523503283
1021309448
1213672425
1235378148
1368083804
1397592566
1457404807
1495993065
1293764455
1531279422
1509785258
1539500086
1098417953
1151194342
1242675705
1463095419
1478086061
1520358041
1540436560
1399036310
1461845339
1464377092
1470706149
1529903845
1093648934
1202291965
1250582854
1475791765
1491762934
1500608006
1512536990
1525744016
1264168543
1265576504
1408226877
1479179391
1028723243
1475313991
1293764455
1481618849
1529831247
1537945560
1256096453
1456692199
1474328612
1474461350
1475181706
1483709259
1501963260
1505868322
1523503283
1531279422
1021309448
1213672425
1235378148
1257044806
1457404807
1495993065
1538664812
1098417953
1151194342
1229181676
1242675705
1397592566
1478086061
1520358041
1540436560
1368083804
1407320524
1461845339
1529903851
1470706149
1491762934
1093648934
1250582854
1463099334
1466162111
1512536990
1525744016
1264168543
1265576504
1475791765
1497970270
1028723243
1093705922
1472341866
1495051019
1495984883
1538668286
1518588032
1541366103
1495771154
1273186962
1446110632
1461697492
1505651002
1501756674
1539705873
1479179391
1538670380
1276989067
1309648326
1310496036
1456016238
1463191485
1488486869
1496805922
1456356303
1470836902
1471758377
1475832625
1491982162
1031543696
1286953700
1290377225
1308657691
1460252871
1473322748
1473932580
1486312799
1491822177
1505237226
1519932758
1521113676
1273649734
1513888761
1348543454
1452864689
1459058816
1493295736
1470261619
1473885247
1477139187
1456081978
1485343050
1490955303
1504991886
1113692442
1472729954
1463099832
1478939265
1482571375
1484909049
1048263218
1237971783
1399036314
1434739360
1452541960
1471106890
1468716345
1469877685
1222758673
1488629924
1522663671
1139988154
1171472642
1297396971
1538663976
1476493754
1492991804
1331877199
1457180347
1457700395
1475431605
1489760966
1525229039
1526450554
1542902496
1261074193
1362333980
1392554082
1470424588
1477173116
1478268167
1484139563
1136709274
1407276223
1446433728
1455610398
1477583934
1492964322
1500136555
1501087461
1546365760
1031269920
1220177570
1232486510
1324815173
1424554441
1439080125
1504794723
1541263820
1038727225
1247085784
1432808143
1451457071
1476325009
1491518749
1502202712
1062509131
1226906407
1472591311
1414211166
1457525966
1516640715
1073187633
1243836306
1262770399
1355363605
1459549300
1521136387
1031624045
1444170425
1465094565
1473619774
1495014440
1033682378
1504509991
1542325326
1032367029
1389040887
1274374265
1407241437
1409543825
1411945852
1434730549
1462939786
1459243013
1463099737
1475820319
1488486868
1492923542
1493413436
1219015063
1479448614
1411983337
1454868385
1495821390
1482961268
1534300012
1537338524
1090687344
1508190337
1423891733
1430984379
1441655996
1478378478
1297031159
1314419155
1444463817
1454158444
1476126807
1508081143
1497662095
1535738835
1275653921
1346712793
1348535448
1392689377
1412274796
1445316085
1448644058
1485138628
1525776594
1265293102
1271689820
1449402628
1452913959
1454884456
1460367200
1468097424
1474085700
1499082551
1535726658
1460963
1088145352
1226930961
1315462566
1462916007
1463097026
1475914530
1499732868
1523463582
1089825728
1113867650
1225251065
1237785414
1241020012
1265574776
1440900698
1474745656
1482616044
1500901472
1088721151
1211511098
1488287766
1412798618
1428914911
1441947120
1458782348
1460571944
1470257002
1507300070
1512357660
1003156611
1050388137
1275511946
1278125358
1306083841
1330000574
1412239029
1424155123
1460562890
1466286897
1466840690
1476484003
1485254110
1491904697
1475913424
1412015223
1453746409
1474442749
1477826550
1485459022
1510355474
1025527957
1056136645
1182656927
1220207370
1235363911
1241385221
1451455620
1458422176
1466881005
1486737254
1241171327
1406953380
1411021797
1432680245
1436302586
1442234687
1454867698
1470602687
1477105215
1481456810
1486870536
1491670074
1491815891
1498689733
1500152508
1509222939
1180600103
1226760411
1266760255
1341560287
1426853104
1460244759
1466313838
1482323663
1526081212
1530072691
1237826650
1089301305
1250461576
1275469378
1411990381
1416159039
1480481875
1482619521
1482654612
1522105695
1531326882
1163780653
1205326920
1244189957
1281136307
1455207150
1462118138
1477762058
1484278230
1500430835
1502194741
1504130114
1041486561
1113270951
1195556021
1238066841
1288087675
1311039359
1348839456
1433116005
1434733105
1448690606
1461371990
1462973493
1479398343
1481395774
1220207370
1226760411
1257041642
1266760255
1432680245
1442234687
1466313838
1491815883
1526081212
1530072691
1531326882
1237826650
1250461576
1275469378
1426853104
1460244759
1454867698
1480481875
1482619521
1482654612
1504130114
1521824474
1522105695
1089301305
1205326920
1244189957
1281136307
1341560287
1411990381
1462118138
1484278230
1500430835
1502194741
1041486561
1129351621
1163780653
1195556021
1199225670
1238066841
1348839456
1416159039
1448690606
1461371990
1462973493
1479398343
1489806417
1493342656
1513989652
1519083501
1522027206
1112995931
1151282100
1181293226
1288087675
1311039359
1419484852
1433116005
1434733105
1454427577
1456341322
1471758497
1474996103
1475350299
1503338578
1503635443
1407848
1084474811
1234333108
1242933473
1278374023
1416126241
1448634622
1452833004
1468152735
1478594083
1499081003
1516398520
1519105628
1082546692
1208029128
1239865817
1293837479
1308626997
1335384440
1351528456
1380727131
1450346227
1451770282
1461168356
1462036283
1486089536
1503296227
1469886391
1471392516
1472453609
1475340311
1481395773
1482691396
1485540367
1491989549
1493827486
1502956743
1505335027
1509093683
1511018345
1531305600
1080562711
1446080686
1463109161
1473337732
1473832093
1475533125
1476437731
1478479402
1479175683
1493814836
1072355741
1083877161
1125373048
1150968114
1283547157
1289093410
1305673776
1308556948
1361082066
1461976571
1465899921
1470390196
1475382919
1477741640
1507562379
1487387947
1506464925
1494071507
1497833222
1505443744
1505461950
1538515135
1094700813
1099036250
1137348589
1179069383
1204302290
1262213594
1282225736
1285906593
1293498352
1299825988
1356699216
1362269026
1378193949
1447589520
1450231180
1454886610
1459035676
1466271818
1472041266
1473538394
1492964322
1493811339
1506393461
1518550204
1074080804
1246534393
1249131989
1282745510
1364557585
1364288615
1432671265
1435653905
1444220221
1461537016
1463147950
1470140044
1470152224
1472904600
1480400194
1485949824
1494218159
1506438157
1520585114
1532226172
1129351621
1142030078
1155659151
1226222519
1241863985
1273644881
1394358144
1410417410
1419241039
1453774109
1473821459
1474838352
1480150337
1484377020
1534805428
1022078658
1123236995
1181293226
1264310474
1267719663
1368948340
1360433226
1434080720
1462283342
1471570002
1472920726
1473434363
1480333795
1481369819
1493894382
1498631172
1504410991
1510836175
1525123651
1528952759
1532072374
1011350248
1019804213
1124590469
1382627920
1436472036
1438972268
1462891364
1466961231
1473270560
1473576966
1494036362
1504988662
1056630220
1113872315
1143510517
1206659193
1241336192
1474219265
1483248400
1493184325
1506464484
1162362456
1453774109
1462283342
1471570002
1472920726
1473434363
1481369819
1493894382
1504410991
1525123651
1528952759
1532072374
1011350248
1019804213
1022078658
1100714151
1124590469
1180830415
1241863985
1264310474
1382627920
1462891364
1473270560
1480333795
1494036362
1498631172
1504988662
1510836175
1241336192
1434080720
1436472036
1438972268
1466961231
1473576966
1474219265
1483248400
1493184325
1495994753
1524856161
1056630220
1113872315
1143510517
1206659193
1244129217
1265594466
1494208448
1503164543
1506464484
1162362456
1319641638
1426952711
1458257815
1461321131
1475567791
1490064965
1506394604
1512422343
1521646485
1021666406
1033135919
1078583737
1294676775
1311299383
1362294415
1412798625
1437351093
1480111807
1493840410
1035989564
1102652161
1117918288
1158880541
1228887220
1235055414
1268998876
1279257364
1300380255
1300416442
1318735442
1335470313
1373470130
1406699201
1410417411
1411382221
1411784073
1423852338
1449499173
1459851144
1465523114
1480384991
1474231277
1481535212
1484139638
1488197101
1501008274
1512543160
1530563109
1068604910
1087713694
1114062699
1188638379
1213893398
1268953725
1309278897
1312597992
1315127154
1449354900
1454128198
1472683376
1474483942
1481082626
1028547165
1034062857
1088150519
1217431004
1264710383
1266301315
1271391519
1324589432
1466830562
1475726876
1286159470
1366714116
1332134456
1430698838
1466840242
1473319801
1473598627
1473663942
1473763485
1480369837
1495994752
1006718017
1076874681
1331095828
1076975498
1137268819
1218323166
1300307127
1532765406
1313893823
1328397945
1354479946
1402458977
1445540328
1473658862
1481655431
1501843118
1509127899
1023790604
1025577173
1107301596
1112597277
1229181669
1241255782
1257756836
1444885755
1463045830
1482233298
1506592985
1539813796
1019756129
1078593046
1165960525
1228887220
1244376840
1255620342
1331640442
1362204452
1397287112
1405869667
1461484131
1474382073
1482642443
1512543160
1529857242
1530563109
1034477646
1076095917
1188638379
1221675623
1421172503
1436445857
1457748933
1463097216
1015876437
1027285215
1319193247
1343270312
1351528456
1369699479
1372852746
1450346227
1457519696
1470416057
1474193001
1477371404
1484721483
1488282365
1519680557
1524563442
1528931869
1075329397
1101253141
1244445717
1263862409
1298146669
1407052301
1037850795
1217431086
1308811602
1455971166
1475947567
1456655
1073573377
1130337209
1149458005
1308626998
1350440237
1529080796
1419103731
1473625876
1458097853
1244121849
1440196907
1473537712
1474911273
1515353037
1522893300
1242926642
1461679780
1484073871
1495984826
1516911548
1518581976
1237947622
1271689372
1297228819
1333169660
1452517482
1459827095
1244445717
1263862409
1298146669
1470416057
1497833222
1507333696
1234594378
1319193247
1407052301
1450003088
1474193001
1475947567
1075329397
1075399023
1149458005
1073573377
1308811602
1350440237
1529080796
1419103731
1455971166
1515353037
1458097853
1242926642
1244121849
1440196907
1461679780
1496755419
1516911548
1518581976
1217431004
1271689372
1297228819
1333169660
1459827095
1463097216
1473537712
1484073871
1493845403
1409542551
1444220222
1072488857
1072778290
1252174367
1252605369
1310988814
1399548323
1446394086
1448677309
1452517482
1456564491
1473655643
1502723402
1503698575
1522086251
1076611687
1242952326
1263185638
1352160730
1393854796
1315368838
1381305292
1403236819
1410767412
1450003088
1458969583
1470603776
1492743616
1496005533
1502977617
1503041004
1505206355
1519032095
1032113282
1019798129
1046052689
1075399023
1230265573
1410552904
1471033870
1484112646
1500289433
1516959202
1519295998
1037815138
1069637174
1253692410
1262959182
1282393446
1314117540
1466848981
1469963459
1479175683
1483557847
1484022962
1530243465
1532045699
1535344650
1078146460
1217154918
1267034144
1305556204
1324196862
1367866840
1392409485
1478571527
1498201050
1502237428
1511898746
1521001064
1088175320
1102525223
1178037155
1236310046
1288989699
1305898693
1367637482
1437533138
1461656093
1471458590
1410552904
1500289433
1519295998
1530243465
1535344650
1046052689
1262959182
1305556204
1314117540
1392409485
1466848981
1469963459
1484022962
1511898746
1532045699
1037815138
1078146460
1267034144
1324196862
1437533138
1461656093
1472960229
1478571527
1480509618
1481605576
1482480931
1485181700
1498201050
1513703327
1088175320
1102525223
1209795859
1217154918
1218409428
1248629347
1279101461
1288989699
1305898693
1367866840
1367637482
1471458590
1480912364
1482606730
1490714239
1502237428
1505223490
1505717131
1507222811
1511476330
1513811316
1520588202
1523116289
1089467902
1113871200
1149653643
1224189691
1246924583
1261058623
1445600210
1448746655
1445600210
1448746655
1459083076
1460199355
1465528147
1471881460
1477168764
1477513844
1485084517
1502531614
1525080641
1299745306
1176675885
1226581861
1251145882
1255867043
1263711659
1282155571
1396723676
1409518698
1444916607
1457885011
1470137996
1471526176
1472299606
1488407491
1494128541
1494542762
1500984554
1522364002
1497666882
1076777553
1113877762
1149101808
1227494910
1231869116
1267066618
1273219305
1439603849
1467630013
1478633167
1481305285
1485576938
1499774238
1504733315
1507194162
1511008529
1512688556
1522014173
1523145144
1076691155
1123572574
1132186662
1243249013
1229265308
1277966318
1296246028
1307065702
1336753880
1415122620
1472663498
1475295589
1476010516
1486918273
1506863506
1533427349
1019719991
1091535534
1171427845
1204783328
1211873014
1252093147
1264697078
1314757518
1338459571
1361156048
1411661441
1445173003
1457277338
1457883022
1473688983
1477560608
1478349743
1480296251
1486312322
1491553528
1525260617
1026256854
1449925898
1149739405
1208675649
1225658190
1227360267
1237990845
1241059604
1379578685
1400388074
1411556356
1414186525
1416168484
1433948536
1445157207
1458768312
1463002206
1467560334
1470160871
1470789113
1473540850
1475485790
1478594345
1482927041
1484723233
1485565579
1503027654
1503154399
1503871149
1512368745
1521995441
1019748918
1141647934
1019748918
1141647934
1235178917
1236535918
1285795412
1292125831
1333588439
1335476102
1403810160
1468284015
1470097625
1478399770
1484055770
1489618632
1522908592
1532422403
1538900557
1006149342
1028798080
1071305383
1165112087
1218035454
1263263080
1343728830
1371733460
1379398745
1465527358
1473002829
1479199962
1480535956
1485379670
1498685825
1507292362
1530422161
1049764626
1205824082
1266728516
1293940668
1317438679
1357638791
1396900470
1398158665
1456328679
1474439402
1487487077
1493899946
1496150381
1499254434
1529943594
1030768205
1033561840
1091777739
1179083132
1192170961
1225034095
1277933970
1289280129
1304784705
1364085207
1415753843
1506893261
1511147052
1523106526
1008042655
1012148709
1411782657
1062617166
1076881678
1079574647
1113877759
1117571963
1130521198
1262478670
1285479076
1410515336
1415459378
1433036240
1457141371
1468182482
1470142495
1473202769
1478336410
1480632197
1481063954
1486313082
1486687191
1522381878
1522948849
1019323583
1167918245
1177144863
1236180208
1241662897
1243661676
1245135735
1247077820
1276187218
1282155571
1308803634
1332048426
1355907041
1375264061
1380359035
1412760245
1443543513
1460952878
1462376002
1466166563
1473581212
1474249515
1474469649
1479291572
1489271715
1494029277
1506624868
1514056816
1518928184
1022875984
1087325448
1113652021
1113652021
1162577678
1205834226
1233479200
1240975439
1281374359
1434333144
1438585180
1469888196
1475757836
1480663275
1487494814
1488604367
1510525727
1520341418
1073868869
1093649805
1136781853
1185490113
1189489662
1243013655
1262314697
1270807229
1293664097
1289100537
1295259343
1314875006
1339727060
1355763344
1402145307
1443543849
1445990353
1473538669
1474716037
1477357248
1478148374
1493821696
1506443954
1512560429
1517196931
1015876181
1213289597
1298677856
1358188306
1375195705
1410477346
1419337080
1426970105
1433963282
1450512578
1457375446
1461394433
1468167456
1468249417
1471471472
1473998613
1474139792
1481781189
1482640249
1530207650
1031565873
1032226553
1035970798
1084574290
1113874345
1234096401
1226179265
1235004572
1264717270
1275601148
1276527442
1277931795
1303876353
1314531689
1324815169
1338296872
1356365152
1355698169
1374810033
1384984760
1405968853
1524640364
1410952932
1424634346
1434566731
1451597179
1455796965
1459067501
1461317925
1461528931
1467989175
1469761476
1473007171
1473641882
1473648067
1473753992
1474389419
1480560061
1485449956
1490929563
1495676687
1496839286
1503032111
1503697912
1504158976
1511099094
1512378100
1517069167
1518954520
1519015934
1540306548
1029212099
1031755815
1053503005
1076851921
1132624836
1246618041
1262859231
1264894917
1265563548
1267723643
1287992856
1309719625
1317712059
1318713927
1324178474
1339590178
1343137477
1354211666
1356931881
1385826401
1407703433
1411955172
1424074067
1425083504
1426852586
1429606483
1450529572
1461849212
1463099533
1471833709
1475507834
1475677075
1475895782
1479431155
1481419471
1483127059
1483742019
1517872718
1533134245
1079411871
1246565029
1316564138
1380643075
1351148263
1372211333
1389030333
1397871327
1413688162
1443376170
1453092770
1457980992
1470362578
1473331132
1480729464
1487578342
1502239223
1503058523
1523250921
1516386968
1518553179
1202612238
1212243792
1266704347
1356879689
1424835917
1425053365
1448890896
1454285383
1462222723
1324178474
1380643075
1354211666
1356879689
1372211333
1389030333
1397871327
1407703433
1413688162
1429606483
1443376170
1457980992
1461317925
1463099533
1470362578
1473693830
1480729464
1483127059
1483742019
1487578342
1491973078
1502239223
1518553179
1533134245
1212243792
1316564138
1345744755
1351148263
1376610582
1424835917
1425053365
1448890896
1462222723
1463626439
1473331132
1479216031
1481338664
1481668094
1486438952
1503555867
1523250921
1524856552
1529429577
1106685781
1256035504
1266396649
1266704347
1318522497
1330914372
1420677067
1426854971
1454285383
1457407155
1466889849
1467559469
1473443050
1479226203
1481058625
1484236540
1496161777
1462049046
1462904909
1471505149
1471518788
1475268558
1475459498
1475514134
1478329976
1482495646
1485511533
1493475234
1500899792
1525134970
1245445142
1259003747
1503558309
1304494866
1361136123
1420331766
1473110829
1475278603
1475526963
1482564731
1485594646
1489697441
1496480069
1540193568
1214621300
1221065422
1236784234
1338881681
1342749750
1029730813
1084880627
1278625154
1352891736
1375539038
1407945474
1445984479
1449260659
1466525104
1471152028
1481639963
1488586678
1491441605
1504824925
1517997490
1006350680
1032246768
1032605743
1387170442
1038257131
1057839290
1256416285
1282235676
1315197443
1315227231
1468179083
1473745020
1485633518
1489697441
1496480069
1540193568
1214621300
1221065422
1236784234
1338881681
1342749750
1029730813
1084880627
1248254605
1278625154
1352891736
1375539038
1407945474
1445984479
1449260659
1466525104
1471152028
1481639963
1488586678
1491441605
1504824925
1517997490
1006350680
1032246768
1032605743
1387170442
1038257131
1057839290
1256416285
1282235676
1315197443
1315227231
1468179083
1473745020
1485633518
1514407196
1017710806
1017793759
1036611131
1204410987
1219599460
1249703972
1253996255
1257631905
1274031252
1274262313
1313515983
1321000430
1374216719
1415965887
1462334623
1467074123
1469788922
1472660605
1481526898
1513372764
1486261918
1499021277
1240017164
1242215004
1445981985
1264622823
1326904152
1376599952
1462199994
1464497085
1470302907
1491816635
1496434831
1497445375
1501527655
1507535819
1515122723
1465170
1033353640
1064067974
1074233388
1314098645
1262623457
1273090118
1285375401
1294754469
1366682924
1372852367
1459153344
1472505803
1481178379
1486403759
1511034977
1519819761
1106890289
1247877706
1304538362
1307914176
1357597182
1376610582
1445575658
1461574000
1461480286
1477152741
1484236540
1505079850
1032301635
1094006964
1160324912
1211279670
1221972463
1262836366
1292048427
1338487101
1461629882
1412262411
1416132773
1432571049
1472412654
1481204585
1481670672
1528872351
1512614007
1064067974
1314098645
1246534392
1445981985
1262623457
1273090118
1285375401
1366682924
1372852367
1459153344
1470302907
1472011623
1491816635
1511943336
1515122723
1519819761
1031740178
1033353640
1221972463
1294754469
1307914176
1336054617
1461574000
1461480286
1472505803
1477152741
1481178379
1481670672
1106890289
1117540732
1157420941
1160324912
1211279670
1476867896
1241691520
1247877706
1304538362
1305953663
1357597182
1432571049
1445575658
1473832186
1481204585
1505079850
1520311383
1381172
1032301635
1094006964
1097840367
1245003805
1249115456
1262836366
1292048427
1379655753
1338487101
1364805499
1461629882
1412262411
1416132773
1482929957
1505509135
1505986741
1050113878
1107295499
1212094695
1262849919
1275729080
1289035408
1300411567
1314791855
1451749098
1456327819
1473567613
1477632331
1492535436
1032227185
1111524870
1220831720
1224776539
1236270156
1238737217
1254089760
1282120903
1298374277
1365995678
1466191633
1473807431
1474506228
1479218676
1037767822
1072352905
1273237224
1363082269
1398760282
1478121006
1480235372
1489859079
1500646173
1519109662
1032244688
1070643104
1076651075
1094006961
1212474103
1250863857
1459565952
1470395229
1475961745
1486315548
1518554373
1530352589
1146521602
1283449264
1313547627
1329800210
1379476650
1387759466
1406052615
1423562852
1406052615
1423562852
1432805512
1456328953
1470857705
1488268483
1497947235
1498109050
1499090022
1502568740
1078573588
1081946411
1170374568
1248477786
1431622160
1450415701
1450515146
1452073830
1478962833
1522476100
1032229033
1224745788
1225270553
1238684989
1262804348
1305521674
1319186126
1464355002
1465769423
1491497196
1513057699
1513275906
1535166201
1170174180
1488654146
1271202597
1282578170
1288820264
1363265037
1375050071
1451038081
1456454793
1476126864
1476940385
1481458739
1501799156
1511158631
1513644450
1514745569
1521662359
1533373358
1110163868
1127068460
1221974233
1253468100
1303878938
1307064819
1363030171
1449889421
1455472498
1311759784
1362752750
1375197520
1446171195
1453405280
1454869913
1472254228
1480190405
1503027654
1508516773
1519046625
1519109662
1532047019
1028635115
1033647230
1045446554
1077090839
1144622870
1262214438
1268693102
1416167813
1419102765
1461684763
1462917618
1476804583
1476814691
1485281641
1485515992
1498459361
1501863646
1510814267
1511090997
1519825417
1521800830
1522260964
1525299471
1529885711
1534798375
1109710407
1123594515
1158997557
1207995635
1223834431
1264175738
1334853122
1397195990
1453747585
1462264820
1478248267
1478402438
1482467326
1484560842
1485584932
1486640196
1505881130
1511943336
1518554367
1522908592
1008103260
1023724795
1041937186
1200750570
1242337148
1253781640
1264792701
1265057842
1285636413
1474463212
1489894066
1498109050
1501810078
1512951772
1519618352
1522275295
1536550068
1031739214
1081076724
1181043103
1170374568
1226352906
1250505880
1304601272
1347444117
1446667164
1450415701
1473912889
1485281552
1487011686
1497697272
1500200736
1502859021
1519834510
1534936047
1133849304
1226451730
1227444623
1242688976
1247193402
1261081618
1261088288
1267766017
1268732526
1446647154
1462021605
1471580790
1473427664
1497228597
1497277579
1504260335
1523212308
1530865570
1531257134
1539814749
1496676997
1053188371
1074345314
1152117532
1207097977
1273306585
1288820264
1288836880
1308718124
1427240987
1466180087
1471971444
1473200429
1492351553
1492956365
1494217993
1534178658
1536052583
1048599164
1082873013
1132624701
1170713276
1271626390
1316343569
1328352818
1338116217
1357442670
1369415185
1378753559
1379254555
1443632952
1462337088
1463839806
1478598122
1482373089
1502252754
1506925613
1510602851
1524006379
1533727398
1267928582
1294660932
1371621310
1461415768
1466192383
1466409041
1481309934
1484072980
1492784364
1497696118
1499204617
1504560013
1506811495
1510114544
1513918026
1540185567
1078562581
1300224389
1311295224
1378134075
1383588250
1441484436
1446018329
1470690288
1474554839
1494225570
1521971622
1021998900
1219057109
1255827035
1262214657
1263777496
1273338779
1278086201
1300459970
1329139679
1455470420
1463098453
1466837369
1475945974
1476320832
1499371656
1500918361
1509261539
1513055972
1515828010
1518105933
1529670007
1018068865
1212092071
1224836499
1230554041
1230953337
1321425027
1324046033
1340531124
1424939172
1446020074
1451455120
1459677787
1469855866
1473669763
1477986285
1478245800
1482523929
1497758253
1505187304
1512264378
1514979859
1525270591
1530189123
1033914032
1084815310
1172828854
1234616990
1240451714
1308676399
1434641318
1456151818
1470458195
1471983092
1474278764
1475703366
1477801203
1485707959
1486498309
1497823963
1497823963
1502944108
1511476240
1512574578
1515908500
1522466528
1524020675
1529684309
1532257835
1013873499
1089826114
1098994942
1109169471
1185222683
1263296600
1297388773
1350106002
1385268959
1408233703
1457369557
1464281235
1464900425
1474752000
1475033929
1512346337
1517663810
1522129348
1523975602
1529734693
1534322499
1114167847
1198815734
1261068947
1264716159
1377979480
1352095354
1464348877
1469949138
1471289345
1471539450
1473534911
1478391708
1497652330
1521540435
1538434010
1118554972
1308104209
1226989590
1264715238
1267085853
1267095527
1267138119
1390132678
1477640413
1479146640
1482461778
1484044863
1484226705
1499254464
1504578321
1512346337
1517663810
1522129348
1523975602
1534322499
1538434010
1114167847
1172828854
1261068947
1377979480
1297388773
1352095354
1385268959
1408233703
1438407447
1464348877
1464900425
1471539450
1473534911
1475033929
1521540435
1529734693
1043090357
1118554972
1226989590
1264716159
1267085853
1267095527
1267138119
1390132678
1438890203
1469949138
1471289345
1477640413
1482461778
1497652330
1499254464
1053216105
1245603505
1257169894
1257751090
1264715238
1292038978
1356592909
1437613290
1455473599
1479146640
1484044863
1484226705
1489501227
1493797113
1502863457
1504514069
1505466211
1506110908
1510895429
1519051687
1065007198
1308104209
1231933487
1487995889
1495653225
1500165555
1514703097
1521968739
1031682149
1064398666
1307964146
1379654119
1383722884
1442182137
1466946554
1481785227
1513785856
1521526336
1526269330
1282241488
1351413834
1412395583
1476004886
1479206027
1498963410
1518731803
1028347509
1087585903
1210324981
1236324839
1261437320
1426929537
1478430722
1506501870
1510534840
1517361767
1525812127
1531004348
1212161887
1362292070
1471757497
1479055897
1479202923
1481543455
1484427277
1485945318
1497716612
1512608544
1173487359
1262818601
1276604831
1459606468
1484427224
1069601321
1073251687
1177222849
1230335820
1247117342
1290638980
1316267063
1482059564
1507566218
1534568801
1236324839
1362292070
1412395583
1473832937
1476004886
1479206027
1497716612
1498963410
1506501870
1510534840
1525812127
1262818601
1424022814
1471757497
1478430722
1479055897
1484427277
1485945318
1510482233
1517361767
1531004348
1033353608
1069601321
1156899298
1212161887
1247117342
1276604831
1481543455
1507566218
1073251687
1095887629
1230335820
1232842853
1316267063
1459606468
1484427224
1271383536
1482059564
1515691491
1534568801
1082613044
1179194893
1238087171
1290638980
1425583621
1466274493
1485749741
1516391726
1307273676
1380687209
1446605692
1461317723
1518991444
1521786282
1315646900
1405686321
1438971259
1468247660
1474507470
1506968390
1511655014
1516392502
1523136750
1533041438
1059316190
1158661506
1256846316
1283014837
1499209494
1517102872
1517973622
1096491085
1120490097
1210733038
1287467772
1340393671
1355834324
1371321150
1412214674
1468034322
1523402929
1529215942
1033800629
1123153619
1126210781
1262708319
1287460367
1450243474
1487507576
1501860676
1521945612
1238200105
1283919021
1437248090
1456862468
1480605978
1496129997
1519015373
1523033469
1275781070
1282100429
1411028010
1434566729
1457987703
1470128301
1477394830
1502112959
1507528002
1515250128
1520065560
1522747587
1143301347
1308150021
1457554768
1237895578
1295347527
1310559832
1470860271
1506494491
1199255430
1238719127
1260858032
1450195340
1477321265
1478299004
1480605978
1508757537
1519015373
1288836831
1426987805
1507528002
1477394830
1490097050
1074185794
1475359326
1522789217
1159859342
1239197801
1356286544
1408400564
1409350312
1440152020
1474025555
1488736632
1377796
1082104844
1211945047
1252906404
1288960768
1322575252
1287506520
1497813639
1104978310
1199194357
1235400745
1492703165
1370887619
1408630829
1453600974
1490470357
1038612106
1074516813
1080471520
1242557261
1245467665
1250828951
1256621400
1282869767
1478397214
1075087898
1193450582
1377525849
1303170587
1308573992
1446929602
1476256503
1476504836
1125681069
1331961110
1362699807
1453746424
1497813639
1199194357
1408630829
1453600974
1074516813
1080471520
1256621400
1492703165
1075087898
1104978310
1235400745
1242557261
1282869767
1478397214
1038612106
1245467665
1303170587
1448203808
1476504836
1078334082
1125681069
1193450582
1308573992
1392187026
1446929602
1070668234
1106497163
1112328862
1331961110
1339148188
1362699807
1481737965
1330786166
1433963841
1455789794
1387498831
1507174617
1005938892
1236327883
1323287329
1506277357
1289622728
1321345867
1398094246
1445126881
1472037429
1479467472
1510588134
1513785856
1231009762
1283976792
1462199715
1471621200
1022881807
1049657200
1051742093
1064010657
1113872616
1233178975
1282981624
1453405227
1490570220
1535154576
1047754910
1075153624
1074186692
1132473467
1448094056
1455202433
1005628271
1229855361
1255154942
1443199887
1454875797
1269105987
1478590073
1534838460
1438614646
1264210933
1077389881
1317858322
1479795072
1031431739
1078043655
1267767545
1316766786
1484628799
1521537548
1021709997
1406888042
1057878660
1503279487
1340848417
1436221195
1478397195
1034781167
1116881545
1211381195
1472998543
1316645883
1364451156
1437537962
1027518919
1057712464
1074790810
1331091095
1084911424
1267791123
1351799744
1480345749
1273710987
1290653904
1074740903
1374511097
1235217573
1413097327
1279648399
1459601315
1252110969
1253227601
1431009586
1077635964
1103044716
1328435235
1364554886
1490753103
1316125081
1247153511
1248445408
1335784500
1032104852
1077678186
1107346333
1199209076
1211902780
1273315860
1290955897
1459500342
1480774469
1319968720
1327810200
1282765809
1341044849
1434728540
1463930552
1513665931
1266808728
1265806887
1277838165
1311746088
1364262304
1479241720
1326114713
1078561180
1271885835
1309782711
1446777883
1455045602
1282338324
1252507813
1256020140
1273591652
1531577265
1333112977
1406959899
1453010540
1514748407
1522492490
1406756150
1062284228
1101332469
1251021937
1315665106
1332689973
1403338603
1415286830
1449004486
1462123290
1056832642
1494132878
1337414755
1442237491
1444476983
1452179866
1455835136
1033346552
1223433573
1223968494
1232929597
1267759054
1328004456
1384913332
1462955135
1461105878
1313688232
1077647867
1279106326
1453704849
1527985548
1058961546
1217859964
1226273174
1245060148
1264679424
1440902105
1034288607
1392336073
1371865829
1500277103
1328404444
1336782142
1339389017
1466315646
1425155713
1458158319
1465510463
1481430997
1056426599
1185027311
1392746077
1398613435
1469919128
1474146284
1042034313
1061619639
1321853517
1094768279
1172658678
1375300046
1260706045
1283342099
1408803622
1440903004
1452961146
1454557715
1454895793
1462020027
1460373247
1475582314
1453255120
1452917322
1454865418
1470547125
1474307288
1483707165
1506025457
1028297900
1106253691
1056475372
1076853843
1343490612
1241028627
1273374526
1297807428
1448976859
1453705548
1501697139
1028297373
1076689028
1107694719
1217595919
1323027427
1231124147
1240403165
1250509820
1265693362
1356964022
1374238444
1380366797
1412204371
1416213737
1425168834
1434820900
1440150814
1454449476
1454872467
1459423937
1467008309
1485074109
1493084691
1001494489
1067683674
1078451693
1086209985
1257311330
1308089995
1313292240
1360427644
1442968403
1396759397
1405602942
1440153965
1440413472
1453699963
1454380400
1469902930
1475491744
1040853414
1078471677
1493347567
1061443928
1245093456
1485770984
1315792196
1341478478
1439263592
1440153652
1462951578
1440903447
1441484127
1441486925
1448801518
1446791914
1442256287
1442236393
1446444676
1448648548
1453693372
1460190328
1460221116
1460098443
1454156120
1454157537
1454157597
1454158205
1454382431
1458001028
1454380003
1454380176
1458106061
1454449106
1461532811
1461413030
1455051238
1455049192
1455049746
1455051282
1469829856
1455481421
1536435935
1456812249
1103360573
1346051799
1378666140
1250423254
1384252554
1262328709
1322895045
1344258220
1333719156
1345470633
1377075755
1382972553
1383424209
1422799090
1434734641
1434734681
1440151977
1440415694
1034432494
1078471677
1387842936
1262934843
1368261684
1425130369
1397500948
1434737233
1435237433
1448641761
1448653334
1453697653
1453708303
1453713758
1518724373
1454883848
1454885557
1459324872
1473549149
1482461578
1537988342
1498337848
1493347567
1512377798
1037095217
1071149226
1076248032
1245093456
1257185028
1485770984
1311484283
1341478478
1434734910
1439263592
1440153652
1462951578
1440903447
1441484127
1441486925
1448801518
1446791914
1442256287
1442236393
1446444676
1448648548
1460190328
1460221116
1460098443
1454156120
1454157537
1454157597
1454158205
1454382431
1454379923
1454380003
1454380176
1458106061
1454449106
1454558289
1459717386
1434734681
1440151977
1440415694
1440924528
1441479225
1441488367
1448654370
1452912368
1536277095
1454192206
1462298945
1455050593
1455051066
1536231199
1536597765
1478122013
1028860180
1030797959
1072097004
1313716706
1293948778
1323683932
1263976283
1329251365
1481394658
1282230278
1293621759
1412921772
1417260308
1434721916
1434731320
1440905062
1440902960
1448348972
1446866460
1536207397
1453692110
1453699997
1453952424
1454379907
1454877423
1455046461
1455046529
1465244646
1498028403
1482458216
1539483916
1493897305
1048657787
1319107509
1331646411
1437631770
1244414359
1479467826
1264195753
1328353799
1321345867
1327537871
1333434496
1351464476
1375042094
1412942993
1414754344
1425623111
1434073065
1434733565
1539778734
1462843315
1440899927
1440903837
1441489340
1443323176
1448644520
1453702580
1453710548
1453953013
1453958493
1454887042
1462958552
1457432411
1526577226
1033348917
1066396966
1076763264
1113093112
1204420213
1264385768
1266787229
1276835331
1322845719
1329399019
1334667549
1392232116
1410993571
1424847883
1431089286
1432615273
1436175751
1434670034
1474027039
1434729743
1454908348
1434731478
1434733077
1443366406
1448624583
1448635704
1452477395
1452462241
1453699571
1453708737
1453708992
1453709877
1453713277
1453713290
1453954778
1454382735
1454456796
1454867915
1455040623
1455040623
1462066314
1469911374
1462090493
1469883679
1534357105
1499978960
1495796655
1526561176
1526580318
1535947745
1321322258
1325087271
1121538271
1403337504
1236612695
1251085716
1286567448
1393655180
1293567831
1333502341
1380452215
1412200408
1453990050
1442724557
1426980505
1433856805
1434785969
1448124463
1434728429
1434727858
1434873900
1435274582
1436689031
1462914568
1462950757
1448763274
1441488855
1526475594
1448628662
1448652300
1452776383
1454447605
1454450822
1454887826
1469916289
1470182584
1538576310
1538402720
1387507
1023366842
1049832607
1065055450
1076267276
1319986676
1140094068
1174047054
1211273814
1229263425
1291778031
1371111464
1278203640
1379887252
1403389169
1484069829
1434922924
1434786591
1435835674
1539009452
1538374764
1539757185
1434726437
1446705287
1441489258
1442237461
1444474283
1448633542
1453700415
1453702717
1453713186
1454462451
1454873362
1465253444
1469836627
1484093073
1492085874
1006626246
1034780962
1035043821
1327605305
1329265290
1289607398
1289598614
1330476292
1478918338
1478915088
1261047589
1145594557
1367595188
1231278805
1232003904
1350271108
1291005295
1384246731
1268697673
1338798030
1345400451
1411238182
1347476714
1371945589
1500774569
1391805631
1394508571
1421667276
1424623619
1523631388
1442769289
1434729131
1445135335
1448680326
1211273814
1231278805
1232003904
1350271108
1291005295
1384246731
1268697673
1293567831
1338798030
1411238182
1347476714
1371945589
1500774569
1391805631
1421667276
1424623619
1523631388
1442769289
1434729131
1445135335
1448680326
1446155468
1448628302
1448653238
1452915490
1452958978
1453699818
1453705849
1453707264
1453953933
1454452601
1454456881
1454873011
1454882229
1473368971
1477542776
1484093073
1501824214
1496822467
1387507
1328214388
1034780962
1048947325
1065763774
1329265290
1322682791
1076822414
1235170075
1371843581
1358665170
1256585856
1268781145
1278203640
1285528596
1294924791
1321092934
1334142738
1384315656
1345400460
1539101998
1448635905
1448639983
1448652775
1453377360
1452644426
1453170481
1452915945
1452967539
1453699556
1453706404
1453712755
1453957535
1454157459
1454451388
1454459984
1454869947
1454878633
1454878527
1454884934
1454884775
1454886898
1455046634
1455041212
1470153358
1500404704
1515713376
1014110905
1065045071
1322960455
1076769294
1320247392
1088651154
1230378318
1262542899
1319429535
1333422462
1336216891
1376502031
1404016258
1412919661
1421238777
1421698454
1424088538
1432075016
1435633405
1434873080
1434807901
1435710380
1434964427
1434976873
1434722906
1442737447
1434725092
1436147820
1434731380
1438407447
1469978907
1444466933
1486124780
1452907708
1338947887
1376502031
1404016258
1412919661
1421238777
1421698454
1432075016
1435633405
1434873080
1434807901
1435710380
1434964427
1434976873
1434722906
1442737447
1434725092
1436147820
1434729348
1469978907
1486124780
1452907708
1452912973
1452908125
1452908719
1452910644
1536190398
1457472820
1453700129
1453695954
1457492376
1453698666
1453698913
1453699605
1457497761
1457504628
1453704522
1453706394
1453709542
1453707312
1453710668
1453721898
1453953952
1453954023
1454448548
1454452207
1454460499
1454466303
1519808645
1454871174
1454872589
1454883199
1454965243
1455041212
1465235418
1465521172
1465559547
1469860107
1464995346
1469847394
1469897986
1027360285
1322911206
1330965117
1076881782
1137761207
1230380633
1236930574
1288992243
1331486689
1305360281
1323564133
1331801500
1439778211
1406908331
1410757922
1414859783
1436255806
1448098405
1434723766
1434725166
1434729383
1481837707
1444476953
1448655648
1452914462
1453617097
1453696026
1453698655
1453709746
1454464391
1454882874
1454892266
1455202515
1466001296
1473532114
1501419723
1497119266
1499805658
1029165765
1328321545
1052172896
1076253535
1078601179
1084722667
1124060161
1157804499
1196466325
1226534587
1240531798
1241290336
1241872502
1310687105
1252649219
1330470786
1290831056
1269143135
1286486747
1283358465
1293659798
1291015975
1291015975
1292053369
1303755631
1460274194
1313059918
1442225147
1371707832
1333625788
1333817510
1356510800
1389035512
1421644560
1423933229
1430303951
1432671006
1435742573
1435717805
1448205169
1434724611
1434726068
1539742670
1434727898
1434739435
1435238931
1440912813
1449154506
1448753034
1453423502
1453706940
1454871787
1454882398
1454884683
1465526603
1457477157
1471516444
1473927412
1486321800
1534143767
1517457514
1501886556
1490425099
1471067269
1328106329
1032625731
1032588891
1317408327
1062579760
1065284579
1289636330
1087413318
1439114061
1203982501
1243749033
1422558720
1316193962
1229305000
1312320585
1267019702
1281382832
1307098970
1454879857
1454873126
1454875484
1454875845
1454877567
1454876914
1454883381
1454880581
1454880906
1454881426
1454881498
1454882524
1454885090
1454885500
1454887862
1454890660
1454893489
1454964860
1454963409
1455046917
1455047806
1461647942
1455049377
1455050049
1455052239
1459317880
1464354910
1476077234
1480564305
1482200270
1493195694
1495199380
1495148644
1539492808
1528507198
1329291807
1395963236
1046880954
1076262575
1078760705
1212163393
1232212831
1411947910
1290960290
1252178868
1257228950
1261121637
1263879973
1293655422
1307159727
1311944953
1311954283
1311967473
1312236377
1339900405
1345147239
1363450041
1396977986
1388842062
1401342292
1412197053
1432822156
1427372745
1432569600
1434441931
1452478640
1444995667
1448639452
1453405868
1453953808
1454871355
1454886009
1455052162
1457437954
1480887389
1485120102
1528513659
1442058525
1076266822
1076447826
1076768078
1335156011
1076762005
1076819058
1080688857
1098243262
1316961461
1126871594
1207993472
1235304518
1237881426
1243214730
1252839583
1257050953
1262181253
1285749759
1315164986
1322830484
1329746969
1333486246
1339014895
1377340699
1385802534
1396743340
1412922638
1405603477
1412920973
1405604717
1405605902
1412921717
1412332012
1412486668
1412207219
1412222880
1412285530
1412216728
1435959704
1441521915
1433954541
1464297946
1396977986
1388842062
1401342292
1412197053
1432822156
1427372745
1432569600
1434441931
1452478640
1444995667
1448639452
1453405868
1453953808
1454871355
1454886009
1455052162
1457437954
1480887389
1485120102
1528513659
1442058525
1076266822
1076447826
1076768078
1335156011
1076762005
1076819058
1080688857
1098243262
1316961461
1126871594
1207993472
1235304518
1237881426
1243214730
1252839583
1257050953
1262181253
1285749759
1315164986
1322830484
1329746969
1333486246
1339014895
1377340699
1385802534
1396743340
1412922638
1405603477
1412920973
1405605902
1412921717
1412332012
1412486668
1412207219
1412222880
1412285530
1412216728
1435959704
1441521915
1433954541
1464297946
1433903518
1433889753
1433944664
1433920346
1434329718
1464420520
1434886960
1434817527
1432975348
1464300134
1432978897
1434910523
1469997002
1435857759
1435881764
1435878532
1435730906
1435822709
1435748041
1435688187
1434314531
1448105017
1448115181
1434696852
1434697132
1434723512
1442704116
1442786203
1434725377
1442742057
1434725393
1442752830
1434725491
1436135452
1434725762
1436017001
1442716501
1442729025
1434726119
1434726852
1442779309
1434727201
1442692046
1442747976
1434731046
1434733409
1434736265
1434735562
1475609186
1434738894
1434875534
1434874016
1434875451
1440909391
1435235592
1435237248
1436679222
1438687919
1434441931
1448105017
1448115181
1434696852
1434697132
1434723512
1442704116
1442786203
1434725377
1442742057
1434725393
1442752830
1434725491
1436135452
1434725762
1436017001
1442716501
1442729025
1434726119
1434726852
1442779309
1434727201
1442692046
1442747976
1434731046
1434733409
1434736265
1434735562
1475609186
1434738894
1434875534
1434874016
1434875451
1440909391
1435235592
1435237248
1436679222
1438687919
1449197777
1471638312
1443331416
1474395436
1443401111
1443395860
1443308058
1443605085
1464294993
1464295176
1464298626
1471549025
1443534399
1443636230
1443303568
1445852251
1445984423
1445943375
1445888302
1445870554
1445905990
1464294312
1471916556
1478930536
1501674331
1496543130
1501792746
1538700231
1540361820
1064792203
1323054738
1078154550
1225038929
1265002018
1266295523
1266435321
1282745463
1344256633
1442880150
1351012590
1401420797
1407399898
1413413823
1467550628
1423880157
1434730064
1441488002
1443358410
1446379956
1448641148
1453708761
1454466235
1454892531
1468308556
1460290048
1463034650
1474163731
1490984713
1513885072
1528522877
1530031580
1006696363
1020348861
1031207406
1328220816
1328191045
1328206358
1328051300
1032248183
1032256318
1328080090
1032342222
1033702999
1333641346
1323076938
1064805946
1323354183
1230104164
1234295169
1236115479
1253470254
1257166433
1253470254
1257166433
1257937199
1274190357
1447300123
1293684436
1300305397
1313003536
1318348015
1356944267
1366705951
1367623526
1378722058
1418453704
1427148569
1427640338
1431694021
1435876099
1436502600
1436677253
1445186641
1436674227
1442911671
1436677145
1441296159
1447490627
1448956456
1450629124
1452959360
1452962855
1456002967
1456562025
1463936033
1460700879
1461835734
1472038130
1478255661
1485649384
1487926307
1518552788
1528502860
1528503069
1017945240
1046115508
1050974079
1520437824
1076260925
1076265771
1076761466
1321377444
1335093093
1335136192
1076449240
1076449531
1323090407
1321912030
1076767106
1326105190
1321678243
1321615291
1436674227
1442911671
1436677145
1441296159
1448956456
1450629124
1452959360
1452962855
1454466235
1456002967
1463936033
1460700879
1472038130
1474163731
1478255661
1487926307
1502644688
1518552788
1528494992
1528509479
1528511414
1528517938
1528523345
1528528646
1530035144
1046115508
1050974079
1520437824
1076265771
1076761466
1321377444
1335093093
1335136192
1076449240
1076449531
1323090407
1321912030
1076767106
1321678243
1321615291
1335102880
1321269046
1326109085
1319075454
1326091227
1326885523
1326097986
1322917034
1330455737
1076825634
1321179990
1240649383
1246734616
1279140408
1262067694
1310499352
1358193350
1298200203
1307942407
1315143703
1436395547
1435821244
1435642965
1435665434
1447694776
1436178131
1436038176
1436400719
1436356505
1436212359
1436030774
1436204583
1436175618
1435846905
1436001347
1435471474
1435586351
1435443325
1435239893
1434599811
1436385906
1436179649
1435857026
1436456309
1436374540
1435955477
1435661148
1435692849
1435453093
1434934542
1433115988
1434425066
1435288492
1435508406
1434721787
1435740494
1434999907
1434283598
1434937599
1435652172
1434507852
1434437423
1435332372
1433117743
1434445887
1434374889
1434553014
1434476615
1434726237
1434722517
1434722926
1434723381
1434727029
1454912068
1434723878
1434723901
1542689139
1434724953
1454151228
1434725025
1435955477
1435661148
1435692849
1435453093
1434934542
1433115988
1434425066
1435288492
1435508406
1434721787
1435740494
1434999907
1434283598
1434937599
1435652172
1434507852
1434437423
1435332372
1433117743
1434445887
1434374889
1434553014
1434476615
1434726237
1434722517
1434722926
1434723381
1434727029
1454912068
1434723878
1434723901
1542689139
1434724953
1454151228
1434725025
1436094381
1434725117
1434726172
1434726350
1434726366
1542808495
1548694330
1436094382
1434727072
1434727121
1542939648
1434727352
1541957560
1454919735
1542826759
1454914368
1434727555
1542673354
1542705738
1542608381
1434727714
1434727776
1542479349
1454100917
1434728006
1434732045
1434732124
1434732251
1434732313
1434732383
1434736731
1434732680
1434732704
1434734858
1434732778
1434732826
1434734535
1434732872
1434732882
1434732895
1434732987
1434733010
1434733021
1436111276
1434733200
1434733220
1434733244
1434735231
1434733371
1434735475
1434733542
1436095358
1434733642
1434733744
1434733762
1434733820
1434735947
1434733969
1434734022
1434734234
1434734261
1434734404
1434734425
1434734450
1434734476
1434734506
1434737651
1434734562
1434734595
1434734744
1434734807
1434740230
1434735239
1434735415
1434735741
1434735670
1434735780
1434735898
1434735967
1434736015
1434736188
1434736212
1434736455
1434736487
1434736493
1434736493
1434736520
1434737430
1434736803
1434737038
1434737090
1434737217
1434739631
1434738530
1434737618
1434737701
1434738011
1434738113
1434738192
1434738197
1434738414
1434738425
1434738525
1434738570
1434739119
1434739375
1434740332
1435238661
1435238460
1435234303
1435234622
1435234699
1435238040
1435234984
1435235384
1435235557
1435235669
1435235942
1435235983
1435236313
1435236445
1435236476
1435236843
1435236879
1435238333
1435236944
1435237061
1435237088
1435237101
1435237241
1435237382
1435237459
1435237524
1435237754
1435238197
1435238273
1435239231
1435238371
1435238507
1435238701
1435238708
1435238722
1435238839
1542468674
1444533870
1437932370
1440786021
1444334382
1444458015
1444465729
1444462980
1444466462
1444462249
1444465840
1444460810
1444460899
1444461904
1522297372
1444462096
1444462319
1444468562
1444464130
1444466138
1444468052
1444472931
1444465343
1444472064
1444464394
1458366556
1444464549
1444464676
1444468744
1444465125
1444465282
1444465420
1444474044
1444468877
1444465706
1444465820
1444465921
1444470279
1444466126
1444466537
1444466618
1444467295
1444467401
1444471733
1444468230
1444467891
1444472304
1444471561
1444468415
1444468466
1444475605
1444469964
1447776253
1444474188
1444471186
1444468961
1444472001
1444469326
1444474877
1444472809
1444470404
1444476148
1458366556
1444464549
1444464676
1444468744
1444465125
1444465282
1444465420
1444474044
1444468877
1444465706
1444465820
1444465921
1444470279
1444466126
1444466537
1444466618
1444467295
1444467401
1444471733
1444468230
1444467891
1444472304
1444471561
1444468415
1444468466
1444475605
1444469964
1447776253
1444474188
1444471186
1444468961
1444472001
1444469326
1444474877
1444472809
1444470404
1444476148
1444470980
1444474633
1444476876
1444473903
1444474341
1444473058
1444472081
1444472227
1444472650
1444474600
1444472872
1444473471
1444475752
1444474227
1444475277
1444474724
1444476537
1444475097
1444475957
1444475646
1444476195
1444476721
1444480675
1448631309
1448631691
1448634464
1448632381
1448633650
1448633045
1448633155
1448633319
1448634737
1448636876
1448634118
1448634319
1448636656
1448635268
1448635520
1448635953
1448638760
1448640275
1448643082
1448637849
1448642893
1448638938
1448641037
1448638101
1458404764
1448638720
1448638801
1448639529
1448640946
1448643987
1448641007
1458360206
1448641486
1448643679
1448641686
1448641886
1448641967
1448643460
1448646338
1448646995
1448645453
1448643382
1448643512
1448643813
1448645083
1448647132
1448646439
1448654635
1448645144
1448645002
1448645226
1448645306
1448645379
1448645864
1448649729
1448650131
1448649539
1448646305
1448646583
1448653501
1448638938
1448641037
1448638101
1458404764
1448638720
1448638801
1448639529
1448640946
1448643987
1448641007
1458360206
1448641486
1448643679
1448641686
1448641886
1448641967
1448643460
1448646338
1448646995
1448645453
1448643382
1448643512
1448643813
1448645083
1448647132
1448646439
1448654635
1448645144
1448645002
1448645226
1448645306
1448645379
1448645864
1448649729
1448650131
1448649539
1448646305
1448646583
1448653501
1448646796
1448647571
1448647086
1448647125
1448647908
1448648181
1448650456
1448649636
1448652635
1448651246
1448648960
1448654429
1448650739
1448650252
1448653803
1448651140
1448650873
1448650469
1448653880
1448652129
1448650985
1211805693
1463770896
1507525397
1212218056
1246655181
1339511039
1232772551
1477567109
1109612300
1306038845
1419145998
1456081600
1470377096
1533628104
1151205011
1282103678
1471569779
1474427371
1229804655
1310499352
1379611725
1381317
1014963580
1084515314
1208505693
1263235338
1330268591
1444224641
1478636068
1232162244
1348763162
1442889223
1446234669
1460177146
1530035144
1347239632
1466184603
1027544542
1265014131
1461499999
1474064619
1506380563
1033917786
1080544205
1207772619
1408129530
1491807104
1208789843
1228152670
1278412457
1392168752
1423963794
1031898954
1269181211
1474851356
1063649192
1365893485
1375369877
1378847413
1479623855
1507525397
1212218056
1246655181
1339511039
1232772551
1477567109
1109612300
1306038845
1419145998
1456081600
1470377096
1473833043
1533628104
1151205011
1282103678
1471569779
1474427371
1229804655
1310499352
1379611725
1381317
1014963580
1084515314
1208505693
1263235338
1330268591
1444224641
1478636068
1232162244
1348763162
1442889223
1446234669
1460177146
1530035144
1347239632
1466184603
1027544542
1265014131
1461499999
1474064619
1506380563
1033917786
1080544205
1207772619
1408129530
1491807104
1208789843
1228152670
1278412457
1392168752
1423963794
1031898954
1269181211
1474851356
1063649192
1365893485
1375369877
1378847413
1479623855
1523120890
1007897732
1057723531
1237653498
1347587213
1317978375
1032218938
1036025838
1072470756
1241681294
1288076437
1383900346
1011665602
1064786493
1204076566
1263743192
1266604202
1273317986
1538440297
1008349211
1084689729
1275816293
1315577949
1319165698
1320795031
1019636175
1036223440
1048905532
1120563704
1278463058
1288291895
1367834497
1378405030
1400274482
1451656876
1010838197
1073349421
1052421762
1052783125
1210847917
1286007802
1306295488
1489793896
1514526730
1050382170
1251101577
1357958496
1375547270
1442327984
1364100672
1497180258
1525343728
1407062757
1462012129
1481118699
1501856410
1501942670
1031513799
1123603031
1269184412
1306043895
1453696043
1453696100
1453696127
1453696198
1453696210
1453699942
1453696541
1453696588
1453696620
1453696696
1453696767
1453699229
1453697057
1453697086
1453697153
1453697179
1453700937
1453697393
1453697709
1453697727
1453697745
1453698317
1453698499
1453698518
1453698642
1453698722
1453698745
1453698802
1453698847
1453698896
1453699054
1453699258
1453699766
1453699876
1453702147
1453699981
1461835734
1014963580
1234295169
1266409146
1309963570
1321781420
1485649384
1259147112
1263611873
1311928172
1446217704
1449909578
1470604294
1478938794
1529257433
1063388871
1240576574
1460177146
1461245169
1121519585
1463770896
1474064619
1211805693
1246655181
1339511039
1466837344
1109612300
1392168752
1506380563
1031898954
1212218056
1306038845
1419145998
1232772551
1456081600
1470377096
1473833043
1477567109
1282103678
1471569779
1474427371
1533628104
1032218938
1072470756
1151205011
1263235338
1330268591
1383900346
1444224641
1011665602
1064786493
1084515314
1208505693
1229804655
1263743192
1266604202
1348763162
1446234669
1381317
1008349211
1232162244
1315577949
1347239632
1442889223
1466184603
1478636068
1019636175
1367834497
1378405030
1461499999
1010838197
1073349421
1027544542
1033917786
1052421762
1080544205
1207772619
1210847917
1306295488
1408129530
1491807104
1208789843
1265014131
1278412457
1431089286
1063649192
1228152670
1375369877
1378847413
1423963794
1474851356
1479623855
1007897732
1064553795
1237653498
1269181211
1347587213
1365893485
1523120890
1036025838
1241681294
1288076437
1317978375
1273317986
1275816293
1451689639
1048905532
1084689729
1319165698
1538440297
1204076566
1288291895
1320795031
1456595283
1475300095
1036223440
1052783125
1400274482
1489793896
1050382170
1120563704
1251101577
1278463058
1375547270
1442327984
1514526730
1286007802
1357958496
1364100672
1407062757
1501856410
1501942670
1004336604
1031513799
1123603031
1207091766
1460586146
1470546365
1485162751
1497180258
1510279772
1525343728
1053889166
1339399762
1532283001
1041391198
1086526094
1087716789
1105311146
1308114562
1210384237
1229214902
1253143114
1277356593
1280975027
1285650619
1285911022
1298092670
1314487773
1364618058
1397627410
1430461806
1463053439
1469790310
1470129849
1480946067
1481353571
1483683188
1486868927
1519922904
1003563940
1017768856
1230190577
1271541083
1311177927
1337865561
1376766731
1520288915
1481324472
1442167942
1464305481
1470767014
1472755079
1473259447
1481224465
1486211077
1491830045
1499156890
1514134518
1129480528
1078221327
1230474205
1242367372
1329895585
1286076301
1327647322
1391532480
1421911900
1434531050
1451604228
1458408892
1471498979
1473595901
1473900405
1482313367
1485357719
1489909206
1501944338
1506248289
1514925085
1017658258
1029859932
1444636012
1081784751
1082591520
1266324619
1206908750
1208026276
1232423992
1246897275
1378133557
1382330121
1382423994
1408298099
1415617130
1421163770
1443037168
1446648402
1463977143
1466887307
1470103293
1470103674
1488438570
1510568939
1019798612
1076586820
1082503582
1219067532
1257333952
1421239158
1283733977
1309106457
1387537964
1406586308
1414629864
1429158120
1433521143
1438880336
1449324661
1453405671
1463244116
1463736051
1465387112
1471054986
1471501462
1474206372
1490717811
1490948361
1491802307
1493802432
1501827721
1526333786
1085447659
1131249193
1022875088
1077372906
1094392227
1105792009
1195785417
1208960179
1210428207
1236333840
1247775485
1525614771
1266322518
1296669445
1312308786
1339529573
1432569694
1432824237
1434705944
1437508253
1444002452
1446408030
1465566454
1476383219
1479011428
1491062659
1491830045
1497890878
1499883846
1027209701
1116732627
1153846402
1211622923
1241230897
1241826762
1257151837
1278474527
1282198837
1310158217
1350246825
1368029913
1378134132
1452298945
1455772570
1461345497
1471497186
1471925891
1475448024
1480669813
1496845219
1497519608
1522383967
1041391198
1086526094
1105311146
1205852298
1210384237
1229214902
1253143114
1277356593
1280975027
1285650619
1285911022
1314487773
1397627410
1430461806
1463053439
1469790310
1470129849
1481353571
1483683188
1486868927
1519922904
1532283001
1003563940
1017768856
1230190577
1271541083
1311177927
1337865561
1376766731
1520288915
1442167942
1464305481
1467206109
1470767014
1472755079
1473259447
1481224465
1486211077
1499156890
1129480528
1078221327
1308114562
1230474205
1242367372
1329895585
1286076301
1327647322
1391532480
1421911900
1481324472
1434531050
1451604228
1458408892
1471498979
1473595901
1473900405
1480946067
1482313367
1485357719
1501944338
1506248289
1514925085
1017658258
1029859932
1444636012
1266324619
1206908750
1208026276
1246897275
1378133557
1382330121
1382423994
1408298099
1415617130
1421163770
1431009227
1443037168
1446648402
1466887307
1470103293
1470103674
1488438570
1489909206
1076586820
1082503582
1149129290
1219067532
1257333952
1421239158
1283733977
1387537964
1414629864
1429158120
1433521143
1438880336
1439957626
1449324661
1453405671
1463244116
1463736051
1463977143
1465387112
1470601912
1471054986
1471501462
1474206372
1490717811
1491802307
1493802432
1501827721
1015348868
1019798612
1526333786
1081784751
1085447659
1131249193
1236755314
1299190879
1309106457
1338316911
1349593033
1380133616
1406586308
1417958513
1424988589
1430983827
1438748166
1467987044
1470256794
1473865713
1478273194
1478913877
1490948361
1494421073
1504158886
1510568939
1003440471
1018404938
1098400332
1121583656
1207775290
1217718267
1259646441
1260415605
1265337351
1269375876
1298446428
1332237580
1379433173
1427148838
1453723327
1456664724
1466163978
1473336158
1479300378
1481831884
1500120635
1518764324
1030361879
1077006919
1197079214
1247429049
1262859302
1305908396
1424989235
1438655790
1446026389
1473022617
1480638403
1481197709
1488622223
1500197600
1501509556
1038597722
1055766767
1076548329
1094007073
1107147083
1111207733
1155347398
1198548481
1212518403
1243876199
1283524634
1318922992
1378131280
1378469327
1379256299
1397804822
1411445606
1397804822
1411445606
1449861054
1456810817
1461549518
1473576099
1473599994
1474770728
1480489512
1482465676
1493802668
1507074275
1510996279
1016494718
1033654248
1075342801
1106425007
1158205943
1176917596
1235650631
1257396789
1403114319
1293907357
1314230669
1315140141
1315144096
1343407618
1369430991
1375188272
1379497359
1396711745
1428289720
1425678367
1430499131
1436964003
1440169502
1443808651
1444468087
1453076434
1455487028
1458669570
1458944063
1460983573
1470525304
1474404759
1479325828
1488565930
1493854677
1517305781
1031891155
1046449149
1126920794
1132186674
1233569927
1430654886
1241677082
1286076072
1296842527
1304483013
1359176194
1472952358
1500179235
1028499858
1097249951
1236295229
1243790417
1380197298
1445968328
1502480122
1057108691
1220216087
1221693266
1225424293
1241452332
1242906769
1314418227
1316579022
1350339517
1393313009
1451327785
1503690604
1081946627
1237764613
1291682845
1383990700
1436241160
1444466899
1448640900
1466997755
1475921047
1492750493
1497919588
1288815494
1081945966
1083465889
1232972411
1262214136
1295372910
1305354259
1315334064
1339328718
1437517084
1473831879
1518296885
1029228676
1073585809
1149129188
1236160571
1257579629
1304417091
1366950976
1405069321
1407000151
1439957626
1466688755
1491349442
1503872305
1030151298
1278576340
1371186029
1018251124
1035882567
1243859495
1113972132
1133203558
1208056438
1210424309
1217198693
1226170792
1264926069
1293768733
1293835390
1316806637
1338754468
1343200851
1389965929
1412310874
1412737244
1426979109
1455572936
1445012350
1446416556
1451748770
1470342900
1477988385
1486854138
1487854203
1031273456
1059598083
1074073111
1100349663
1105717111
1105779967
1106471749
1118627495
1127611533
1143514176
1143663790
1153008319
1173400590
1218364848
1219298584
1225224056
1240073793
1240123427
1246624068
1250374518
1253471118
1287338703
1287996837
1290299206
1293864432
1307611206
1329070457
1354382114
1361352892
1364869572
1364896736
1374955613
1380200133
1385483804
1389897361
1413591115
1416169555
1425718621
1426938964
1431809710
1433563538
1437378082
1443365532
1443998176
1444508303
1445212132
1455688768
1456592831
1457484362
1459675733
1460981428
1461491209
1465692786
1465789320
1468161594
1468817391
1469816275
1470600224
1471051855
1471383250
1472447685
1473263234
1473321830
1474439908
1474583040
1474664323
1474788906
1474929959
1474963594
1477647052
1479019110
1480811488
1483923631
1486506620
1490583184
1490764538
1499103573
1511323163
1515738366
1518583793
1027142241
1072728621
1084810610
1090746121
1220995986
1247884253
1264959184
1283686447
1310326416
1333581320
1367048664
1368553131
1370652431
1257971003
1261058900
1278351824
1296885366
1339387360
1341380035
1420647840
1456327055
1459520765
1470462974
1476465723
1490882274
1503958152
1503968477
1505091494
1508397289
1070015303
1300194720
1372198939
1425626981
1457224319
1457449185
1458683653
1475121033
1475883146
1480526100
1481294066
1483129160
1487415414
1490674396
1494595754
1509856967
1032694547
1152091932
1156187949
1333554961
1355393216
1374216784
1419082931
1443116300
1453366600
1475598558
1477700817
1503888615
1373795486
1453964587
1454274877
1469001285
1474879085
1504187707
1513948234
1517106030
1019469661
1024590344
1034191169
1077372911
1211309766
1372283735
1259045012
1314331088
1226789906
1241059615
1283531940
1285853703
1296226803
1320801695
1327724001
1331989664
1432011791
1435367713
1457307655
1466018933
1470297866
1471025219
1494205004
1501511408
1511091085
1514997114
1035672164
1107270751
1120184623
1302624530
1169245734
1324644374
1347855275
1350137038
1377369269
1437240115
1442665390
1449454645
1480168608
1482838391
1489488770
1501817417
1505888338
1506493923
1506864106
1519236869
1011969907
1015868562
1025427938
1190786835
1226555666
1235237295
1250907573
1254295922
1286395950
1288835290
1315159512
1335084362
1362319734
1409219317
1410832501
1436644026
1459122752
1466521645
1467256243
1470771362
1475950800
1476508105
1304417091
1305354259
1339328718
1405069321
1437517084
1454098653
1466688755
1490203559
1491349442
1511035305
1029228676
1017767191
1278576340
1320827856
1382062314
1411306496
1451756326
1480682140
1485519866
1487502829
1503872305
1518296885
1016319136
1033379912
1229163453
1271471967
1365008925
1297268580
1314970622
1334628716
1366950976
1414796952
1419022695
1427370019
1446394110
1446656968
1485441322
1487908792
1495856786
1027554054
1053898097
1194176871
1231332204
1277377478
1334938134
1341909035
1403798974
1446469648
1452542159
1463747833
1468116732
1475339477
1481837121
1488076323
1489733203
1051771992
1122153544
1257971003
1278351824
1296885366
1341380035
1420647840
1456327055
1457750969
1459520765
1470462974
1476465723
1490882274
1503958152
1503968477
1505091494
1508397289
1070015303
1113162199
1190786835
1300194720
1339387360
1372198939
1425626981
1457224319
1457449185
1458683653
1475121033
1475883146
1480526100
1481294066
1483129160
1487415414
1490674396
1494595754
1509856967
1032694547
1152091932
1210652598
1355393216
1419082931
1453366600
1477700817
1503888615
1373795486
1374216784
1453964587
1469001285
1474879085
1504187707
1513948234
1517106030
1024590344
1034191169
1211309766
1259045012
1314331088
1350046797
1354745750
1364677083
1443116300
1454274877
1455476250
1455479621
1473340941
1424814967
1427315979
1431912414
1432973452
1433790766
1437322845
1455709428
1470311160
1492685716
1496208252
1497866503
1503604134
1513514335
1077090442
1093669983
1116662784
1235327415
1236204921
1240419975
1271742941
1273790383
1320782683
1372263875
1416785377
1445872245
1446014006
1448748503
1451241933
1461391368
1471984284
1472251091
1473833629
1476267872
1477346917
1478931445
1479549023
1483686706
1486226851
1492364252
1501361622
1502827271
1503380566
1504476810
1021220353
1078572834
1095822821
1157846586
1235499054
1256704470
1381302887
1329097487
1366098697
1466009525
1473920646
1478182022
1497742880
1502164030
1503411890
1506881387
1539663220
1490687832
1179081819
1263777499
1283531940
1285853703
1296226803
1327724001
1331989664
1432011791
1457307655
1466018933
1471025219
1501511408
1503973343
1511091085
1514997114
1015868562
1035672164
1037842801
1120184623
1302624530
1226789906
1324644374
1347855275
1350137038
1377369269
1435367713
1437240115
1442665390
1449454645
1480168608
1482838391
1489488770
1501817417
1519236869
1011969907
1025427938
1169245734
1226555666
1250907573
1254295922
1288835290
1315159512
1320801695
1335084362
1362319734
1409219317
1410832501
1459122752
1467256243
1470771362
1475950800
1476508105
1480455500
1487367249
1488581844
1488585623
1494205004
1501012501
1501824092
1473018306
1501767889
1473865549
1474745593
1474830675
1476148271
1480082192
1481182903
1484629997
1486396537
1493834203
1493868236
1495637449
1496044062
1503887921
1509748924
1511323163
1082837653
1083465900
1089433564
1266687758
1271475229
1377369575
1455572935
1468228991
1481043397
1052189630
1212156707
1222664240
1239452791
1298762886
1266254978
1279575633
1296171179
1312037083
1435551057
1465893956
1467932743
1473410270
1480457519
1116038534
1496508374
1262550575
1356993784
1485918269
1393155497
1411032785
1448637731
1027534876
1130258236
1232764567
1273424541
1377023305
1394218645
1480737589
1484437755
1539591413
1035988082
1398921380
1364814930
1263290645
1291088736
1305648497
1349110843
1485907569
1506446956
1032293992
1334106664
1287745241
1282171795
1304153174
1411644943
1462151476
1473169620
1544763408
1305240680
1494457960
1478825053
1045814455
1308812064
1323096530
1467373895
1503190906
1106566692
1248238337
1248544251
1257409452
1382270989
1414682553
1432807754
1436189624
1089226074
1098941424
1231460398
1284260103
1325049435
1460205185
1478651305
1481649621
1053473603
1238934338
1284527234
1293772082
1309992844
1313343106
1338483700
1411764028
1446654013
1471442540
1459211
1258876974
1194430011
1240347522
1278715317
1300294629
1306539393
1338286852
1339501309
1432661940
1462297746
1472958882
1478253619
1479169954
1484101065
1497678311
1522371894
1044239310
1138309635
1179081819
1226789906
1229520191
1231672977
1503969874
1253592848
1285604998
1314547903
1323168624
1378568819
1388675894
1411964604
1446565670
1448652232
1465513933
1486855066
1198785142
1220592307
1284282038
1341698870
1478440744
1480171621
1541854218
1105958144
1252330059
1337463019
1382142273
1472677651
1474791794
1478396726
1495345648
1503576849
1144561046
1293911660
1264143020
1333404943
1353669606
1454877975
1478955755
1502704182
1538538356
1184703723
1441504452
1267727845
1364902557
1479741680
1233174251
1235199895
1413284461
1247026937
1433710721
1478408833
1467008239
1468228991
1473018306
1473865549
1474745593
1474830675
1480082192
1481043397
1481182903
1484629997
1486396537
1493868236
1509748924
1089433564
1212156707
1239452791
1298762886
1266254978
1279575633
1296171179
1312037083
1435551057
1462373872
1465893956
1467932743
1473410270
1480457519
1116038534
1496508374
1356993784
1485918269
1411032785
1448637731
1130258236
1273424541
1339501309
1384426497
1394218645
1432661940
1480737589
1484437755
1027534876
1035988082
1398921380
1361160228
1377023305
1417754652
1444470333
1453056354
1454876048
1486855066
1032293992
1263290645
1305648497
1364814930
1349110843
1105958144
1334106664
1291088736
1287745241
1282171795
1411644943
1494457960
1478825053
1045814455
1248502869
1305240680
1308812064
1323096530
1478408833
1498112363
1106566692
1257409452
1317449073
1382270989
1414682553
1436189624
1486383797
1089226074
1098941424
1231460398
1248544251
1284260103
1325049435
1460205185
1478651305
1481649621
1053473603
1238934338
1248238337
1284527234
1293772082
1309992844
1313343106
1411764028
1446654013
1471442540
1490705177
1506446963
1459211
1258876974
1194430011
1240347522
1300294629
1306539393
1338483700
1462297746
1478253619
1480171621
1484101065
1522371894
1044239310
1138309635
1229520191
1231672977
1503969874
1285604998
1314547903
1323168624
1338286852
1378568819
1388675894
1448652232
1472958882
1278715317
1284282038
1341698870
1411964604
1446565670
1473169619
1479169954
1494105932
1495345648
1381279
1220592307
1253592848
1337463019
1382142273
1466271799
1472677651
1478440744
1144561046
1198785142
1293911660
1264143020
1333404943
1353669606
1454877975
1478396722
1478955755
1502704182
1503576849
1538538356
1541854218
1184703723
1441504452
1252330059
1267727845
1364902557
1233174251
1235199895
1413284461
1247026937
1433710721
1474791794
1479741680
1069525152
1196948935
1259344615
1378806498
1462187462
1473341143
1489330153
1533039737
1474670739
1519354176
1527125694
1249305845
1341386341
1364255424
1468113779
1184095532
1271411193
1366460844
1464440741
1475520415
1109192545
1305961818
1330303419
1382798931
1420771580
1436233161
1446187564
1398685
1088105829
1274929878
1367933195
1376869152
1459680389
1006756953
1034007595
1309914336
1290061787
1325051208
1357355170
1496887602
1526459299
1031913217
1037369109
1199311022
1433696225
1444472147
1479238248
1241223002
1284142071
1471832500
1469955322
1506727432
1095523289
1249352048
1270471968
1275363491
1332302508
1370719854
1377525857
1449196040
1503140958
1507203094
1005384988
1264914287
1494204886
1509420944
1535489135
1021242837
1478679793
1293422530
1331394988
1479534673
1536010243
1231023005
1063955978
1381339795
1475095476
1145634684
1151004955
1160024016
1257090963
1307984666
1454297892
1455258323
1472608948
1494767401
1381212
1237902252
1271721211
1373129779
1492700657
1493585074
1499887995
1007476782
1034386084
1069530009
1084850613
1283673325
1341832061
1307776588
1531490854
1052836097
1195608343
1235310909
1239257947
1242912539
1322632025
1425910393
1049952436
1275096762
1373223975
1085952265
1273539943
1437038309
1495390980
1419054029
1488232524
1508783287
1315095033
1482263650
1482826499
1021251030
1022227210
1375677178
1506118284
1166907848
1227628881
1485139003
1486699212
1012964673
1245781067
1253504968
1221977486
1244956274
1274933980
1388612348
1400233916
1480724995
1247948535
1253853945
1510052610
1015428081
1398984237
1498084544
1243924217
1308803658
1351999567
1507453966
1525158983
1176145811
1239978630
1252820433
1274438097
1423986656
1501796634
1528386210
1484600716
1486193993
1497974667
1501857847
1517361072
1075904602
1078617681
1328163380
1084882091
1308108547
1242908996
1248558698
1285335061
1394112300
1342738993
1382851163
1519882388
1235693010
1269293205
1275656782
1334941193
1311814535
1145210596
1147649035
1205390382
1351033779
1496346615
1222672572
1275749951
1293775886
1305035601
1323209487
1364593119
1449382961
1481638304
1484420503
1520878090
1381212
1161859308
1446405693
1475095476
1165725056
1259792615
1034399353
1302668041
1389626659
1445589960
1473689688
1528022377
1117219216
1454247087
1458134736
1479807509
1480854133
1495409086
1027513689
1036265347
1218906057
1279682274
1480171311
1511045410
1232424915
1323051457
1426959945
1522526127
1049500890
1086743329
1206099717
1226594189
1319102346
1453147342
1453078409
1506552614
1063955978
1264640148
1320248557
1381339795
1034386084
1078210268
1145634684
1257090963
1307984666
1454297892
1472608948
1494767401
1381212
1084850613
1237902252
1455258323
1493585074
1069530009
1151004955
1373129779
1271721211
1327031588
1341832061
1488232524
1492700657
1158953655
1542151502
1527808255
1477026009
1538565857
1083646988
1218283341
1226464955
1322399031
1467384183
1479205657
1472756316
1026227860
1358003300
1475565433
1222708231
1339696072
1310090795
1256511482
1291710024
1484136989
1492701139
1528538832
1305767636
1362637399
1493387889
1041112388
1263853326
1302565945
1484172916
1257066299
1303728648
1333820296
1476970858
1499713925
1038870186
1205528713
1256944705
1542022106
1424049308
1240725005
1270442039
1345884647
1462019951
1463872286
1490944393
1315093105
1466348416
1477394177
1324218386
1474128223
1479162821
1241811993
1480225503
1116729459
1118761327
1304952731
1211719403
1438894449
1242810467
1001804515
1032873336
1252104500
1506556284
1215810092
1267433294
1278278063
1482925002
1031406897
1402463386
1509365757
1142730375
1302652738
1228280161
1296538606
1461125675
1495890096
1525007606
1029237930
1492696674
1503114071
1236457742
1338456954
1031623205
1032132139
1320842767
1390222075
1434370931
1054534501
1080685601
1383956018
1444113483
1444704611
1447811631
1458257881
1427181106
1372062357
1451924499
1473421390
1292997155
1354375302
1252105271
1334681212
1286552363
1454559543
1472766995
1454558784
1459679966
1459717369
1459601831
1454559155
1459537632
1459721863
1459645936
1454557425
1454557708
1454558835
1454558283
1454558309
1459500339
1434284983
1508796644
1536601835
1063143963
1090534542
1310510643
1376803780
1385110993
1105935726
1149159518
1289570340
1313424357
1091629019
1400461512
1400571427
1267450600
1400611184
1028472632
1218205588
1311133067
1435960541
1480084982
1380511
1135921083
1332075693
1432906353
1483319599
1190912901
1252284583
1275743783
1352834847
1409449361
1483319600
1027484387
1053177173
1244030668
1311653421
1483217
1281656408
1424035215
1030653717
1505909347
1507530745
1022014038
1060952156
1111287290
1338304077
1481814555
1497311732
1032691354
1063289549
1252090530
1346653665
1459680393
1483834098
1207101280
1263201251
1479065787
1501862869
1483511044
1143594447
1213525053
1267162803
1308838878
1498157960
1080860493
1220811782
1489910996
1357030046
1240676871
1442287487
1492967751
1216545418
1235707587
1477696208
1283713164
1340945253
1533361076
1218492470
1015113099
1284295586
1243023009
1298477573
1434284983
1508796644
1536601835
1063143963
1090534542
1310510643
1376803780
1385110993
1105935726
1149159518
1289570340
1525814963
1313424357
1091629019
1400461512
1400571427
1267450600
1400611184
1028472632
1218205588
1311133067
1435960541
1480084982
1380511
1135921083
1332075693
1432906353
1483319599
1190912901
1252284583
1275743783
1352834847
1409449361
1483319600
1027484387
1053177173
1244030668
1031623205
1032132139
1236457742
1434370931
1054534501
1080685601
1320842767
1332280339
1383956018
1237526110
1034878803
1423882679
1423917799
1377334954
1457468629
1427430508
1424087187
1364618058
1391205246
1406948990
1334424702
1432909507
1433723378
1076440981
1232736667
1221607581
1416194217
1427406714
1398009993
1237816527
1384126658
1250398763
1196945924
1384109871
1031046334
1511053434
1241782083
1390222075
1030438589
1031986291
1231300251
1238028645
1339932932
1284716456
1328754586
1430488721
1436513449
1063400303
1448340028
1485120723
1517263747
1017012229
1175419719
1380247634
1383090677
1465200289
1479206482
1480360529
1527920994
1361319542
1093699930
1484866598
1495577509
1508367885
1082604648
1211325284
1317075817
1457589565
1490407207
1519742289
1508482614
1100961013
1262083964
1283528615
1302040526
1028817541
1246818661
1315152531
1318854379
1494615464
1276902635
1338734105
1365909572
1502903382
1218506391
1458364962
1491799015
1531883534
1053137447
1173322114
1250648851
1363620021
1364472306
1430480437
1473500548
1504830754
1506564258
1264778911
1449044689
1476136254
1076883080
1509994157
1527561542
1034094924
1173462693
1411075115
1152934907
1222643256
1187808588
1082960699
1251182139
1478965252
1481352501
1508481878
1054172620
1207945970
1357985791
1470358722
1022367877
1024408197
1289570340
1298477573
1525814963
1385110993
1424049308
1028472632
1149159518
1218205588
1135921083
1311133067
1432906353
1435960541
1480084982
1527174660
1380511
1252284583
1275743783
1332075693
1027484387
1244030668
1352834847
1483319599
1053177173
1281656408
1409449361
1424035215
1483319600
1030653717
1311653421
1507530745
1022014038
1060952156
1481814555
1032691354
1338304077
1483834098
1063289549
1111287290
1207101280
1252090530
1263201251
1346653665
1401131654
1479065787
1501862869
1483511044
1187824594
1315425742
1473186242
1243950903
1409487562
1510001814
1518167544
1252707090
1479225672
1508352089
1302116414
1309223905
1494067054
1400285399
1516811824
1035668917
1043560785
1078334168
1315424048
1473513794
1077325198
1263895658
1419002386
1293882583
1302620018
1319111317
1435628953
1491068015
1031227246
1328640485
1484866598
1495577509
1082604648
1126968620
1490407207
1093699930
1211325284
1508482614
1082960699
1100961013
1262083964
1302040526
1317075817
1457589565
1017710806
1246818661
1283528615
1315152531
1494615464
1028817541
1318854379
1338734105
1365909572
1491799015
1053137447
1173322114
1218506391
1250648851
1276902635
1364472306
1430480437
1473500548
1486831893
1502903382
1076883080
1211374507
1264778911
1363620021
1458364962
1375208282
1449044689
1476136254
1504830754
1509994157
1527561542
1450526753
1152934907
1222643256
1411075115
1034094924
1035922566
1173462693
1187808588
1473159430
1478965252
1508481878
1054172620
1251182139
1470358722
1022367877
1024408197
1031947821
1190912901
1278286616
1357985791
1481352501
1207945970
1264230975
1424040039
1475303715
1492179537
1499611086
1522125203
1032340125
1046513803
1069467614
1132491689
1220503277
1250799277
1263462814
1276368080
1140966778
1245370219
1215810873
1249891156
1494471888
1472431053
1502122151
1087584997
1100943637
1148629519
1240247453
1259263502
1277266070
1427064601
1510269848
1042640469
1425916337
1475279844
1492857989
1091057252
1308118938
1251489369
1491471995
1491471995
1431933809
1482237945
1016539857
1069517279
1069606652
1221969342
1079643664
1101355113
1160354352
1481724307
1487423224
1195239253
1324157101
1497311732
1148531409
1236726291
1379493656
1473253220
1524438772
1204076152
1300046823
1499855400
1500329501
1303782876
1472914685
1518175896
1317610229
1473008603
1527933958
1053590101
1274435687
1462193223
1477747896
1420852098
1481296616
1265428013
1411049899
1483178471
1495386499
1351723738
1499619981
1303709796
1027328722
1228131156
1302576533
1339946909
1499871278
1047098312
1241017243
1287906900
1529216386
1034171843
1282122676
1457957268
1478293086
1148437527
1371693520
1028300685
1238137903
1195390651
1205539132
1490452041
1035371425
1369346280
1471154400
1245860674
1398142508
1400336229
1272438482
1506710648
1377923
1103356472
1159333019
1178425008
1257098508
1485140456
1083183778
1173368215
1178694430
1218082273
1285550488
1518590739
1265286523
1477979840
1516732667
1259434169
1158407011
1384688271
1474213469
1242561836
1442686680
1474023991
1523465132
1269431112
1456366566
1135366057
1247487736
1341622976
1389716519
1481627554
1492498987
1492632338
1000793079
1289043107
1297005733
1546319625
1042953291
1218090470
1455902587
1483081930
1518167545
1244340479
1340850899
1508341714
1293619130
1529119888
1538132825
1073590717
1223880585
1226552572
1228238886
1379738553
1427218571
1157466972
1214832031
1252423997
1296583132
1334004609
1431885568
1523074930
1152626089
1157414569
1218247273
1266722353
1529061275
1529067658
1472611400
1239901641
1508594963
1073821136
1083475982
1187523313
1221729837
1239054835
1262976371
1529062488
1031986437
1315728931
1361524288
1482130064
1221698716
1529073664
1021195263
1024849378
1032076895
1308117236
1218492471
1237587965
1444620881
1482991821
1491480544
1016511762
1022241567
1047675258
1195154649
1485106365
1028878512
1431728575
1493177390
1306389522
1402933922
1055454704
1529129477
1205531599
1496395433
1089875788
1102974252
1506710778
1210703912
1152573737
1034522918
1248033969
1381345740
1257505253
1485140456
1520161975
1545964321
1083183778
1317231544
1329185545
1504173277
1257098508
1022241576
1173368215
1510016227
1173372847
1406957440
1508441875
1197482144
1195390651
1205539132
1508307474
1490452041
1498741438
1263932701
1369346280
1398142508
1400336229
1471154400
1035371425
1272438482
1506710648
1509428430
1000793079
1103356472
1245860674
1159333019
1377923
1178425008
1218082273
1285550488
1477979840
1516732667
1518590739
1178694430
1259434169
1265286523
1158407011
1384688271
1474256169
1529061275
1242561836
1474213469
1486984476
1148137546
1442686680
1456366566
1523465132
1037817082
1444620881
1482991821
1491480544
1016511762
1022241567
1047675258
1195154649
1485106365
1028878512
1431728575
1493177390
1306389522
1402933922
1055454704
1529129477
1205531599
1496395433
1089875788
1102974252
1506710778
1210703912
1213483505
1232752279
1297013382
1165436983
1196576909
1414713360
1310032585
1358762010
1014812989
1238166510
1003476929
1309797313
1218503979
1226510870
1248228613
1253838407
1410928095
1069565598
1273890197
1427457285
1444135902
1244401211
1463312001
1480459429
1199490350
1487055925
1247324750
1263284391
1491678540
1486386121
1528045133
1083910519
1306017165
1311748197
1443739794
1158184291
1245119809
1263268268
1353178032
1199699376
1237795793
1271423776
1294108807
1508347684
1031673086
1116078346
1259340256
1073722838
1260871631
1037683319
1116734160
1021819129
1032070517
1060293388
1069521329
1159127594
1228870009
1395153535
1478104919
1232864844
1057245739
1195606276
1252884971
1303030150
1486926786
1120633129
1437482442
1491702610
1031834699
1110285394
1308106671
1152999024
1383989482
1165758322
1116734904
1231924537
1078446714
1461417048
1021700900
1034227303
1232424909
1339977726
1431607739
1444053405
1528157530
1253634638
1478423356
1210722869
1312476178
1418113931
1500055674
1226518416
1265113347
1078746178
1267814079
1383099857
1309767777
1371784430
1496413798
1383099857
1309767777
1371784430
1496413798
1031030265
1229226298
1235413634
1266843336
1290097039
1291299431
1232706131
1283929537
1028317045
1242874000
1006944557
1031960587
1116484014
1169177636
1224199357
1230375930
1248552649
1466860796
1459175195
1499956863
1466699529
1411687406
1423913206
1393786569
1211619773
1491722431
1222159079
1291706208
1491647854
1054016821
1099069382
1140335314
1158391060
1228261109
1397023292
1398017478
1471961343
1102656514
1170405359
1198383937
1456518508
1473159432
1238903052
1351139850
1392329328
1196591966
1229184681
1243102695
1511194627
1153801805
1307699570
1179062138
1231202130
1011991886
1263589127
1389725154
1361709051
1436675143
1472782254
1503627035
1515724378
1523371392
1244338545
1515926904
1450776066
1099307048
1286921357
1509784213
1046039055
1182408044
1210713620
1218491063
1339987519
1430775654
1478490439
1069521218
1337284837
1526685850
1108114371
1464488311
1034507834
1051327821
1077331333
1487633456
1532585595
1154420326
1177953285
1190447564
1458582599
1200314038
1218987701
1211595199
1337549097
1475307597
1037051181
1142702024
1193023667
1296804078
1314275913
1351184705
1528156337
1245359362
1410924492
1011712488
1157406202
1264165067
1508360589
1175083770
1172343865
1434233766
1483079166
1503660820
1507369101
1018473022
1035426377
1216009304
1035426377
1216009304
1230966570
1434354552
1010934361
1021167590
1034507513
1034508323
1177084882
1311697764
1158119595
1253895480
1077801924
1134973928
1196515384
1308096753
1497007867
1179045810
1264945350
1408170768
1348648624
1143595135
1144346697
1198002271
1275720889
1182510339
1229015784
1082574426
1228679640
1022079995
1263869153
1449403206
1458306135
1230015184
1276326794
1160746287
1382330966
1505154693
1030035473
1070065908
1219372880
1372559458
1032076889
1165142133
1296549352
1310756118
1473131598
1245033709
1455715889
1527197954
1158967375
1296567278
1308979099
1513893679
1155284216
1162847148
1083426039
1227768819
1247726981
1445200169
1144359916
1145921233
1362465446
1246909263
1154656326
1221651535
1283113344
1031197358
1244310917
1341343218
1419645172
1478993399
1489865118
1528011415
1222701787
1491117928
1340936416
1212602143
1341426464
1207317584
1242744354
1330111309
1458335588
1241032118
1480663199
1024526706
1034507764
1210768021
1221705659
1271912436
1241597876
1306187559
1411143293
1470709895
1510561771
1518004728
1304313182
1483096663
1375367
1027624643
1274440169
1372545761
1034507921
1506985478
1164400168
1224070160
1273808907
1275791523
1489699239
1508290714
1508870804
1035482339
1333970676
1482991415
1503819999
1278081715
1291012353
1239301403
1335252102
1481019340
1264165067
1011712488
1157406202
1508360589
1175083770
1152598050
1503660820
1172343865
1216009304
1434354552
1010934361
1018473022
1230966570
1434233766
1483079166
1507369101
1034507513
1034508323
1035426377
1177084882
1311697764
1021167590
1230015184
1253895480
1077801924
1158119595
1196515384
1308096753
1134973928
1179045810
1143595135
1264945350
1497007867
1348648624
1408170768
1144346697
1182510339
1275720889
1198002271
1228679640
1229015784
1487067259
1022079995
1082574426
1263869153
1449403206
1276326794
1458306135
1160746287
1382330966
1505154693
1030035473
1237893774
1372559458
1165142133
1219372880
1296549352
1310756118
1473131598
1070065908
1512537149
1031987421
1351944945
1463147163
1508421468
1457401506
1466782738
1090519462
1093872070
1116507004
1204659182
1031955982
1125888937
1507535327
1024359169
1307648126
1515720347
1362247334
1477826783
1522582825
1069607037
1070001234
1284042272
1491413826
1502245415
1148484320
1509737971
1530363888
1088387320
1252708147
1149823711
1172951322
1421646895
1079518156
1308085110
1222727994
1024253960
1503029873
1510443871
1017082312
1089282746
1492725192
1249314114
1225672505
1248073152
1506176643
1079413395
1284053653
1311492299
1520136531
1015713643
1530175871
1003726249
1029848821
1453114801
1530597949
1253574246
1456691956
1472601683
1545400831
1025660890
1113721039
1173205358
1503274018
1172353325
1218921009
1232771532
1483622790
1354667417
1411655476
1485108035
1021069049
1079481514
1253660109
1296604999
1515929539
1245545266
1268464106
1427318954
1088273823
1285688428
1462406615
1022470973
1079375224
1180124980
1469364836
1508930491
1374046298
1490703729
1067677164
1091761946
1415150238
1031257381
1033527380
1173175199
1384263732
1278106379
1308545252
1239147966
1288828020
1459523248
1251616069
1275303309
1463315441
1053379514
1264689250
1421212361
1304562571
1318368690
1104463662
1263359871
1279715231
1022267593
1079771566
1444682784
1454223106
1508941859
1034096742
1079601249
1172377166
1079601249
1172377166
1266887301
1273348420
1304391329
1078218060
1399654513
1501450891
1193440570
1438398610
1043972156
1485060552
1341692406
1286872641
1313152967
1484497225
1304197540
1027989755
1222912233
1263327644
1259101990
1309667935
1418108988
1028972415
1417553279
1252535685
1282730663
1428282903
1216429044
1519951638
1041051388
1196544865
1317345736
1506922477
1152597904
1459515995
1030280880
1490167762
1244330436
1493342312
1191541686
1434617330
1435896869
1503114064
1510241930
1161924346
1042550598
1492573967
1284130019
1369921764
1032136017
1500623645
1518773641
1448328086
1526909916
1031698008
1375604779
1529096313
1336030917
1257947776
1492725192
1225672505
1248073152
1079413395
1249314114
1284053653
1506176643
1311492299
1354667414
1015713643
1520136531
1530175871
1453114801
1530597949
1003726249
1079375224
1253574246
1472601683
1029848821
1456691956
1531741113
1113721039
1173205358
1232771532
1172353325
1218921009
1411655476
1079481514
1483622790
1485108035
1515929539
1253660109
1308545252
1021069049
1245545266
1296604999
1427318954
1268464106
1088273823
1417553278
1462406615
1022470973
1180124980
1469364836
1508930491
1091762049
1421212361
1374046298
1490703729
1415150238
1031257381
1067677164
1384263732
1033527380
1173175199
1239147966
1278106379
1288828020
1251616069
1275303309
1459523248
1053379514
1264689250
1463315441
1512201948
1304562571
1318368690
1314436124
1104463662
1263359871
1279715231
1285691031
1022267593
1079771566
1454223106
1508941859
1172377166
1273348420
1304391329
1444682784
1034096742
1078218060
1399654513
1266887301
1438398610
1501450891
1043972156
1193440570
1341692406
1485060552
1286872641
1313152967
1484497225
1509775887
1222912233
1259101990
1304197540
1027989755
1028972415
1263327644
1309667935
1428282903
1282730663
1519951638
1041051388
1216429044
1196544865
1506922477
1459515995
1030280880
1317345736
1490167762
1244330436
1493342312
1191541686
1434617330
1503114064
1510241930
1161924346
1435896869
1042550598
1284130019
1500623645
1448328086
1518773641
1018219311
1032136017
1375604779
1526909916
1031698008
1529096313
1257947776
1306615508
1336030917
1452561414
1423668445
1506806529
1491444502
1247434069
1506597876
1472771029
1491067724
1520963970
1424011092
1441234575
1022280269
1529085709
1480077463
1510701531
1496955878
1525234773
1149128443
1488028227
1518780527
1036107650
1448731934
1195164740
1458276768
1485313054
1492579916
1106405148
1112991027
1463298127
1149955689
1466343840
1245441741
1456498969
1525066925
1530369535
1083016650
1230409791
1434640984
1418108986
1034254987
1263850101
1491757177
1498750711
1511590115
1025195629
1149088461
1454154627
1475800583
1011672324
1011831493
1484718942
1220788382
1272069867
1530367774
1462003657
1036767830
1091762092
1506805753
1043377634
1054420273
1046918771
1324227165
1469415275
1504091977
1079483282
1367595188
1187514723
1210745107
1254123239
1406960038
1414634221
1478410786
1522410084
1400675443
1055876573
1459511835
1253880337
1079601249
1260958028
1474859839
1021696569
1026364948
1137300815
1261534169
1540379664
1022182429
1028969906
1069528699
1504052059
1036614760
1218509858
1254199969
1322997027
1435998129
1509781803
1275527691
1424217318
1493631099
1321330970
1461168988
1460880877
1262294882
1313455922
1316642483
1252266322
1353048887
1127005914
1471615117
1522283631
1004015390
1245288421
1487128404
1535464996
1218981732
1421426299
1449096816
1451582052
1487621535
1518057317
1483757933
1210738682
1228125141
1210659171
1463784655
1290516824
1160721951
1148443824
1184681017
1490802183
1034507790
1423613523
1362698507
1340990921
1080111620
1305924404
1013312025
1331175952
1065023805
1491462549
1020812151
1261971041
1349658323
1480479991
1467228981
1496793182
1526719256
1427225432
1492573967
1523736043
1024104673
1314401128
1320942056
1499802096
1179387368
1341722932
1107158317
1368017695
1089274756
1314439888
1350119704
1153420469
1243354141
1340968903
1091209856
1127013374
1461332802
1449127764
1062341774
1486270644
1062180667
1062185775
1062173955
1057199904
1062214475
1475152702
1504090287
1350119703
1426717997
1006820589
1076288332
1465649945
1034674235
1181747
1036520142
1034260149
1035777080
1020052996
1494426092
1494376143
1497214017
1313378318
1102681869
1053102705
1008355176
1012038639
1034445955
1002760731
1005902943
1006625034
1079828311
1294909271
1033765366
1011293003
1034707818
1251144487
1033931454
1065820775
1467920371
1294940862
1079847108
1006654585
1008353104
1008082693
1008361374
1011826130
1076881752
1079779914
1011293114
1496251337
1124838603
1035931072
1439985403
1008089915
1034570689
1051714791
1058071259
1387851489
1016748463
1019899005
1077334758
1034508115
1252535685
1321980264
1459755319
1530368156
1016448005
1021859047
1143419390
1296409354
1078218035
1157984610
1454615463
1019315758
1042742439
1233132473
1423140327
1459114520
1035810062
1057834657
1138654248
1211381800
1435788415
1434289045
1033172761
1502404955
1522157353
1053373220
1384274296
1384292704
1062154423
1061791234
1452792731
1117365206
1190702511
1016229344
1455052719
1006599128
1369143597
1496258419
1508955444
1015928480
1492732647
1277999135
1535949142
1492673741
1054411045
1492702627
1333108875
1212513204
1014385730
1522228492
1306012947
1010657514
1190701383
1062344590
1013095389
1062197905
1485262921
1263941108
1264160911
1514790193
1369536134
1395267793
1111968777
1313108053
1482114730
1449127764
1062341774
1486270644
1062180667
1062185775
1062173955
1057199904
1062214475
1475152702
1504090287
1426717997
1006820589
1076288332
1465649945
1034674235
1181747
1036520142
1034260149
1035777080
1020052996
1494426092
1494376143
1497214017
1102681869
1053102705
1008355176
1012038639
1034445955
1005902943
1006625034
1079828311
1294909271
1033765366
1011293003
1034707818
1251144487
1033931454
1065820775
1002760731
1467920371
1294940862
1079847108
1006654585
1008353104
1008082693
1008361374
1011826130
1076881752
1079779914
1011293114
1496251337
1400449805
1124838603
1035931072
1008089915
1439985403
1034570689
1051714791
1058071259
1388764170
1545786446
1226915515
1313378318
1503858215
1334681210
1473421389
1208006627
1457504447
1166517290
