1502710137
1346345798
913617
1171589740
1202749747
1024770253
1035574506
1293474340
1322518929
1502704858
1476475556
1391455308
1201029560
1229478740
1074383559
1372747651
1260896089
1375937562
1198224798
1163778550
1400385935
1252844137
1208216817
1208574977
1195422985
1468188922
1464465720
1239988245
1529504023
1209301138
1208907953
1388972783
1240138804
1392544395
1198005702
1198247377
1198235516
1198063565
1472326682
1475884056
1180410037
1260554114
1016084520
1197990034
1198230608
1198040115
1502737870
1198050305
1191769949
1504871872
1403632800
1507761148
1079708997
1235703026
1252852851
1542898467
1504558211
1529026375
1503718691
1528982883
1435711257
1479423133
1502700159
1505946217
1536879627
1545921559
1548302641
1549424084
1549831380
1549858267
