154996
1474065330
1124916649
1297812
1018358950
1450258763
1323609240
1289787665
1358128787
1480239908
748944
1028796484
1132067
999254
1048273394
573068
652809
1066383220
1432324210
239753
944442
999249
1297816
1448332341
1026948597
1185573470
591688
1482623271
1095398546
1027217164
1082920816
1472571919
1438811058
1492356500
1256931
1085358189
1165183
1289802045
1270600087
1101410158
1312571
927183
1300171354
1398245596
1131965
1274924683
1085417654
1064800102
536960
1232516432
1324697814
573076
1508744604
1131564178
1026824798
1359652272
1148544014
1247533692
1376628256
1474868600
1065533403
271554
743664
1471398
1276859817
1026825293
1438870219
1070034286
1271607847
1038389268
1195473863
1273938083
1434674877
1297811
730415
1236615132
1048976292
1234524596
1496284752
792996
1085415860
1266714669
1021483881
1462603701
1253721126
1095374487
1255378374
1044874547
1445103294
1461477699
1298427130
716565
632576
1310042233
1467602
1026944186
1438781206
1070359119
1132765793
1022684453
1504624956
1022378649
1262615
1434709288
1262614
1271277866
552359
1297810
598668
1059208032
1076648161
1145411456
1467580
913652
1147815605
1160423743
672548
1333172288
1136630032
1310451279
1028845334
927186
1282693216
1474798570
871072
1467481805
1273817219
1375501947
1026948263
1108007961
1504664542
1137336898
1089829670
1040831126
1218427480
1264777
1166309160
1307781529
1020816411
1160374059
1132496076
1466875841
1518075553
1234228358
1289750682
1235875852
1313379148
1350112282
1150409335
1051241116
1371484493
1393103558
1274936187
1452739465
1067767600
1297334202
730424
1270374127
574818
944249
1504666766
1435712967
1089907706
1395022327
1148487937
927190
1312808887
1193417450
1435235221
1282434419
1475220196
1020860237
1194228462
591692
1222329321
1145661599
1211457986
1013658857
1487530027
1488468684
1401795728
1504663533
1391846606
1271241328
1095435393
1207506068
1447694790
1315626427
1180214174
1192225033
1393907305
1247506010
1374781940
1236173957
1136385049
1195139691
154966
1267439488
1206746449
1065521787
1378965563
1504639658
1178220895
1026823208
1322558958
1317133823
1145376659
1226993943
1454307214
1099181872
1233171962
1255079460
1343079040
1416071258
1101404315
1329419599
1048903060
1069668280
1076963616
1193448312
1374436153
1282411742
1059833063
1026108222
1162673846
1329218295
1401593228
1077190821
1314963962
1093757047
1441060395
1137359965
1504633103
1411612493
1100985863
1226947266
1145380863
1453664419
1036442107
1136587121
1192222832
1029055922
1080249386
1270405624
1342977291
1501217088
1219293709
1093816290
1058843
1125127525
1273798728
1278200709
1310068906
1504750593
1253045902
1405468521
1442066572
1305981736
1400482105
1076514777
1288773014
1096546052
1329532321
1477009627
1063892202
1048308737
1363127
1095385934
1086727564
1017020774
1193460941
1057236484
1068151490
1504602398
1069462870
1197614
1208769
1219294749
1516627299
1380728874
1031211219
1442878316
433903
1046852253
1218897320
1298114344
1335821825
1093782057
1409682276
1078007319
1023042719
1096548671
1329373068
1504658781
1031877122
1237901397
1238078215
1308932790
1407947945
730420
1192618935
1097992619
1096520784
1218902095
1434421739
1159909720
1317140610
1448461207
1393074757
1024338542
1190994
1062448194
1091580088
1015606249
1023112968
1024321943
1098052888
1108148642
154962
1072899
1192511773
1434663420
1236604313
1218364947
1025791042
1051203095
1064178975
1075950893
1099287833
1207507307
1210706235
1097987970
1255915256
1477099113
1020859741
1087279306
1143210782
1050035539
1180701159
1400590668
1192600101
1452806178
1471413753
1218411873
1004556022
1098508998
1098045834
1253956986
1102886540
1282718195
1065449172
1227782153
1248883236
1002714417
1022262690
1026550532
1103074702
1210296630
1448255820
1456414922
1095452114
1192531371
1102141349
1470778640
1077322031
1106501253
1063890287
1198671799
1252370587
1380648543
1004556425
1073851360
1288998979
1080248878
1453670791
1385825502
598639
1192219491
1053901665
1481253058
1029681224
1056291862
1057737757
743804
1043912901
1116431403
1226147777
1295061503
1470680720
1105072818
1217308032
1393964107
1192555684
1491335813
536964
1097191024
1023685211
1026101857
1303201160
1517038305
1332321557
1136311015
1240342364
1453645931
1480487366
1207583113
1097984328
1192588067
1467561
1145368660
1329403389
1398174855
1075970133
1100997650
1282790518
1297346856
1393114508
1475914805
1477813718
1470254353
1267360521
1507308982
1512684046
1110315161
1120414322
1218913933
1253948557
1086724430
1451806322
1510488208
1511911025
1023205745
1088304623
1124631446
1151018836
1207588699
1496669017
1504595596
1098037682
1119828578
1159483633
1512095802
1022646538
1055057349
1192525796
1205900476
1307546952
1511488473
1477748579
1047072084
1110455701
1124658254
1217441100
1252426877
1384506199
1490611627
1014297150
1026551969
1028525161
1030969582
1088234180
1097845636
1103704298
1108339591
1121392614
1126680363
1172641431
1178261946
1193560325
1218643603
1210695473
1295250263
1105842640
1380093051
1394973566
1110250296
1441915665
1445932230
1454115964
1466284055
1110570811
1471424825
1476980660
1478399477
1495257694
1504585006
1508271749
1523038993
1477789197
1504622841
1063718884
1086730232
1167669311
1121795685
1379587981
1504812063
1489534217
1504836656
1507638676
1516839390
