626166
386973
431028
239295
875209
806143
1165214
289433
654298
1006303287
1179356899
548405
1205469808
654348
654354
656526
356832
356833
654340
232331
707402
1243174240
356828
791306
1228129460
656536
632580
328282
550187
1042607322
356830
654345
378526
1058826
1204547970
767102
1179349715
549873
725063
1445049386
607865
1226598669
1031934088
1289180996
1078939864
372966
743836
1003239166
1174882582
1155425733
1038261734
1050386473
1189510732
1520022386
1520627371
707409
1016290021
1042493719
1242861677
1469797891
1533777674
1242348756
1310166611
