1054432708
1518597955
1456837891
1054167220
1141721772
1054157689
1052438607
1323203937
1475526397
1054143542
1054467259
1054178741
1054170506
1370421718
1456839088
1327799703
1146922423
1267121222
1226880978
1370380009
1054431061
1054574376
1221660915
1232862738
1475477482
1483181494
1226614638
1366897682
1532567366
1232861908
1456836356
1456842687
1113581465
1279168643
1456839354
1520264519
1537068315
1059962917
1054428987
1469777900
1509528727
1532578702
1226880706
1361727322
1054423822
1060133688
1302693587
1335107801
1509598046
1511902987
1511913946
1520418345
1054124365
