1497554388
1154836204
1113090346
1167806794
1407573278
1007058035
1177440237
1438874775
1319209401
1265070952
1225114016
1338756815
1267953477
1416029626
1153911933
1267930354
1161161489
1434903613
1214797313
1336920787
1337854193
1088400424
1069750164
1179894696
1192724517
1356624795
1123650266
1472681819
1165750429
1536355257
1532487837
1306366296
1273801738
1166202725
1366337822
1310702125
1098421766
1431855880
1466432091
1095871394
1455175734
1338827554
1356237477
1393052003
1011362233
1010980822
1381299807
1242514528
1375020023
1007004600
1277931265
1027850732
1011967925
1014073898
1495595337
1497937536
1179955169
1356960254
1466880756
1072997841
1333105428
1100289227
1112995215
1188205301
1347238628
1328422730
1496591242
1504019612
1021589511
1410989333
1026036352
1307948792
1383777915
1506478441
1520699274
1162611320
1206776304
1263977515
1469424289
1086095062
1419140815
1424173978
1471967680
1235200327
1473009217
1244236451
1179963052
1188206930
1376644198
1411784198
1417883996
1466894030
1347047797
1388003293
1390154570
1496644013
1234374361
1278586841
1242931087
1337229445
1375053490
1486399967
1495789815
1081667995
1268289327
1490807882
1545191942
1017902592
1081668044
1095871469
1095871540
1268285700
1288719655
1513265291
1124918484
1315280022
1545191985
1081668048
1094789987
1094794550
1082005050
1188206452
1268186072
1383984061
1434588834
1278047403
1366736896
1479348371
1240933504
1383860695
1445415651
1530628893
1081667945
1233610253
1375093077
1428826691
1492420533
1006590507
1018917251
1191770012
1205895807
1208991679
1209693775
1232903591
1268211491
1268270344
1350570166
1488811064
1522512420
1545887568
1547154647
1547392603
1548041823
1548061610
1548067082
1548972402
1548999658
1549745888
1549753628
1550211238
1552973607
1554450314
1554457514
1266709932
1556431110
1556448961
