856217
835961
835960
142549
871081
871078
774510
935672
573048
676188
835959
186675
871069
186677
972893
573054
1191687
1123736
1432626812
1057590355
1432858016
871077
1159248
802346
1463080107
372440
162410
879726
1481574891
1336460076
730431
1162099
871076
1014753
1293220
652867
573064
676191
871072
1394866882
879751
1445784211
1337478295
669609
1332414
1236754489
676190
854752
1335685
822670
573053
856231
856228
730428
1498669596
1293223
692504
676204
692509
1275629803
1131948
802350
913654
856242
1335686
774508
879732
856221
536966
879739
652901
644186
652864
644187
609032
652821
644192
856201
730412
609024
856220
730443
856226
856240
1327440799
716560
879746
913595
536960
676192
692475
1162105
142540
271554
774511
913653
676193
716555
1159249
652859
652872
609028
927426
716434
871380
871397
692489
854753
754119
652856
692456
871378
1474413752
1538312509
716501
716551
871383
695997
854754
573050
871393
871385
871395
871398
871377
871392
1192576547
871382
1314742270
1452739506
1460877768
1533950673
1437386
1091784143
1275612860
1431977481
1293938386
1344795595
1431995064
1526380349
1494679603
1024364900
1431705507
1537105385
1437862
1082961251
1237586132
1245008086
1025822663
1202287678
1437245
1527791436
1437560
1437411
1437893
1437844
1437879
1353577588
1398674894
1417902226
1481237351
716540
1185033241
1381004512
1299664731
1484050108
1437543
1194243038
1446965242
1477375049
1529360121
1262693937
1291740603
1425149983
1494981543
1526511704
1293669631
1363415839
1437518
1334957115
1123027553
1474737140
1437870
1355032496
1361575489
1386343143
1520780685
1124152808
1125510210
1437923
1022968622
1250958717
1279623465
1310259329
1351649382
1356908605
1375383816
1419461168
1505690440
1437396
1437437
1437490
1437506
1214451811
1251009991
1361574438
1468551678
1521529704
1437079
1437478
1117845414
1332353701
1351628215
1541637389
1052984292
1302378578
1367407861
1518678380
1437243
1437522
1427539167
1464408194
1206379
1436889
1054804645
1202833372
1162161221
1384183822
1427290628
1519982162
1528061059
1537442160
1436917
1436928
1437466
1353579361
1182422018
1437309
1330313675
1521808431
871387
1437471
1437866
1305833411
1330304282
1335781307
1354507230
1488039046
1398827886
1406853026
1427510901
1452814377
1474386393
1519043062
1551677288
1552303299
1552589746
1212275301
1242620
574818
1437946
