1241482653
1430589162
1316548293
1361230892
1354189332
1073015979
1101950888
1437484210
1458688345
1241470606
1116018
1466686892
1141200686
1212888
1323200951
1165210270
1159951640
1306515689
1180797017
1075974513
1031124900
1146902
1255317310
1159272810
1010505880
1474099502
1007592621
1090160434
1437373679
1030575370
1378136155
1296267392
1333040058
1195400409
1223191450
1466674293
1186860625
1077701507
1084521217
1504426952
1459807362
1394785212
1446622642
1459511153
1316127860
1051949041
1308905853
1043535596
1400716957
1439561657
1338764846
1398541897
1459438006
1154562720
1233571625
1011133978
1500147174
1392410973
1399188277
1520702441
1127620254
1358034693
1260497874
1241509899
1505860070
1502374172
1408745223
1376781280
1187047899
1015830425
1219003008
1127986326
1376870022
1051214076
1063218546
1321211352
1369454033
1075305216
1034503946
1423711484
1043527707
1394771683
1475392765
1189274207
1494211521
1197921786
1226356840
1324597186
1375492598
1287855290
1446453537
1023051653
1125115993
1253415900
1214035875
1171581496
1515150096
1321262056
1375833501
1021568702
1129399402
1253971581
1064693788
1384217956
1380351922
1490697255
1173136922
1490672324
1381213715
1468671789
1502513611
1145265866
1019988980
1461561324
1453775455
1491519241
1475446881
1315064324
1079094168
1015840725
1012994604
1282063596
1391052213
1046688008
1041557558
1488493624
1503156066
1238065072
1051215705
1393820668
1393996753
1434528925
1312058922
1237802405
1490702588
1073028930
1050227973
1031673774
572973
743807
1484106584
1461631325
1013802863
1028230235
1002837119
1180139298
1472459444
1122660272
1539784912
1441417862
1015831481
1470381556
1124376164
1326477405
1537574658
1224860172
1324873247
1255326050
1179062600
1094489170
1013006016
1000221355
1425095465
1179135652
1004372962
1132781639
1020921498
1196536065
1435546066
1053270865
1461660067
1500133790
1026258923
1488517201
1286604704
1041252031
1356906216
1520507315
1528286661
1537489044
1004557632
1458141686
1463223742
1164763004
1472469672
1466734178
1490654807
1448516586
1180317343
1181498480
1084938483
1160376073
1225228431
1000242713
1004372609
1065756265
1376624372
1383453527
1463654347
1002556830
1029621331
1050150130
1057668304
1034864848
1176558187
1191664286
1220658390
1494589216
1044919868
1062247806
1245605165
1139325820
1077706497
1178301037
1000221371
1180390335
1074608239
1097160494
1279102836
1294901350
1319144264
1092959351
1172483140
1526843903
1490664927
1079863061
1007315416
1024190786
1084940837
1376508078
1378596264
1419314264
1473080077
1527111262
1034842291
1041556855
1056044854
1318319639
1339017282
1390057093
1426921335
1191670849
1138690488
1086701692
1214637602
1413422580
1427279997
1438523201
1075319819
1077367629
1171344810
1031165102
1031295904
1054803312
1059473605
1183956564
1218112928
1329921531
1421329821
1460304441
1527135929
1019231832
1160720525
1017833260
1183892864
1320025024
1354311446
1426493768
1010740932
1382318101
1409320926
1057622232
1154313851
1490693414
1405486886
1527128412
1325559900
1174482684
1339196774
1219547118
1371821112
1314577286
1432890091
1020816662
1103534465
1393070116
1237874676
1437430230
1195398262
1001721138
1490514336
1028035279
1192533800
1332080806
1498560177
1058016239
1069264243
1074564360
1511207762
1542916172
1066127927
1459495983
1521264941
1529228973
1062364941
1074555046
1084939472
1193665667
1338859110
1340293692
1371133936
1376422197
1182575276
1264686075
1327556692
1351966663
1463170654
1490718061
1518643435
1204477860
1068691738
1214555608
1361254001
1000242581
1015840743
1420385989
1075299828
1101354243
1107398705
1121599020
1127515713
1143839581
1143884950
1198433086
1225182553
1234945926
1468196137
1514147657
1153725751
1038007626
1075313949
1140602598
1295547032
1323141075
1332112323
1375794167
1446462703
1411723530
1444020964
1459110958
1519164514
1520407037
1523006982
1134829056
1180329039
1307749675
1398045756
1515581674
1540713019
1264839153
1180107927
1219207028
1384240946
1368067751
1036807337
1071872341
1077367107
1274997469
1275655406
1302354226
1313931184
1375378203
1408232515
1396859779
1518490365
1489554345
1052349463
1134823009
1139570145
1179075928
1286599140
1312033696
1338165460
1338142207
1396873087
1396895617
1444031110
1517690368
1543194645
1001722626
1015830430
1056027938
1052424349
1087439479
1079879992
1084945177
1109066312
1137736820
1137785905
1142383942
1239880932
1179984642
1183914353
1186526541
1195196762
1225182367
1214932337
1230605276
1237813990
1244774296
1253091082
1262527430
1264720307
1293386739
1333174793
1376546075
1396866848
1402994097
1413525779
1416028867
1445085321
1449204090
1459697506
1466911580
1506039312
1516941382
1528986293
1543082583
1027694406
1034943396
1062363681
1206811972
1228597186
1292904964
1376522272
1459518368
1466856208
1470215682
1487517750
1509755860
1528923543
1084944284
1158156340
1174352380
1268864848
1271918167
1332767720
1385459426
1396893461
1466955783
1478620322
1506248328
1512931656
1517573416
1518652447
1066131840
1099219528
1118932656
1154315241
1208369567
1278283088
1293664652
1305258847
1312163856
1453808783
1459431791
1506313156
1509115820
1510932150
1016901881
1031340407
1080617525
1131140089
1195388935
1193532707
1193597506
1215184155
1278127169
1295013517
1316998866
1321269304
1324883953
1343340268
1409307695
1420989965
1445846017
1459876951
1480855960
1488098686
1510996193
1521725215
1535439113
1537380639
1023083477
1028037805
1034858831
1037184221
1037186034
1037189069
1041558966
