1339151
748926
913657
191658
730453
1005546740
1516698602
688006
1456562666
344484
1012782745
703400
1383313254
552377
749065
1012995793
1017077031
387006
1273817889
745931
730460
1379492102
1408467
1029343568
1518604744
716422
1306528855
1005546924
716416
856191
1378467402
1481345019
1020716246
1306529418
1445015590
344485
1318846545
1379183271
1356557
1015866776
1170207075
1383281191
716424
191681
1116427621
1290328053
1323211086
1116414915
1422655120
1077219558
730461
1116398511
1223094177
767116
1020879607
1351545478
1079245372
730464
1107955570
1255253815
1463832433
1454379066
1079252168
745930
1137334518
1408710239
1006398768
745244
1006560224
1007134378
1160446616
1006480106
1008332156
1312190523
1075446900
1025843994
1323200847
1454441625
745235
1463834991
1106895276
1006471305
1006382675
1057580108
1300124806
1253862923
1010607788
1475353067
1006564361
1062894648
1006558435
1006303706
1006597941
1473549769
1514306162
1006815428
1102691200
1007532706
1006603208
1006563473
1006560298
1062010699
1006472087
1196841647
1123071342
1007530766
1023024349
871403
1006603116
1006559123
1122962476
1143551638
1006603175
1006563903
1441233123
1514673614
1362857479
1515035523
1290321598
1383309852
745231
707443
1076901085
1206726021
1414738781
745239
1050836599
1318825514
1339106857
1006781414
1006796797
1150409751
1463836758
1160854372
1006845500
1020765479
1028828768
1025864715
1076628926
1216655193
1219300169
1006398361
1006563527
1006827631
1006815180
1033807629
1372959323
1238098643
1092229176
1131076610
1454425684
1269352299
1006236837
1035448718
1073334132
1076900666
1276417692
1374989146
1454417262
1064514721
1271291574
1006479340
1006382128
1006828278
1006769627
1126954485
1025042594
1436937
1006781789
1058643833
1265180675
1006603253
1419391657
1006844545
1375307712
1219301104
1379436809
1544621533
1341158789
1514363480
1162815028
1527155673
1128147961
1254077998
1528934604
1533793224
1319213823
1370873612
1424932310
1456344119
1532188594
1217317223
1241047585
1317457848
1329302673
1397408298
1450122097
1459176950
1241313128
1306528862
1312235940
1347431379
1527027777
1006579191
1006473981
1213102452
1264976051
1355837953
1462894409
1042842181
1108556869
1383287589
1499841626
1499856809
1529311303
1543615500
1162732542
1479097638
1530319385
1546215059
1453666073
1478435598
1479231923
1489487221
1499128192
1006815414
1057386171
1124902735
1192237725
1269353144
1454044125
1448228790
1498986421
1533559867
1186387128
1237941389
1379473171
1379364139
1424933210
1517640242
1035483579
1035485139
1174346228
1237607306
1253909163
1384881113
1311492993
1328597341
1379151433
1379166520
1379219446
1390114125
1396736449
1422448932
1424096817
1445920816
1463839009
1468387791
1477310184
1498644835
1499795142
1529581927
1534479849
1536098074
1554264036
1006827922
1534502560
1554077368
1529160400
1500305080
