661374
1300209
1127685288
1242255708
1506369408
1165081063
1165932400
1235428391
1475533261
1027439957
1028641166
1012084851
1331852903
1287453845
1049872240
1319880156
1166041571
1165079734
1172989150
1202480598
1143573299
1347547549
1030182756
1437226657
1020716469
1121445608
1077652517
1069460390
1317778023
1154581219
1004665260
1201877459
1319163118
1213206856
1029425204
1479496575
1244212709
1012086490
1037050848
1026600765
1076891095
1014715747
1166589666
1224718215
1076621948
1149129494
1416227481
1005552054
1016136142
1186365134
1278469173
1289224568
1487881557
1173370338
1400672209
1023391094
1030187541
1012087525
1164903866
1195104915
1166971843
1191593953
1020715587
1046534669
1005548874
1031954559
1210295126
1449951114
1509452482
1076592683
1386137952
1012086292
1074469147
1031727638
1085453065
1166840463
1060288951
1100123031
1005548277
1076620146
1012856754
1084525514
1076891335
1164903526
1385028910
1120472312
1391092132
1026606622
1059393210
1031953476
1303214491
1525245448
1012085043
1482284491
1459654360
1489494334
1020715981
1031338651
1481657811
1213519736
1077611887
1173411213
1201915729
1510593736
1037495233
1030204226
1088618871
1326050369
1208768183
1176611486
1384733164
1509197358
1453597547
1031949967
1476459556
1100261529
1076891928
1211559125
1483936702
1484290180
1522206482
1030201604
1034431175
1257671488
1323173280
1379873249
1028642087
1162559039
1184654780
1016516537
1076591385
1154631936
1182618411
1212257405
1267482540
1289246407
1397259478
1453354871
1477022086
1497299938
1518115729
1364549193
1424053636
1489156405
1448232115
1494502300
1189788360
1210393106
1213536475
1103562963
1185581417
1317220076
1451629447
1482425583
1502573230
1509747695
1314480560
1356333498
1028783555
1119875752
1375303974
1149559166
1372959647
1173459563
1184827283
1186371031
1207879894
1262104399
1368011285
1379853992
1428313857
1428952009
1432745170
1442870578
1448666164
1478224667
1480841492
1509452883
1518566559
1522623852
1523064214
1523168568
1118394524
232332
1531055855
1533120765
1534744586
1536257371
1539379487
1550945657
1551005858
1554926391
1555240529
1444429164
1180323479
