550127
656532
654305
1256416
559257
605287
154996
162407
142549
165904
656555
142566
236694
1180837956
656518
232332
1256410
654308
582744
692464
162411
692505
162410
656561
818160
766880
854751
748944
550087
195802
549868
654328
785849
654303
573068
652809
656551
1323141
999249
749027
591688
692553
550129
559274
879707
927178
239767
766933
692549
644616
559270
818145
605288
654300
753184
645419
344467
672459
536960
654301
692542
792993
654311
559269
271554
743664
766887
879700
692486
559267
654307
1057866041
730415
708468
792996
601616
654316
879704
644631
601620
716565
142540
692546
879710
1323003
1323093
1262615
433901
552359
1262604
598668
726661
1462873346
818132
1467580
672548
559276
854753
927186
871072
661257
654302
766911
601617
730424
766874
726674
1133395994
944249
854754
743699
927190
1478235782
654313
591692
505047
692479
582758
154966
818142
559271
559255
627889
822594
1493862510
726658
559273
818141
1295263069
559027
654323
1162450382
730420
154962
736936
1133422267
736896
818144
1134534355
1205553552
736932
1132768297
598639
743804
654324
536964
1467561
559272
656514
1325118636
644581
1473196116
1216321400
1426635770
1256903283
582750
1133557775
1162428193
1383304301
1132755802
1210714954
1433715014
1383301228
654314
785857
559268
582756
692470
766905
1529685767
1530207710
1530250971
154960
1173683525
672473
644569
644584
818219
1443358891
1443352398
1541897486
835960
186677
186675
871078
871069
835959
678771
871081
632558
766931
536966
871380
871077
372440
871076
802350
871378
871393
703422
703432
802346
703467
871397
871383
758131
871377
700708
785855
871385
871392
871382
344492
871395
871398
791300
871387
