1014340302
1002440865
1008204569
1357655832
1389788318
1189461
1423882225
1012070365
1221602
1212877
1198069493
1051788076
748926
913657
1208688827
716425
1472156340
730453
1106528
1507331125
1428213207
1023780233
1481452166
1408440
1478352966
1424015017
1334936
1487312359
1487256680
1002560991
1221601
1494543004
1212884
1082022577
1471814100
1478147463
1010680652
1428434363
928859
1002556602
1470939668
1031669025
856214
1480164573
1388335944
1081994686
1405943720
1008231653
1089298924
1255277
1475896901
1020395133
1117774227
745931
1212874
1208824431
1021193905
1075341809
730460
1068591505
1454046363
1183866
574050
1011765155
1405380495
1005691596
1364616686
612499
1076058255
1266957
1255296675
1253145435
716422
1091183002
1498142509
1102244985
1338782944
1208713914
1176496
1154467
856191
1183863
1340553595
1522252738
1502788992
1334356
1334451
1479914700
1255278
1011765518
1441252714
1066375801
1276922848
1062923078
1015501778
1231323979
1255462473
1255509996
766900
1463025243
1255209667
1356557
1451569891
1008567959
1142484359
1052678436
1179375059
1003717009
1260808
1516839186
1515764561
1364464284
1516766814
1364897958
1407075926
1208770234
1364914784
1244207992
716424
1511873293
1011757966
1060779517
1503218966
1137522066
1457483314
1475900868
1004276064
1389750439
1256582860
1244294840
1038841211
730461
1021078980
1021189611
1008229885
1023698673
1255286830
1015321111
1031879396
1015748234
1368019575
1285520331
1148424844
1470443049
1248194946
1093969854
1259756
1012060436
1460635913
1019439283
1374676133
1300088943
1406735567
766961
1124043935
1012100729
1082950890
730464
1273821690
1475955903
1025055168
899142
1084199789
1206568623
1060507393
1094276068
1351333226
1008564194
1373312642
1482955024
1339002949
1041456220
574014
1143645203
1230050715
1516855354
1475900194
1304852167
1008223585
766908
745930
1208835441
1032322023
1325758
1255241472
1257682796
1475911154
1264165981
1105573973
1159465
1034497045
1415955740
1516874132
1516852253
1477402380
1441318786
1259719
1033885401
1325920
1159651126
1173018258
1021837521
1461345543
1471050410
1049045401
745244
1148050694
1102175666
1244594357
1500502870
1500508194
1444479691
1233138838
1097114401
1475706511
1013306685
1181164506
1111335023
1208488536
1073093579
1116872268
1127357747
1418875632
1013424939
1428813442
1510668451
1311410340
1471057981
1298731598
1276925406
1478777372
1205514959
1255433276
1035453173
559051
1049470256
1459676534
745235
1208641480
1279388274
1385505943
1023826171
1018112324
1534941555
1007596368
1259727
785751
1127349414
1023803458
1352800323
1127351278
1479545111
1076519583
1266935742
1013345331
1273838581
1075019211
1496172370
1243072323
1022028398
1466694672
1246098844
1444710455
1323138902
1027939525
1024831732
1377494428
1159781960
1299968431
1332324499
1077827917
1061283017
1471055622
1244300054
1507064818
1262323923
1506637102
1041140215
1023821906
1208801200
1401082808
1109215471
1521662819
1025842974
1023694392
1208786301
1255670394
1266927888
1208576054
1516881896
1515823052
1516832088
1516772877
1516863201
1515761161
1515780949
1325509497
1069480121
1261509566
1033808255
431029
1486893638
1319404387
1061302394
1507174087
1504631085
1262232840
1478930002
1373897687
1205537
1111346270
1229989363
1038831593
1337328169
1283478112
1486871347
1214591058
1486847465
1470997058
1208753213
1023768282
1233222889
1459631488
1026968344
1041136227
1008225648
1031566461
1030053475
1486830092
1346639
1244443981
1346643
1478998528
1507313583
1179958223
1333808223
1012101308
1165817374
1376596245
1457728166
1013423479
1068397509
1398321030
1133121600
1255734851
1159834418
1072667903
1530955702
1244228866
1384494948
1128769784
1235291647
1023735348
1317233286
1041576198
1206608838
1033692728
1181286991
1338036678
1011051818
1487390885
1167768535
1112897856
1127481554
1081961241
1211545782
1008203891
1507288539
1259529904
1060541625
1178345476
1407408369
1030670047
1076546415
1123895959
1337322876
1235514110
1160944542
1094567182
1111397060
1486519394
1082030796
1509578039
1007608878
1160939330
1007606625
1263568109
1430260810
1024721852
1486804771
1244242963
1205335826
1475904878
1022772427
1160939580
1172888777
1430504808
1010684267
1231484475
1111926720
1159828377
1012205771
1012205706
1127381337
1506819099
1208552370
1480071663
1233374858
1416380798
1215625571
1021862499
1434274257
1487999153
1231365981
1419422150
1214066546
1244253886
1229428354
1295297024
1393834634
1507207639
1178069350
1230064850
1503321059
1105646064
1008238590
1008227282
1110482379
1322830491
1013429179
1038793115
1529734989
1243040412
1034308075
1183864
1008566631
1043786191
1470937827
1038699487
1026977403
1034366078
1332500938
1473737961
1007607693
1127379934
1105712404
1517058295
1013343854
1283872421
1208609119
1479368407
1128765
1007604952
1137757213
1011052625
559053
1230073364
1105754016
1480096396
1225211923
1290144596
1006207718
1185473973
1141206907
1215813356
672818
1416404687
1243080237
1285599505
1033847612
871403
1273805171
1127355591
1082000618
1331327618
1102964254
1419298555
1479087754
1112971013
1021860576
1276732878
1527112577
1033793222
1032453315
1224937498
1125004791
1140248299
1010980873
1110482277
1013118366
1229396141
1515280016
1082016584
1229973045
1013420647
1215755684
1093880071
1229333722
1479300300
1159767420
