1083470643
1502352797
1219078865
1059899786
1145804835
1083456162
1472440664
1408138892
1461656828
1437005815
1166113179
1219056408
1233355282
1471735203
1318012184
1442823997
1411332585
1317958270
1452691886
1282026909
1149067091
1417936551
1374702492
1163636252
1139102002
1252368707
1496708889
1496720359
1421316657
1539167932
1293825566
1290446688
1532556122
1189969732
1353375978
1487953545
1271767603
1405972472
1314903506
1368070681
1243803504
1267876726
1447882241
1472435219
1530817507
1520902143
1469855182
1480687927
1253731531
1408769139
1364519978
1099293312
1267868693
1479403443
1476247992
1206208898
1371754947
1428781317
1544614386
1464453717
1494432482
1158091173
1276480271
1403523721
1180131618
1233343138
1295432501
1371760215
1377115159
1421760109
1425714569
1474674756
1534673698
1099345064
1102873421
1417795436
1417800013
1424612820
1449317702
1518914263
1543701767
1167492861
1233349812
1247304617
1323174294
1355288487
1423580346
1469785146
1508900934
1545226413
1156052818
1167500788
1189711287
1246870275
1352063905
1353244594
1427405678
1462066626
1470158587
1511069747
1511107822
1156092436
1163739232
1215833777
1260868633
1544616658
1165984378
1179290892
1218287149
1353448872
1355294682
1368140892
1462071031
1503745936
1514572238
1528112598
1539734751
1099207436
1241683632
1246007338
1515754485
1204562847
1430259488
1352620073
1376701127
1391546003
1421695515
1476010669
1158153573
1164872994
1362849904
1241674228
1425004947
1460003964
1470159504
1518697185
1544618583
1156086049
1158098743
1159727672
1163723931
1167493390
1204570005
1204577733
1208067140
1219306752
1305427125
1309985430
1325008192
1341371378
1352512202
1360746706
1361337477
1367434220
1367573597
1377124109
1386182653
1400866422
1406850401
1422599668
1425100243
1425594437
1426329911
1428244513
1428256513
1428274074
1437527002
1438077915
1447338684
1449300053
1450517493
1454689059
1454694929
1460987623
1462361725
1470157789
1477709398
1477715037
1484567441
1487451125
1489681274
1500956994
1507238089
1512617653
1516771748
1526967632
1527858550
1527878124
1527878735
1529379415
1529743303
1532555347
1541581416
1541656629
1543693819
1544958936
1544970682
1547618462
1548583336
1550864989
1550938501
1551347522
1551392278
1551631033
1552639205
1552641688
1189711371
1556065408
