1513762551
1264686562
1438865301
1477188763
1275391311
1232125612
1337220188
1455724338
1368357067
1197937664
1406640498
1347512288
1043829525
1472669811
1281462479
1528866364
1475650893
1328440605
1455741239
1016991490
1274197496
1328087468
1288991829
1316798084
1247819645
1473651407
1341338793
1468365763
1338554929
1508743153
1172617075
1182578342
1313589985
1313011343
1279391849
1364202702
1088320954
1281734632
1215603307
1171773994
1481799397
1316814135
1506478925
1329835200
1305757425
1383431707
1376664458
1470315532
1477713552
1013909072
1459243469
1355048226
1029659057
1293829586
1477779610
1289060482
1332910889
1473590785
1337896731
1425920932
1269277128
1216790327
1170469295
1100561856
1347155316
1347534915
1386078808
1425047112
1400868085
1483578461
1477724555
1300409120
1509503645
1345821303
1293525698
1252325365
1036011596
1031959605
1432901467
1335482410
1360291186
1356338383
1334736562
1473307220
1105937496
1330994266
1337663964
1473730569
1214384666
1218205761
1434698917
1409857786
1378378069
1026416180
1236154855
1509054615
1443441100
1464358420
1255823651
1311457434
1034486078
1384633382
1337880862
1352578962
1279704762
1079507293
1034076194
1405989827
1217633786
1199654385
1029678737
1356307905
1039343409
1475947462
1312511186
1269189362
1305762925
1473641283
1394310939
1218169643
1241331249
1015739677
1347535768
1367936378
1279587030
1394310939
1429634011
1056103477
1448211415
1218169643
1056029921
1317611577
1039644023
1406578121
1043975003
1033275780
1079507284
1188384791
1035109937
1253179368
1320374492
1376273986
1199620830
1315587001
1326506711
1332208424
1363134368
1397288551
1036958160
1102118284
1355940464
1017452634
1101439703
1367986084
1279094257
1202557080
1328413408
1343573066
1035310507
1317534213
1056032287
1315416265
1106825800
1392487957
1182578344
1393711771
1253760681
1323036723
1033900262
1286113909
1383217507
1034558856
1356547428
1309200208
1316176204
1437984733
1282250392
1519682352
1346414647
1377314666
1042385410
1035354987
1215389928
1425864750
1448210778
1254034077
1381947146
1290288015
1076485181
1041253421
1049545456
1171350429
1391829145
1282213208
1055698289
1014132375
1079419622
1443761159
1366985146
1379489546
1405989478
1410978893
1330450905
1419817044
1315225694
1326309851
1472664193
1309321429
1280686643
1043829524
1091999338
1302323887
1362139441
1367910236
1179285504
1038696427
1384265950
1287362133
1014030303
1363192181
1338432042
1260818790
1294150227
1056031229
1303958465
1331576897
1016902165
1371712083
1316811696
1273286417
1442933641
1017581408
1033687740
1316335651
1286930270
1388054029
1472433867
1307329580
1338761897
1360530763
1053702275
1337673021
1384265950
1367910236
1015671057
1419285128
1345361497
1316352109
1360530763
1337664014
1317820980
1329116073
1276974890
1355761324
1409633403
1196733337
1286458116
1033324730
1181272528
1264877631
1256360733
1409792000
1244158437
1077019238
1405994852
1115285926
1303968048
1032452935
1309073100
1422860861
1054772745
1356344453
1464434003
1247080435
1087522109
1051808592
1218085350
1418332129
1382765134
1378437071
1446704436
1173242100
1131819199
1309801345
1343853212
1060115099
1346089772
1285475998
1288934229
1389060112
1255826888
1174765668
1321208179
1040717998
1105940341
1335426061
1390295659
1257634100
1307596810
1300432568
1033405846
1384319161
1339762826
1389724026
1218085350
1393768599
1390295659
1036047494
1198531567
1041437413
1191533613
1345793012
1338003142
1029905614
1257634100
1307596810
1300432568
1305761659
1325619586
1328159176
1348806754
1034418361
1054982247
1105943084
1244432298
1277835582
1300532642
1320288442
1411358443
1411299921
1331463758
1470436686
1040723096
1388076737
1338372940
1379390337
1412452812
1382985419
1397341122
1422084347
1214366921
1087399840
1334335307
1049551294
1298354380
1413652155
1270014610
1321692108
1028983563
1213583472
1305899830
1318727932
1347529751
1434649104
1349576271
1286273079
1287788808
1307672337
1307969348
1337842841
1341613545
1039921209
1253125496
1425031213
1225223354
1319894952
1335666740
1274909170
1304278782
1040736143
1356502265
1305660890
1345291966
1401382154
1407648686
1361434380
1374800882
1381987940
1414912026
1011740539
1104239359
1217220196
1305556290
1317883477
1341668423
1347253300
1379852072
1413027357
1049518002
1196737933
1468230211
1392347435
1187189748
1388463539
1241551212
1265446289
1348181118
1232752043
1390257562
1277043910
1304057915
1266598310
1333920313
1362299228
1380454361
1442659885
1217772807
1452678526
1033304927
1097860754
1292282972
1216466995
1304623648
1330837872
1347504828
1368637158
1398133332
1460300132
1079465481
1257804403
1253125496
1038877958
1346003398
1388463539
1347144060
1356502265
1214355442
1337467537
1305036053
1031986790
1036140716
1202164005
1330748214
1316345234
1318605162
1337842168
1348482555
1373567326
1409654821
1355939730
1063720420
1089835285
1268184155
1270107679
1279679401
1300246998
1316969113
1316259788
1362195657
1351461592
1365289644
1038703526
1468123364
1425065891
1410225013
1411000987
1214373190
1428850210
1034971640
1232769117
1036174010
1073599672
1185100940
1218985337
1284052639
1286521470
1425959591
1298214812
1304524875
1307845519
1314209980
1329644464
1382030199
1412006458
1302327962
1446130116
1258995492
1035103667
1063004284
1110581661
1378234119
1288136315
1384284493
1334356299
1060489705
1387233160
1227862351
1278445296
1372042658
1412365454
1040739364
1042736765
1253525656
1266395765
1470152972
1042873698
1361747271
1227658941
1242918424
1286154771
1293432051
1302925944
1306053875
1315408907
1341099930
1346578442
1374035986
1375606285
1376333245
1396767864
1037000235
1440769389
1337244262
1466275587
1466905061
1468350927
1276928409
1470857103
1054811855
1411046397
1319934818
1275035184
1201829559
1252404267
1470314186
1045031098
1310123635
1303716247
1305762489
1309981276
1318629941
1303978647
1175477500
1013949801
1311242588
1324982255
1329494573
1384212781
1387572554
1399679929
1007373794
1037017704
1308544017
1384292702
1224559850
1254102713
1354361954
1055036732
1304620770
1338605265
1410010504
1414927328
1470315124
1477850218
1007730235
1244615492
1032775475
1035341873
1043033359
1085944705
1102345459
1187169694
1446876181
1245422392
1235722371
1249538901
1254109471
1256473703
1258643756
1279435444
1279883830
1262057047
1281057597
1470421125
1284030345
1288247868
1302768533
1308027493
1311438885
1314377609
1316642123
1316961738
1334429411
1343475085
1358701262
1389188330
1405990061
1408838884
1298401785
1409242072
1421115524
1424011336
1453716256
1266718770
1464341475
1466171079
1471391068
1273521333
1427227368
1047532541
1252477238
1037590506
1313518451
1309239373
1058920454
1300415416
1341619580
1095781418
1300345509
1337903038
1361290473
1409644010
1461969045
1008439202
1095792120
1266718770
1409467115
1286095609
1302896916
1319994449
1334324567
1355873717
1384300610
1396808763
1470820405
1471133048
1051144778
1068231085
1041066968
1049523001
1217211918
1230257155
1249469864
1252505744
1266606523
1270388892
1339111238
1303922945
1300437313
1302090414
1302999902
1398232756
1317758484
1327240569
1443022545
1348831872
1357493661
1382265522
1385945150
1390267939
1411265111
1411357304
1440891808
1470686874
1011798875
1207849561
1035188773
1036100109
1082710599
1181505093
1205849867
1236418379
1253025440
1287332927
1292796563
1305897370
1307869879
1335580399
1335637936
1348421543
1361825198
1365237419
1373418855
1375180283
1380666288
1381890048
1420390237
1421230809
1426967133
1441070650
1470313521
1076780279
1273159228
1011385916
1296879032
1032755615
1032789917
1033125450
1038665364
1049521677
1059826951
1065096099
1171119831
1390325748
1214361303
1222912079
1279102885
1237957933
1244605045
1252420556
1265457236
1266660890
1270233129
1279247252
1296248471
1298829240
1300378948
1301730453
1304119222
1304619123
1308010980
1310492670
1311132469
1311959055
1312721892
1313112544
1314679406
1318064180
1320037349
1320285702
1320287406
1321889958
1325606083
1329260246
1335482711
1347540410
1340985659
1340995401
1341199827
1348703325
1350089058
1351383042
1353155630
1427175136
1361474472
1361698609
1374914604
1376981052
1379149145
1396773329
1405990224
1424132674
1445597378
1449763236
1463915907
1469857260
1470161604
1470415872
1475610295
1521450275
1032777372
1033846085
1035018308
1035377586
1045490193
1046496642
1053161676
1056060678
1056352586
1062846365
1079387803
1199628131
1205441884
1206909136
1206919674
1214221499
1216039333
1224038700
1236593248
1237231410
1246321240
1256425649
1262455752
1267443471
1269290586
1269315526
1271459038
1275322171
1276016182
1281474016
1285518758
1285683378
1289010380
1291731311
1294287689
1296260127
1296758657
1298916348
1300393154
1300398080
1305603425
1303869611
1301995643
1302351939
1303992224
1305714235
1307803543
1309872302
1309950779
1310492619
1312027511
1312737508
1331617439
1315760325
1316213046
1317593490
1317629010
1318332457
1320150799
1320290655
1321527996
1326152290
1335642974
1335718876
1337494730
1344446957
1345980747
1354373678
1358367786
1374461761
1363433124
1366272179
1374181022
1374378876
1481399069
1375082221
1378939554
1383150824
1385737500
1386102377
1388925299
1391690197
1392621767
1396989450
1398462512
1398040801
1408182277
1409675918
1416130953
1411301691
1411101312
1412043154
1411395094
1411877935
1422135823
1446964303
1453989303
1455665381
1463205433
1469481632
1471111406
1471115382
1473015608
1011710528
1029670361
1032737265
1034524553
1043083125
1056057941
1062225583
1079379299
1089402090
1089965715
1095805472
1183743033
1460279491
1214377878
1217204432
1234542043
1246120285
1268203056
1279792203
1302939634
1305912435
1312628946
1315372125
1329305199
1334452967
1334029856
1341170190
1341630987
1354238451
1359577432
1364755369
1429090845
1378922927
1390184496
1390120370
1393730983
1402437459
1411059220
1411320762
1423152322
1427306328
1440734429
1470447217
1471096597
1477543223
1011013697
1052585267
1037592781
1039500975
1076561356
1196542927
1199613075
1231085614
1232053361
1251071907
1269507654
1282268985
1298765715
1306022012
1311566514
1313218247
1316245005
1316965555
1323057650
1355147809
1328718042
1329364988
1332910867
1345926506
1354237392
1354445635
1362540579
1363018684
1379509597
1389154729
1392408074
1405058878
1471594474
1032253583
1033318262
1036153792
1036172377
1054074131
1059171039
1360541865
1079385391
1252396040
1255812381
1257393284
1307318599
1291121370
1292933588
1296234118
1296423680
1302360741
1310085777
1313383234
1380742622
1316258068
1316331592
1321381803
1330343173
1389841178
1341535741
1343318892
1348821702
1445915586
1445893732
1356870401
1378581739
1382989690
1385030175
1386205115
1396997548
1405993346
1411259849
1411940346
1430693901
1432028538
1467275939
1439726681
1473811562
1025022641
1011015350
1109026875
1033737867
1052282578
1055016154
1091268271
1113858995
1204842833
1231913444
1235473254
1236621586
1419535903
1252331469
1289022354
1298205139
1306285137
1309999538
1315685703
1315288884
1316201414
1320288631
1320288286
1323382268
1329456819
1332411206
1332475758
1353418768
1354982471
1361805339
1376436626
1379518511
1382988349
1383394727
1387995138
1409911313
1411039227
1411296229
1413552617
1421093855
1428979589
1439671045
1032591146
1396780011
1067843801
1067843801
1056051222
1056107474
1095755000
1175466994
1181513646
1212117063
1215436855
1224984430
1235137490
1237184596
1237283216
1248622215
1251028528
1257990844
1274290187
1296555321
1304624890
1305957240
1317138973
1317598340
1319905760
1322970140
1325427677
1329938238
1329937175
1332367764
1337442716
1346045177
1348812218
1359794311
1450431173
1377389734
1381894572
1384313188
1390302670
1392685513
1419830009
1469551056
1473759138
1017211089
1364891195
1032760436
1033826987
1034636482
1035016070
1422201752
1048436927
1052511706
1054997043
1062983584
1113997094
1175438791
1195856792
1199616745
1218114900
1226193230
1233403228
1237734404
1355944957
1237867071
1246993467
1293354575
1248573367
1253559729
1255345512
1255678421
1262659973
1265292097
1342590276
1271557398
1273377541
1281489812
1282404215
1325642918
1305062203
1291122180
1294289856
1295382156
1302931841
1304550972
1304621817
1304625868
1305758590
1308258972
1309962314
1310652928
1313502566
1317575377
1318167852
1321327793
1323091008
1323373715
1327307516
1327481729
1327483818
1327739399
1329424947
1329501894
1331118481
1332799489
1333782746
1336089956
1337841583
1338304154
1343721311
1341341006
1351404204
1347243849
1346493287
1346537561
1349540588
1414053346
1355036674
1357864507
1360375336
1361465343
1369490740
1372587551
1373360358
1377258071
1377455937
1378175222
1379348874
1388368628
1389800248
1390185666
1389954434
1397168064
1398059041
1402425837
1402807225
1407818879
1410234626
1411257342
1419424111
1420474754
1425106862
1425109145
1426997783
1431985578
1446625757
1461540793
1464345251
1471103580
1471898143
1318143052
1071811432
1214215270
1296522554
1310283072
1318870583
1332480719
1338434929
1354123143
1361795866
1391037949
1441275248
1447111775
1069362557
1015736916
1032582878
1034656062
1056935005
1312688146
1268029846
1305037390
1302771674
1302947270
1304200326
1308483157
1322433431
1388186165
1337841581
1345454087
1382038772
1382042673
1388535679
1033337566
1034524482
1034524482
1034599766
1038872847
1056029888
1056047369
1262929237
1271784073
1285537499
1286397736
1286490112
1289575806
1296330857
1298672232
1304717534
1362890325
1302881817
1307724004
1310297001
1318714562
1319980007
1320595240
1330558972
1336246835
1405026019
1347502232
1339500729
1348944606
1359715091
1361314563
1366944324
1379420738
1396188659
1408197195
1410172730
1412937320
1414940757
1445922512
1448782496
1460730058
1479076409
1480716504
1400393696
1305768472
1388671712
1398134811
1029282779
1349208092
1293868583
1403980850
1384246714
1385260173
1098523395
1034441753
1308497047
1037466898
1181603311
1479687975
1279687420
1299590296
1348806373
1382568136
1410201438
1410433104
1470316596
1007612621
1073108263
1033137378
1036188033
1105944982
1268713263
1308472886
1310345987
1327477888
1333378738
1347534289
1358359774
1419307715
1420250178
1032745586
1363245008
1032144875
1051146454
1048651450
1056060016
1088311239
1089419879
1174406316
1274400495
1355942257
1306228666
1322438430
1335559251
1336994052
1377186621
1351442630
1368144480
1369455641
1424310382
1432082444
1445911113
1007730171
1011018766
1270406975
1011030495
1011133528
1011743734
1011762435
1011769796
1012409282
1015019652
1013456407
1014137122
1014209242
1273489339
1016102769
1097879728
1017511204
1055201202
1087623674
1029846082
1031733585
1364905940
1364909180
1035105028
1032776590
1032779300
1364908349
1031744444
1364912332
1363256163
1038396895
1364911057
1031977675
1033899420
1032035671
1032038156
1032038708
1032261356
1032444977
1033129755
1069302779
1033171364
1033295084
1033419971
1033420589
1033678553
1033891940
1033895425
1034397898
1083931829
1034623298
1034658876
1034705354
1034731470
1130327472
1423772692
1035176721
1041811669
1041810466
1043187798
1036002784
1036136884
1036152466
1037210442
1037477328
1083624811
1039475551
1040701081
1040406371
1041160730
1041481644
1042092988
1042232288
1048808873
1042864781
1261488044
1043226952
1044739525
1045175728
1048120577
1048654644
1048731740
1049292453
1049462365
1049678963
1051495384
1051820733
1052298349
1052347195
1052402561
1052496405
1053152470
1054159503
1055003819
1055330823
1056039623
1056046699
1056061099
1056098381
1056111434
1062285880
1056351087
1056869409
1059081803
1059820304
1065979263
1062833202
1063590815
1097843213
1074479207
1074460119
1076090345
1076561414
1079491653
1083861908
1084277998
1084303411
1084398881
1084405116
1108220243
1097848163
1097856537
1098307738
1098314494
1098596365
1204845428
1134887952
1157095347
1173470341
1174562983
1174680588
1174801929
1174974289
1175433822
1175462330
1179298773
1179311356
1181114717
1196654828
1182505900
1196654828
1182505900
1184057580
1184738776
1196776728
1196775324
1196697114
1188085298
1200745157
1200993568
1201843254
1202532693
1204849648
1206662912
1206890204
1206904444
1212116286
1212117107
1213414607
1213603811
1216055900
1216074114
1217225910
1218228682
1282731382
1221066948
1221071672
1222271762
1224008122
1224018391
1224048923
1229139550
1230420438
1231122479
1232987356
1232998166
1233350888
1234556604
1235383428
1235522885
1235646696
1236285552
1236527643
1236965015
1237266466
1238037647
1238919424
1244375168
1243107377
1244475257
1244053375
1254005247
1253054290
1245397564
1245428940
1245536709
1249335391
1249496492
1250545862
1252156404
1252565048
1253561613
1253622617
1254023493
1254486649
1254499197
1255758606
1257421779
1257710768
1258859496
1258811431
1259072708
1259150574
1259252221
1259296052
1259326354
1259348949
1260804310
1262071060
1262244690
1262346876
1262500246
1262530587
1262702512
1263203657
1265347428
1265607223
1266964379
1391408066
1267724490
1267745661
1267870870
1267893451
1267916313
1268143491
1357946847
1269933393
1270047571
1270125716
1270136245
1270155624
1270192696
1270225557
1270372276
1271210500
1271302400
1271488845
1273447806
1274300732
1274334503
1355944574
1277947522
1277980377
1278000973
1278227664
1278617845
1278653785
1279334373
1279540996
1279680578
1279714749
1279745493
1279752777
1279769264
1279780879
1280019816
1281521826
1282223133
1282926884
1283664997
1283910345
1284114123
1284183562
1286385596
1286429437
1286457940
1288942923
1286846637
1287371611
1287400371
1288750919
1289089739
1289582762
1289588807
1291118723
1291682517
1291950085
1296480178
1292385464
1292851547
1292872983
1292878080
1293410045
1293415590
1293421047
1293711121
1293874233
1294918225
1295378777
1296151264
1296243091
1296354097
1296425899
1352390513
1296644495
1296669434
1296675675
1298159464
1298220456
1298226169
1298231404
1298241364
1298344184
1298340534
1298411410
1298816855
1300333031
1305053301
1299598050
1299716605
1299924382
1300066408
1300333433
1300338094
1300434594
1305958722
1304043508
1306230522
1301595575
1304366747
1302422921
1302632079
1304068787
1304163105
1304206536
1304258319
1304522499
1304527117
1304623073
1304624307
1304625863
1304750595
1304874781
1305034499
1307581779
1305762579
1305918377
1305940599
1305952466
1306039159
1306356375
1307672408
1307885737
1307886727
1307944613
1307998384
1308000287
1308012184
1308163327
1308557892
1308883822
1309030449
1332142222
1309341796
1309853850
1309910218
1309915044
1311474676
1324776095
1311368928
1311625126
1311670762
1312357633
1312541114
1312611853
1312621709
1312890575
1312997749
1313314837
1313341058
1313355191
1313459012
1313512944
1314185696
1314221995
1314486682
1315085092
1315174227
1316638742
1315400783
1316686196
1315547079
1316217277
1316307541
1316684807
1316489131
1316531213
1316683167
1316890359
1426913739
1317486288
1317790563
1318240201
1318952537
1319033212
1319976608
1324171356
1320285404
1320286347
1320287137
1320287176
1320287266
1320287577
1320287614
1320287915
1320804451
1320835157
1320899071
1321172982
1321576008
1321635617
1321855730
1321967376
1323007819
1323224204
1329822717
1325628620
1325707282
1326056297
1326072867
1326618347
1327329192
1327851456
1328066939
1328072757
1328506324
1379856011
1328632689
1328728714
1329042781
1329163977
1329246500
1329351597
1329329446
1329351453
1329488717
1329599028
1329937942
1330134608
1330259046
1331536084
1332038819
1332245598
1333345002
1334043050
1332791732
1332959290
1333415604
1333427215
1333853970
1333897580
1334105428
1424942543
1335011371
1335877462
1336115689
1414134394
1336121178
1337094725
1337342954
1337397726
1337523320
1338179076
1338306517
1347547170
1339512636
1340794811
1340891089
1340909008
1341028143
1343258197
1343860894
1342618800
1341241852
1341565509
1341565887
1341816820
1342928366
1343246269
1345569164
1355835943
1355838410
1343561494
1345747548
1346144692
1346629609
1346962423
1346989983
1347111306
1347125873
1347337670
1348674670
1348684381
1348804898
1348831996
1348845134
1348849467
1348868643
1348951720
1348968521
1349033819
1349044931
1349053538
1350715686
1350812780
1351333127
1351613668
1352119819
1352978102
1353036515
1353355292
1353433234
1358083104
1354491145
1355388808
1355696934
1355852356
1355942249
1356540232
1357878627
1359935379
1360981193
1361355361
1361463231
1361675763
1361706826
1361830355
1362881569
1364733103
1365275472
1365298841
1365321233
1366763824
1367033010
1367614912
1367810335
1367888815
1367915831
1367954870
1369660665
1373292555
1376974535
1374014610
1374067290
1374407537
1374504451
1375220155
1375586305
1375689775
1375963887
1376038744
1376476826
1376868752
1376873388
1377106969
1377157946
1378123026
1378151893
1378290363
1378313683
1378329714
1378408321
1378432259
1378690051
1378773831
1378824666
1378920705
1379633747
1379655192
1379912626
1380357125
1380494650
1380757077
1381943478
1381945559
1381986956
1381964565
1382504569
1382515519
1382527708
1382536561
1382798177
1382799674
1382977616
1382984580
1383157623
1383924585
1384432383
1385267796
1385756100
1385855433
1386153533
1386154808
1387323387
1387705901
1388001296
1388858890
1389114677
1389139171
1389156701
1389168999
1389175005
1389198595
1389212394
1389259798
1390181812
1390320616
1391238893
1391262869
1391297912
1392616421
1392367164
1392505815
1396081924
1396996483
1397281871
1397316650
1397874765
1398119459
1398582318
1400162261
1407665245
1426361531
1405728187
1405989727
1406759939
1406790579
1407660618
1407707062
1407998820
1408224212
1409156678
1409803656
1409814645
1410073147
1410182102
1410215669
1410218764
1410643496
1424092424
1410789532
1412397795
1410995957
1411097511
1411253222
1411331995
1411337400
1411370243
1411376216
1411385407
1411391979
1411403086
1411409302
1411416713
1411423435
1411427438
1411448245
1411493071
1411622903
1411639682
1411640703
1411941105
1411961759
1413619194
1412204071
1412879373
1412964161
1415409746
1417905825
1419449925
1419449925
1419564467
1420999514
1421098476
1423860322
1424011337
1425770186
1425940567
1426129330
1431909301
1432590352
1432827386
1432841010
1432924607
1432958887
1435577558
1434148769
1434166002
1438208374
1439248791
1443146902
1440775135
1441385150
1447453749
1449778626
1451332709
1451682912
1461694252
1455564036
1461735317
1463775264
1463851624
1463907396
1464343430
1464362223
1464449000
1465769421
1466359118
1466735179
1466911833
1470413117
1470438901
1470839917
1471117090
1471121541
1471128240
1471287593
1471420394
1473507263
1475290464
1497847752
1503454154
1033227116
1035521342
1082499644
1302929299
1327449925
1445909094
1347012819
1355164259
1388450131
1409663181
1032607810
1033007300
1040721208
1201055301
1259169779
1319411409
1314202467
1386113531
1386233600
1411297305
1512032355
1033265150
1048726016
1054811931
1239078323
1255506522
1303785868
1465821631
1427018829
1512652443
1248235367
1253132506
1323075953
1411023391
1531394094
1054601352
1225437780
1259362548
1355941322
1320364616
1329286681
1341760217
1409627648
1411673832
1520012886
1015738183
1015739441
1305898567
1362771094
1380805577
1463852057
1488927204
1544938826
1546294867
1011747761
1014119532
1017388714
1033298735
1042896157
1278575082
1360921530
1361048833
1361805425
1394347553
1411957675
1445925942
1474802052
1539497856
1076561342
1244378510
1262611862
1281537592
1304755017
1314001488
1341448805
1360292765
1388462214
1446192605
1012365439
1083598530
1245434558
1285909053
1337415528
1351351852
1358572826
1362608718
1398123165
1466272169
1514633177
1520042613
1537770994
1285503799
1304149453
1333004256
1365194145
1371783668
1377373136
1421696807
1478749426
1497004954
1506832153
1387287607
1214369113
1318279301
1362488076
1368001761
1410187186
1443126337
1454622678
1517435439
1534443346
1063806102
1199809963
1279412953
1340387803
1372181755
1411756386
1459235439
1478472125
1491831330
1498490026
1516152617
1520957207
1526409958
1091288684
1225212012
1235160334
1245606285
1275491280
1296812252
1311700921
1315743165
1334401791
1341103049
1348271057
1358420759
1372184227
1389146299
1398626423
1453762551
1459152927
1486657923
1520948057
1037004195
1039467026
1062806814
1090694581
1470781421
1214360056
1459550562
1253989742
1250930781
1295032640
1299690442
1305930363
1309330036
1312403994
1313216497
1315386785
1320238471
1321254596
1321574511
1328599281
1333442850
1337841082
1339564814
1346543300
1350126085
1373283501
1378706861
1382544520
1393760952
1417774584
1407461559
1408109877
1411638640
1425094175
1434658915
1433615731
1435431716
1438650141
1444164453
1445271814
1452849713
1455288342
1455287539
1472725252
1492114458
1492114458
1038227244
1180483144
1188058407
1305444120
1347019579
1390272700
1403315843
1433141775
1511997324
1535595818
1535628371
1535700551
1225626695
1257478050
1273682395
1312994541
1313428433
1333915622
1362802596
1411736764
1418459478
1462507680
1535512881
1013702027
1084943638
1174554488
1178028424
1213478465
1228977792
1234506561
1244617782
1265004989
1275404710
1277112807
1290390132
1305764770
1337841377
1338440439
1341001996
1344867941
1357713846
1366164361
1375966927
1443455502
1446543410
1463213135
1474169101
1534464622
1544936996
1041482718
1049648025
1173471945
1175464224
1225103766
1262212110
1262648480
1268215228
1273448516
1304110330
1316985287
1317979507
1322329983
1324992267
1341336358
1341375441
1362309441
1378716580
1380716486
1380748827
1398059909
1403285627
1410122443
1416616844
1427899459
1428911286
1442839537
1459154335
1456868667
1458009797
1461054387
1461684452
1464428530
1473696940
1477350926
1490500586
1495667747
1518081551
1011131621
1013449423
1036099882
1042855760
1218487820
1226429446
1259543416
1281573662
1285445130
1311577789
1317583119
1320288063
1322619474
1327853419
1529569875
1347529643
1345578447
1371920523
1374576038
1382983814
1393988270
1387998202
1397445282
1403297173
1409321306
1411363525
1411446650
1411963147
1412211573
1413717311
1421669428
1433012114
1413717311
1421669428
1433012114
1433063706
1444952235
1455305199
1471264671
1481206200
1515954671
1310639249
1033403312
1035212080
1042731808
1043142774
1054802848
1079403362
1102220701
1179205208
1196649904
1227538420
1278467965
1254013825
1257387378
1258711233
1258868890
1263802430
1287776605
1271262853
1275510830
1277074543
1281664272
1283712386
1285397621
1286322019
1289073126
1292782557
1293453991
1296252458
1296396527
1296419955
1296573977
1296739680
1298935101
1304485412
1302504873
1304620560
1310007555
1312443550
1385279155
1317331487
1317577816
1318702928
1319935807
1324204222
1325653677
1329339031
1329436701
1330258139
1330844772
1331074230
1333427210
1334488634
1332701290
1333911461
1334609617
1334643050
1340538948
1343746522
1350125618
1350722406
1355832991
1355987279
1356089961
1357766794
1359225631
1360513557
1360524169
1361457217
1361460715
1361461505
1366060871
1369462583
1369508813
1375428301
1375539825
1379198944
1379398428
1380802091
1381954844
1382044420
1415625915
1390187636
1396996366
1397415332
1398063465
1411493132
1419538379
1424730503
1427280754
1435842329
1442402415
1442721701
1445583829
1445579702
1459723237
1459684671
1459713309
1459239217
1459168313
1460144487
1462593647
1463896051
1464442692
1470563029
1471263904
1472701890
1473745960
1474643110
1474755004
1474793559
1477755674
1481318317
1486225469
1492114676
1494143689
1502384107
1036294536
1095809023
1178183357
1178226247
1244603119
1266994752
1339101669
1298924276
1310491198
1313187080
1320464471
1325939985
1330149752
1333966950
1357540472
1359513183
1360760157
1364518400
1371983957
1372175431
1377329112
1387375244
1424121086
1465093381
1440163758
1448261144
1459686389
1459729286
1459233188
1461454340
1463923370
1471392305
1473584403
1473682222
1474029213
1498480098
1520969880
1051622496
1209719145
1088027966
1182419894
1188285722
1212582754
1226255150
1232989784
1263886822
1281189420
1295103734
1304690040
1305959713
1307986130
1316348341
1318725791
1326112060
1377002828
1380239927
1386130793
1387538844
1412206142
1412665763
1423222056
1457243253
1462430189
1475136142
1476229198
1481429445
1486268634
1488933332
1508986846
1007730679
1227430431
1074442287
1033844617
1041810293
1076564923
1043142439
1055330915
1056034139
1062806527
1076416978
1073189531
1091049940
1175488958
1177990507
1196766029
1213573660
1225694376
1226865545
1231168378
1385547158
1242774212
1244626252
1244309526
1253987080
1245313161
1252173421
1253141283
1262631116
1263324462
1266781897
1268749860
1272068285
1273447724
1275380386
1275461211
1276826031
1277038040
1281154365
1285869880
1286096676
1286131421
1290530453
1291120362
1354243691
1315345906
1295623690
1296488601
1301939190
1302783655
1304620205
1310331764
1311532345
1312418380
1318056210
1318293892
1318911812
1319971631
1320788913
1324845962
1326105373
1328779384
1330143889
1330839048
1337887254
1347522871
1339659610
1341425438
1371628365
1350667213
1352134078
1352153814
1357613497
1357694615
1360434659
1361457111
1361459511
1361461077
1362444474
1364558064
1367910313
1373124110
1374071173
1376349510
1377164324
1378511872
1378767431
1379136780
1380617457
1380796963
1380859058
1385938349
1390265125
1394294992
1395494917
1396993518
1398124882
1398594265
1398644196
1420428408
1407045072
1407662435
1410773205
1410980093
1411768526
1411457800
1411941117
1414054219
1416630921
1423860191
1431804078
1433007075
1433877990
1436742713
1440165438
1441291451
1442749607
1445583731
1445912011
1446636485
1446661702
1447807904
1454599047
1459749342
1459751456
1455602480
1456801378
1461207665
1461471386
1462373597
1463206989
1463262700
1463266829
1463856325
1464368102
1466782679
1469080578
1472379501
1473600830
1476090128
1476981024
1477887144
1483590307
1490800002
1502749812
1506833071
1508966130
1512043786
1521445092
1521445421
1521449452
1535316616
1535595613
1010965644
1039923982
1041162715
1042854916
1051622250
1054689569
1055000262
1056054131
1084325586
1089208307
1090005917
1092284556
1084325586
1089208307
1090005917
1092284556
1174666232
1175494651
1181100509
1200982512
1210725692
1223873806
1227665093
1240180179
1244393581
1246343868
1249477036
1255682406
1257159693
1257404198
1259551746
1262065650
1262364827
1287747008
1265835172
1265767065
1266757935
1266987050
1267894915
1269629294
1273448525
1281348592
1281542557
1281653804
1285624921
1285639190
1285772250
1285795236
1286083321
1286672339
1287655141
1289041252
1295466413
1295641308
1297255706
1298211935
1298684896
1300227569
1302426638
1303786445
1304192276
1304623924
1304626640
1304794748
1307377412
1309969753
1310156832
1312424649
1312869528
1313186890
1331517295
1314196863
1317716771
1318124778
1371613968
1320476717
1321334747
1326049903
1328759499
1329788094
1330846275
1331511184
1332998987
1334089582
1332961534
1333405220
1333797530
1333857883
1333994859
1334025135
1337048504
1337274564
1337811254
1337842831
1338398324
1338674908
1341041789
1341044617
1341564616
1345250771
1351508754
1351350610
1349852140
1347524658
1348219926
1349065955
1349492103
1350062052
1350563872
1351008202
1352985190
1353322181
1354639229
1355366261
1358647720
1358768124
1360081123
1360549057
1360746096
1361386084
1361466192
1361466908
1361711137
1471190301
1362536852
1362787288
1362952422
1366013759
1368387070
1370065043
1372019313
1372185974
1366013759
1368387070
1370065043
1372019313
1376271454
1376282035
1374940954
1374454439
1375582871
1376789021
1376789436
1377366567
1377393057
1378808074
1378943702
1379756892
1380792455
1384190039
1384277749
1384290807
1387721391
1387765621
1387844698
1389840371
1391208422
1392256702
1398960298
1402650917
1409895771
1410751507
1411403749
1411474690
1416612566
1418020493
1418892535
1421594044
1420968565
1421318972
1422736243
1426128142
1427210322
1443361427
1445242345
1446607996
1453237756
1463164555
1454576926
1454592400
1459755811
1459768021
1459661057
1459768353
1459692286
1459769719
1459114369
1455309135
1455629321
1461047120
1461470345
1461708062
1463232767
1466927377
1470524499
1470836512
1471275522
1471835185
1472629372
1472649160
1473575138
1474246103
1474690799
1475819126
1475819289
1481283695
1481342754
1485666071
1486228647
1486559824
1486561999
1486648850
1489945340
1490507819
1494022646
1498514771
1513965632
1514299298
1518074088
1520982502
1521447796
1533388875
1535370097
1542164303
1542169385
1010709105
1034506427
1375539821
1062226484
1087456195
1125134110
1196785622
1199600942
1213601830
1224158466
1229096848
1273706976
1275379461
1276938491
1279589340
1284075083
1286058613
1290986359
1292749095
1298550317
1304823624
1306025223
1312441900
1312830533
1313370780
1313952406
1320003583
1312830533
1313370780
1313952406
1320003583
1320286812
1326029707
1326065909
1326340467
1330754993
1434476963
1333882325
1347497516
1362282043
1351724142
1363743168
1360259949
1361836754
1362588240
1372185974
1377015170
1378942251
1383593477
1412267924
1411024605
1411268796
1415363180
1422595728
1422758204
1427267144
1433137164
1458286007
1461091258
1464364799
1464464485
1469881855
1473682802
1474262291
1477863381
1478329871
1494336991
1521449937
1535669470
1016984323
1037458350
1039402900
1043142978
1043143108
1051299161
1083928307
1174673144
1214179721
1226280669
1226928781
1419721867
1240158279
1250529667
1264057269
1264672889
1270274140
1277098152
1307884258
1308760694
1309726465
1312619565
1314003765
1314398038
1326083288
1332504617
1334461432
1334426089
1333878358
1336235175
1345844546
1353823252
1360698616
1362894613
1478115538
1374520061
1385750363
1391849556
1390183482
1396994304
1409323385
1410495116
1410762257
1426022024
1445801110
1459656131
1459691289
1455639852
1464457935
1474783302
1488929766
1496435132
1007972331
1055920880
1035411822
1039409281
1177097062
1196757674
1196752375
1196547192
1197956938
1206307713
1213544478
1227508908
1246591867
1254334503
1259413181
1259683398
1265411930
1270280455
1273665173
1293545856
1300132553
1315385644
1316787739
1316792993
1317373996
1320289040
1316787739
1316792993
1317373996
1320289040
1325623926
1339644751
1327365170
1328754227
1332984604
1333395508
1335819141
1337065284
1338808800
1341565975
1345528950
1347261358
1349477604
1349599906
1352536228
1357617303
1358626067
1361468289
1363128107
1370755234
1371227943
1376273778
1379389987
1382910507
1385750363
1420276208
1406467673
1411301428
1411466572
1411687611
1413421823
1449195584
1459714258
1455284094
1459177352
1459231427
1463221505
1463879500
1464300399
1464403588
1465821675
1467934965
1469523860
1474695001
1474786866
1478325894
1479436627
1480155902
1500132348
1011017379
1011745476
1149938805
1199803771
1226916222
1245847398
1250535199
1434479522
1253549323
1256266818
1263866737
1325677904
1272325035
1277913118
1284212782
1285431713
1289171963
1291843347
1307128868
1309744102
1312399792
1315671275
1321088049
1321090266
1321386798
1324988861
1326873773
1330123619
1332783113
1335639842
1347123068
1351551351
1353092626
1358772712
1359091811
1363485353
1368543846
1369320201
1372263598
1378674097
1379480307
1387822797
1387843561
1392625257
1393864653
1396997540
1420391853
1420292080
1405216252
1410226274
1412236723
1426312989
1441967460
1445582274
1445921784
1446623872
1447745990
1455098598
1456637678
1460383616
1464322544
1466706879
1469592815
1472657212
1480386593
1486562274
1497781620
1076091598
1095812253
1172606985
1177127291
1178003766
1178035608
1182454114
1182708357
1187162057
1188187577
1189645302
1199788913
1316868169
1213398213
1213562918
1213580680
1224747518
1232119037
1240286008
1242304684
1245305251
1245864874
1246889339
1248254025
1249509218
1250753291
1252498981
1255999537
1253713579
1257415927
1262560001
1262416941
1259592559
1259692248
1260664038
1262001465
1262027402
1262088436
1262309919
1262408527
1262719235
1267035791
1265561654
1266643007
1266789311
1267628758
1267831113
1268204141
1268468990
1270293039
1270296780
1271278715
1271466196
1273611438
1273639540
1273690117
1275156677
1275587522
1279620766
1279699678
1280028784
1281341613
1281558586
1281578293
1281641924
1282305487
1282671663
1282988923
1285439702
1285451267
1285466784
1287827871
1287874733
1287890355
1290294515
1290572687
1291717477
1295367663
1296225701
1296431540
1296500178
1296720732
1297321344
1304696480
1303066852
1305581463
1304349691
1302563506
1302867672
1303828791
1304623698
1304653171
1304669203
1305798882
1305955261
1310190444
1310537579
1311101912
1312084967
1312494210
1313484744
1313139101
1313452937
1313534060
1315156850
1315383473
1316250095
1316694953
1317524929
1317723798
1318246459
1319355539
1320001132
1320010023
1320542876
1330978262
1330900985
1321680805
1322598344
1323105335
1330978262
1330900985
1321680805
1322598344
1323105335
1329152114
1329385932
1329441428
1330872056
1333001489
1333419913
1332475127
1333949649
1334033997
1334019928
1333853365
1333894012
1333951198
1334092513
1336035770
1337044131
1337892222
1339854296
1513824323
1343213252
1345622652
1345802283
1371626944
1348816918
1414049108
1350665387
1352101601
1352122776
1352913879
1354237103
1354238254
1355717446
1355807740
1356227877
1357765955
1358521772
1358549769
1359860325
1360853385
1361461107
1361461291
1361462651
1361466235
1362484769
1362804394
1364170735
1368672634
1367858481
1369700452
1369837415
1370021723
1372053899
1372172823
1372192745
1375749161
1378619157
1379439974
1379528591
1380799657
1380847591
1381336301
1382580869
1384296650
1384679796
1387892507
1388494283
1388628693
1392385897
1396981586
1397397842
1398464893
1430004703
1420346357
1398938459
1401501360
1402670358
1402806118
1404584850
1406513545
1407816075
1408826095
1408208080
1408842748
1410653563
1411392901
1411688241
1412257537
1412856163
1417275380
1424924627
1430451297
1432849454
1433046305
1438137010
1440000271
1441930868
1442681756
1444405785
1445048992
1445223608
1445925975
1446657264
1448095722
1452863117
1452897457
1453910481
1454614205
1455106847
1459232884
1459735013
1459697727
1459656569
1459710256
1459120771
1455302043
1459735013
1459697727
1459656569
1459710256
1459120771
1455302043
1459133621
1455788345
1458033759
1458270859
1458775639
1459760825
1461776286
1461869255
1462455210
1462461832
1462478258
1462573519
1463203653
1463215382
1463253955
1464383713
1464385622
1465284471
1466421670
1469544900
1469547271
1469867912
1471270036
1471829457
1473873631
1474200283
1474254432
1475647710
1476115088
1476953624
1477339713
1478742315
1478925025
1478948109
1479161916
1479270942
1481230780
1481277483
1485629012
1488923428
1488924878
1488925593
1488928386
1490667664
1494303860
1497001880
1498494555
1502248576
1514300970
1521445795
1527469723
1527481327
1529110672
1540604600
1032763136
1270307683
1312463814
1318182807
1382547340
1444192417
1448259073
1476991887
1043036145
1283750297
1349158539
1349484649
1361689913
1373308755
1387815098
1421359361
1479343557
1227455032
1076085658
1285593804
1286514999
1296254393
1304607137
1320781500
1334102169
1336126458
1337202687
1345001785
1359975705
1379149885
1441933997
1496150748
1026937465
1054491629
1118598625
1174680967
1213852382
1273811106
1281519186
1282297200
1284037714
1286127674
1316150739
1298889669
1302395691
1307124225
1308280933
1314257141
1326124422
1361908272
1330835973
1334109729
1335677197
1336342226
1336841306
1392072747
1345049757
1351413432
1349143101
1371296373
1393739938
1395458306
1417710115
1411624989
1421091979
1453250745
1461069923
1463198774
1463215468
1463250242
1463889255
1466299117
1470522778
1476998089
1478330175
1494275475
1494276371
1043123916
1054958805
1036124759
1059832092
1360348129
1298571074
1188159752
1252367779
1285466036
1345014545
1389141653
1409337975
1506733595
1007786732
1011022950
1011023693
1011381140
1011711463
1012175902
1014582368
1015163333
1029842489
1029887778
1032764221
1032768866
1364904197
1031914682
1032037063
1032251246
1032252463
1032312045
1033119719
1033292293
1033398389
1033405697
1267422516
1033576032
1033684380
1033885199
1033904324
1034506807
1034608492
1051147957
1034712687
1034798004
1035027901
1041810431
1035370829
1035392700
1035472341
1035489428
1036099575
1036099748
1037020205
1037211990
1037453747
1038435536
1038448644
1038706871
1038820798
1038835847
1038961189
1039358952
1039368316
1039391468
1039427165
1039660685
1039850310
1039906862
1039925745
1039926454
1040058712
1040061400
1040063682
1040065705
1040068188
1041164041
1041165901
1041481427
1041481064
1042179058
1042542514
1043142556
1043142620
1043142842
1043217741
1044028986
1044742586
1045041075
1045047693
1049259852
1049579695
1051780720
1052499960
1052509030
1054437413
1054487254
1054563285
1054699850
1054782962
1055038582
1056040941
1056053345
1056059968
1056113604
1056154007
1056780946
1057035009
1059039677
1062806820
1060969142
1061884810
1061891827
1062619593
1063589753
1063611356
1063658297
1076417327
1067632866
1073840894
1074056364
1074057396
1074453268
1074382754
1076471526
1076561374
1079491581
1083728922
1083933911
1083943480
1084288645
1084314947
1084330435
1084351489
1086719080
1088309933
1088310625
1089199266
1089211860
1089213649
1090006123
1090006359
1380857079
1380860939
1090072338
1090865026
1093895050
1095746920
1095765407
1095787220
1096180608
1103226308
1102262735
1102282433
1105812668
1112292380
1148108138
1148145824
1149935900
1174434203
1174518889
1174537504
1174651507
1174659251
1174660399
1174707728
1175414611
1175419317
1175421712
1175424488
1175429277
1175447234
1175453801
1175457344
1175459682
1175472331
1175480265
1175482666
1177065556
1177108147
1177112414
1177975316
1177982765
1178015033
1178022204
1178022498
1178039616
1178042306
1178046061
1179053457
1179253749
1179271256
1179320170
1179337520
1179369121
1181050693
1181519307
1181565099
1182514364
1182692502
1196808811
1196807266
1184716263
1196798234
1196794891
1196795110
1196785154
1196780845
1196774346
1196772116
1196770479
1196768176
1196767207
1196761683
1196759804
1196759587
1196754673
1196750421
1196749645
1196744905
1196744878
1196744929
1196742744
1196750421
1196749645
1196744905
1196744878
1196744929
1196742744
1196741051
1196733901
1196554237
1187385682
1187834372
1187841224
1187845288
1187868341
1188114905
1188097410
1188168328
1188179698
1188194564
1188215907
1188246363
1189633966
1189652163
1189659802
1195886240
1198599279
1199576467
1199589254
1208840995
1199637799
1199648626
1247808541
1203930235
1204583973
1204600869
1204910708
1205386334
1246595292
1206394705
1206657417
1206895301
1208708098
1212116571
1213271975
1213288016
1213325002
1213353000
1213428463
1213439689
1213457735
1213467986
1213474025
1213484842
1213491375
1213498747
1213509040
1213519807
1213552531
1213558302
1213567557
1213588664
1213591860
1213594254
1213596270
1213599638
1213608203
1213619853
1213640232
1213642163
1213660339
1213831687
1213838230
1213844491
1214171966
1214186776
1214201693
1214205954
1214236817
1214257628
1214270240
1214272091
1215526856
1216580522
1217903076
1218053317
1218216699
1218522316
1218975831
1224165241
1224169182
1224170327
1225218634
1225268588
1226209690
1226226434
1226242604
1226269759
1226292062
1226304203
1226425533
1227005956
1226760244
1226770781
1226782617
1226796347
1226804117
1226854446
1226859866
1226897940
1226912718
1226913792
1226914920
1226932623
1227466210
1392410943
1227518097
1227524378
1227529078
1227534393
1227544629
1227548647
1227642124
1228596125
1228622625
1228971298
1229071941
1229079125
1229084916
1229108648
1229114618
1229130050
1229146088
1229153443
1229159731
1229167441
1229168797
1229176000
1230433755
1232128079
1233020245
1279091252
1278510287
1246591982
1235025499
1236177605
1236211733
1236244079
1236421327
1238100337
1238119912
1238131733
1238138344
1238144686
1238165615
1240116297
1240139237
1240217854
1240229468
1240250839
1241522534
1241424220
1241433759
1257563922
1244359109
1244362718
1244366175
1242735145
1242753369
1247770516
1242822504
1244370501
1244388141
1244389391
1243083316
1244607915
1244610419
1244613041
1244614667
1244014284
1244290069
1253986149
1249410178
1249414848
1254004635
1244448034
1245101318
1245285008
1245340715
1245353476
1245376845
1245418383
1245439089
1245525409
1307424394
1248263969
1249154927
1249354029
1249355414
1249357352
1249362292
1249364704
1249366098
1249367505
1249399586
1249453860
1249425385
1249464123
1249479056
1249534448
1250537025
1250536671
1250533924
1250534244
1250534404
1250437190
1250533633
1351543109
1250569935
1250576554
1250616675
1250706035
1250723349
1250770277
1250823425
1250830318
1251149286
1254146649
1254149577
1254119617
1252105694
1252111299
1252155410
1252186892
1252400581
1252624020
1252704158
1256021194
1256023718
1256029830
1254143858
1252624020
1252704158
1256021194
1256023718
1256029830
1254143858
1256033820
1256035498
1252835287
1256074808
1253158206
1253158223
1253160832
1253159681
1253159920
1253611049
1253617032
1253678850
1253685508
1253689825
1253693895
1253721402
1253887336
1254009012
1254010075
1254019545
1254074009
1261004403
1256089733
1254111274
1254192919
1254246645
1254263516
1254279850
1254293208
1254374334
1254394530
1254408429
1316641119
1260989892
1256101115
1256181073
1256194241
1256218862
1256285670
1256302909
1256334099
1256356899
1257086072
1257372439
1257394938
1257400542
1257428964
1257443692
1257450869
1257459198
1257468491
1257484660
1257507082
1257539722
1257916375
1257919815
1257923418
1257928711
1257937036
1257940672
1257944329
1258710668
1259183878
1259189893
1259207434
1259222270
1259230846
1259249816
1259259846
1259277318
1259569366
1259319600
1259303640
1259314214
1259337166
1259384376
1262299449
1262419162
1259422839
1259494541
1259572651
1259584431
1259596582
1260474589
1260497965
1260515760
1260544242
1260649812
1260657117
1260661214
1260867454
1261468134
1261990707
1262007447
1262048059
1262064716
1262080438
1262192459
1262235471
1262266534
1262300154
1262552468
1262564285
1262578431
1262606704
1262615678
1262624024
1262628483
1262640195
1262662553
1262663225
1262666706
1262669685
1262671602
1262640195
1262662553
1262663225
1262666706
1262669685
1262671602
1262673623
1262675163
1262676639
1262683696
1262694896
1262709815
1262788207
1263233159
1263276966
1263287981
1263318088
1263678638
1263782662
1263854148
1263880844
1263940112
1264039764
1264105979
1264280993
1264683310
1264988893
1265022058
1265026447
1267019645
1265060875
1265072133
1265116265
1265125910
1265228919
1265711605
1265663562
1265362787
1265375139
1265383978
1265395206
1265405094
1265416837
1265426881
1265441488
1265452649
1265540939
1265552238
1265556607
1265566462
1266589211
1339118062
1266707033
1287791810
1287779949
1266724737
1266735241
1287778673
1266762756
1266764297
1266768392
1266769655
1266776968
1266797294
1266865512
1267002592
1267030143
1267117087
1267118796
1267363866
1267368566
1267371115
1267412986
1267438561
1267460843
1267640346
1267653384
1267741593
1267776042
1267779071
1267795816
1267813481
1267837676
1267842899
1267845375
1267856936
1267870796
1267877437
1267898165
1267905642
1267925980
1267934604
1267952360
1267956416
1267956713
1267984658
1267988005
1267997431
1268002380
1268011758
1268015815
1268110309
1268144632
1268179794
1269335782
1269343398
1269358580
1269512911
1270094731
1270128063
1270145426
1270216590
1270265817
1270278359
1270295040
1371619869
1270300132
1270307675
1270312930
1270316966
1270393385
1270396949
1270397352
1270400652
1270564993
1270576790
1270580910
1270694426
1270898305
1270900696
1271026122
1271195425
1271289206
1271299257
1271302669
1271322218
1271337241
1271356158
1271357259
1271373208
1271389338
1271403051
1271501779
1271809418
1273772252
1273231748
1273327231
1273390717
1273448508
1273448584
1273448784
1273448898
1313547384
1273449246
1273449273
1273449349
1273449460
1273449473
1273449656
1273449846
1273539310
1273569576
1273656973
1273674438
1273697890
1273917586
1274020168
1274155807
1274171356
1274355360
1274990570
1275284344
1275292681
1275299614
1275393957
1275392592
1275352477
1275361277
1275391115
1275425444
1275444075
1275498541
1275517359
1275525499
1275527208
1275529651
1275535006
1275543274
1275552093
1275556640
1275560480
1275564505
1275566130
1275644725
1275693383
1275731688
1275848546
1275900341
1276822270
1276844158
1276866375
1276895042
1279552678
1276957550
1276984958
1305411340
1305424929
1278447494
1279279854
1279288297
1282272472
1279514094
1279537091
1279565218
1282271271
1359962199
1279634367
1279642385
1282263513
1279659825
1279666134
1279667044
1305402431
1305434818
1280014232
1280561550
1281018835
1281332844
1281344801
1281346593
1281357710
1281358672
1281530962
1339107273
1281551445
1281551458
1339109434
1281649146
1282362397
1282510585
1282513077
1282553145
1282550689
1282503786
1282613316
1282813122
1282890469
1282950009
1282952852
1282919435
1282929069
1282947545
1282953562
1282970643
1282991428
1283520012
1283520323
1283521393
1283521607
1283521842
1283521886
1283521900
1283522652
1283522676
1283522850
1283522865
1283523159
1283598497
1283609143
1283666031
1283724567
1283768946
1283782385
1283842887
1283909592
1283937591
1283997491
1284004463
1284009719
1461378252
1284058319
1284102829
1284132345
1284143125
1284147645
1284153539
1284160075
1284187792
1284191856
1284207190
1284210834
1284282856
1284297545
1284295560
1284300913
1284306678
1284311999
1284318426
1284329446
1284363818
1284381213
1284384472
1284388042
1285170974
1285412529
1285422929
1285455659
1285466101
1285504399
1285527242
1285563709
1285612472
1285614619
1285633747
1285644730
1285667166
1285704231
1285713220
1285774304
1285780969
1285795286
1285818735
1285906060
1285913822
1285960812
1285967385
1285984796
1286008576
1324569118
1286025648
1286111311
1286118364
1286171965
1286205029
1286217773
1286235913
1286297097
1286361902
1286377655
1286378647
1286453688
1286486825
1303882606
1286792087
1286906058
1286906145
1286923100
1286959723
1286965217
1286965288
1286966058
1287324241
1287346544
1287372535
1287415758
1287438403
1287445640
1287461512
1287481831
1287559181
1287438403
1287445640
1287461512
1287481831
1287559181
1287572844
1287590495
1287603792
1287610394
1287618714
1287620565
1287626004
1287632752
1287640377
1287640824
1287648542
1287656177
1287671741
1287707075
1287708996
1287718394
1287723807
1287725984
1287731380
1287740088
1287750722
1287776983
1287778881
1287794283
1287806846
1287819696
1287843803
1287845127
1287863231
1287879210
1287907135
1287930842
1287946189
1287960217
1287971676
1288008595
1288022431
1288048262
1288402512
1288759747
1288761534
1288766786
1288823901
1288840581
1288857351
1288887020
1288924673
1289072280
1289100011
1289113271
1289132700
1289147377
1289171970
1289193311
1289214506
1289571510
1305063280
1290217603
1305065134
1290257626
1290271631
1290291859
1290316617
1290337417
1290354399
1290401809
1290490084
1290495450
1290510220
1290523252
1290530807
1290548334
1290567293
1290602015
1290626871
1290643099
1290668684
1371617782
1290717748
1290802223
1290802819
1290804037
1290827147
1291031714
1291096165
1291096498
1291121535
1291121064
1291121172
1291121187
1291122133
1291127204
1291127214
1291134492
1291152990
1291153592
1291238703
1291238776
1291647374
1291689701
1291689846
1291705257
1292251313
1292253683
1292285231
1292349778
1292403555
1292806320
1292857628
1292867517
1292907618
1293426616
1293438397
1293439024
1293450424
1292907618
1293426616
1293438397
1293439024
1293450424
1293522668
1293536282
1293552442
1293555845
1293844502
1293857395
1294067689
1294073244
1294259323
1294291651
1294292894
1294293201
1294296042
1295306190
1295349555
1295599067
1295623726
1295654032
1296158951
1296172859
1296264787
1296307760
1296315718
1296322258
1296328859
1296335892
1296360926
1296361126
1296361305
1296361949
1296361964
1296362090
1296362156
1296368625
1296388877
1296398553
1296414975
1296421774
1296452271
1296463656
1296519889
1296532041
1296639442
1304813772
1296652944
1296658840
1296661298
1296665165
1296671303
1304758648
1296678851
1296684930
1304687231
1296697158
1296700626
1296705155
1296708339
1296709495
1296710704
1296727149
1296773543
1296807721
1297095884
1297109106
1297113887
1297162679
1297352644
1297363845
1298075214
1298328750
1298336868
1298430414
1298433932
1298432922
1298433116
1298460195
1298469904
1298474771
1298482829
1298491962
1298496882
1298498304
1298503329
1298510046
1298519460
1298519516
1298568306
1298601610
1298622228
1298632349
1298642858
1298655465
1298663880
1298667370
1298684463
1298703332
1298713968
1298736867
1298756680
1298772060
1298774711
1298790188
1298802243
1300363155
1299003372
1298932844
1298884371
1298891555
1305055552
1298992036
1299705254
1299746600
1299820164
1299831365
1299846606
1300191899
1300217906
1300241394
1300282499
1300324189
1300347273
1300375154
1311141398
1369812497
1306014216
1300615373
1300630521
1300659841
1300679559
1304811245
1305910740
1307417922
1301590562
1301667823
1301694234
1301694313
1301701623
1301739929
1301757477
1301766690
1301775901
1301801831
1301828735
1301838807
1301846603
1301885397
1301936132
1301980083
1302161247
1303847118
1304682906
1302196938
1306251877
1302305886
1302337089
1302400338
1302483731
1302607603
1302633691
1302674982
1302692664
1302780640
1302790374
1302851922
1302892694
1302903730
1302918632
1302950980
1302993593
1303006571
1303010672
1303192234
1303715088
1303715477
1303715956
1303010672
1303192234
1303715088
1303715477
1303715956
1303788649
1303807461
1303817984
1303851594
1303885060
1303931089
1303956887
1303992380
1303992805
1303992923
1304192925
1304226786
1304237282
1304247498
1304250582
1304427892
1304481322
1304506032
1304521335
1304524134
1304523730
1305668111
1304523552
1304523565
1304524239
1304524274
1304524872
1304563941
1304620534
1304620372
1304620546
1304620607
1304620757
1304623363
1304626452
1304648237
1304662089
1304674107
1304680592
1304685822
1304694497
1304709958
1304805734
1304845181
1304861394
1305751509
1305767660
1305784728
1305812150
1305835586
1305850560
1305858889
1305866691
1305873479
1305879387
1305883190
1305906244
1305906528
1305911269
1305916496
1305924066
1305930283
1305936152
1305940429
1305943195
1305945771
1305951952
1305952537
1305957885
1305963757
1305964615
1305990644
1305995121
1305998585
1306004437
1306008366
1306017538
1306020445
1306027381
1306029422
1306032502
1306035621
1306037614
1306038604
1306038627
1306039474
1306039568
1306039582
1306039602
1306051813
1306052413
1306052424
1306052951
1306052969
1306414163
1306439630
1306456044
1306468052
1306477346
1306581363
1307108584
1307155776
1307416732
1440832883
1307462577
1307604744
1307801674
1307817215
1307933085
1307989622
1308001682
1308066919
1308135928
1308145500
1308146933
1308146093
1308146208
1308280084
1308280453
1308456395
1308456416
1308465046
1308777614
1308891065
1309071153
1309118569
1309272398
1309385671
1313773131
1309816376
1310022276
1310003438
1310050063
1310132374
1310206299
1310285829
1310323723
1310362544
1310394955
1310446337
1310493453
1310712932
1310714855
1310718416
1310737326
1310738341
1310747703
1310975358
1311003011
1311075361
1311084361
1311084971
1311093458
1311094717
1311109503
1311122030
1355293318
1311199218
1311216617
1311277688
1311304598
1311351012
1311488175
1311573415
1311590649
1311599172
1311661754
1311696229
1311700631
1311701905
1312003944
1312016043
1312027564
1312040820
1312055186
1312095352
1312098304
1312099381
1312105490
1312230642
1312271028
1312333171
1312470612
1312478943
1312516967
1312595574
1312607988
1312624200
1312627004
1312629217
1315680725
1312723397
1312726042
1312727796
1312728231
1312795792
1312803657
1312808515
1312814641
1312818618
1312824926
1312836373
1312841769
1312842943
1312843012
1312848337
1312870419
1312870486
1312939454
1312970938
1313033487
1313096673
1313121346
1313131523
1313141868
1313147339
1313218105
1313231048
1313246665
1313283450
1313285983
1313293022
1313308831
1313316150
1313323877
1313327412
1313331469
1313349225
1313417671
1313423017
1313429047
1313439475
1313465347
1313471935
1313482303
1313510803
1313516761
1313525545
1313536824
1313545476
1313548865
1313588559
1313606142
1313611682
1313618247
1331514255
1331532674
1313621474
1313697895
1313910224
1313938256
1313951241
1313960652
1313971716
1381013999
1313989174
1314002662
1314009206
1314003316
1314004394
1314013001
1314035057
1314048732
1314059819
1314079115
1314092270
1314124572
1314138468
1314207185
1314208375
1315391453
1314227999
1314236753
1314238413
1314268739
1314284981
1314364813
1314372090
1314411336
1314527349
1314733494
1314783673
1314803282
1314829226
1314834910
1314922045
1314928483
1315075100
1315089347
1315109267
1315129475
1315135210
1315137947
1315141590
1315150402
1315153437
1315163987
1315172145
1315174897
1315178022
1315181051
1315184877
1315373175
1315381320
1315383388
1315383559
1315385657
1315432837
1315420440
1316963707
1316951010
1317092058
1316932652
1316800223
1316779175
1316787994
1316725731
1315533396
1315564291
1315572044
1315602949
1315613774
1315628254
1326737920
1315643186
1315663080
1315810525
1315680849
1315798269
1315688586
1315695666
1315793798
1315782861
1315709192
1315747411
1316673044
1315756451
1316180922
1316182134
1316183455
1316183842
1316214425
1316219988
1316220689
1316221156
1316222948
1316225353
1316225904
1316229774
1316236299
1316236745
1316240356
1316244206
1316249908
1316257675
1316267906
1316268461
1316273686
1316284746
1316280079
1316285508
1316291273
1316298230
1316332353
1316338523
1316348369
1316352778
1316358580
1316363977
1316387228
1316473945
1316502389
1316514482
1316525777
1316537576
1316552025
1316561438
1316577897
1316586918
1316619832
1316645174
1316651621
1316653690
1316804298
1316704532
1316736227
1316743535
1316749510
1316756721
1316762839
1316776166
1316802445
1316807647
1316878471
1316904817
1316910686
1316940473
1316950308
1316953997
1316972207
1316979151
1317002614
1317007818
1317013004
1317024449
1317041255
1317054632
1317059050
1317516212
1317606995
1317536596
1317538401
1317546086
1317561202
1317568816
1317536596
1317538401
1317546086
1317561202
1317568816
1317582786
1317589789
1317609723
1317623574
1317645346
1317659049
1317670369
1317681552
1317692704
1317734976
1317746828
1317773373
1317775980
1317780090
1317805977
1317816175
1317827358
1317839798
1317860094
1317911090
1317986898
1318040459
1318051243
1318079545
1318088022
1318100396
1318113348
1318121789
1318148429
1318160456
1318186503
1318250639
1318288842
1318304358
1318311921
1318322920
1318388755
1318470047
1318510184
1318532625
1318545678
1318635903
1318700749
1318831933
1318897826
1319012249
1319063572
1319090532
1319091407
1319236132
1319428877
1319737368
1319771627
1319857560
1319863434
1319905637
1319904271
1319924010
1319956665
1319989243
1319994717
1320008736
1320015268
1320017215
1320019550
1320092116
1320153548
1320172676
1320181662
1320285723
1320286104
1320286215
1320286521
1320286845
1320287052
1320287545
1320287600
1320287754
1320288242
1320430366
1320474927
1320604405
1320667740
1320712594
1320715748
1320777994
1391342989
1320969251
1331078376
1331190057
1331083186
1331171061
1331051378
1331014506
1330995012
1331067876
1330928795
1331139548
1331107104
1331087682
1330987391
1321110719
1321093856
1331026257
1321102923
1321091439
1331125596
1331182569
1336996682
1331131378
1331062865
1331036968
1330947584
1330910582
1331146913
1330924317
1330941922
1330919838
1330830471
1321068205
1321053321
1330896598
1330890250
1330883677
1330871325
1321927272
1321889227
1330825768
1330904549
1330859832
1321084384
1321078812
1329646760
1321916559
1329639028
1321933358
1321920952
1321946065
1321931744
1321274819
1321321920
1321342687
1321354536
1321370293
1321379491
1321457863
1321504808
1321518126
1321544112
1321548024
1321564705
1321579634
1321658841
1321733706
1321824898
1321849358
1321920150
1322580717
1322688237
1322717313
1322731574
1322759439
1322776575
1322800762
1322809888
1322822625
1322841182
1322848599
1322862111
1322878777
1322897519
1322908692
1322920324
1322955396
1322956259
1322897519
1322908692
1322920324
1322955396
1322956259
1322974025
1322984154
1323017162
1323117471
1323124718
1323293576
1323932449
1324083250
1324135695
1324178467
1324195462
1324199611
1324321025
1324521831
1324639536
1332412222
1325018387
1325045061
1325162208
1325186627
1325199234
1325194964
1325194687
1325197830
1325200951
1325490124
1325664062
1325725214
1325736667
1325824849
1325847603
1325923470
1325976752
1325985052
1326006866
1327556653
1326059347
1326062076
1326091234
1326096492
1326101321
1326112727
1326159865
1326164082
1326169236
1326325620
1326333650
1326863203
1326872857
1326876509
1326910487
1326923548
1327441569
1327586263
1327952021
1328385392
1379853781
1328498428
1328508097
1328530349
1328536625
1328555556
1328559246
1328567838
1328619795
1328640658
1328646663
1328662777
1328692454
1329074292
1329118481
1329130670
1329143498
1329191048
1329208155
1329227710
1329215856
1329226320
1329238371
1329254411
1329306006
1329317413
1329368784
1329391378
1329494855
1329776815
1329814857
1329832389
1329869621
1329870414
1332918156
1329936697
1329937556
1329937961
1332909721
1329974702
1330043109
1330056205
1330072800
1330107596
1330110541
1330113036
1330113612
1330134491
1330271330
1330306892
1330339064
1330368958
1330393933
1330409455
1330454232
1330544269
1330751028
1330798414
1330863151
1331182666
1331230474
1331238693
1331244576
1331281646
1331293638
1331303140
1331342674
1331478064
1331484204
1331488715
1331506434
1331551869
1331841391
1331843945
1331857919
1331869929
1331875504
1331884972
1331892758
1331975138
1331977899
1331990379
1332009455
1332016463
1332185480
1332194870
1332204529
1332232033
1332216417
1382424017
1333981844
1333412926
1333407222
1332474709
1333397013
1332478517
1333028220
1334369941
1333994206
1332789686
1332955276
1332957459
1332958007
1332962803
1332963665
1332966072
1332969491
1332972194
1332976462
1332978191
1332979619
1332981510
1333027787
1333060330
1333346065
1333360252
1333366636
1333419511
1333763067
1333346065
1333360252
1333366636
1333419511
1333763067
1333834397
1333844347
1333947062
1333960450
1333978060
1392701936
1334061458
1334081477
1334322117
1334488366
1334575816
1334580652
1334586196
1334636856
1334662469
1334708281
1334748396
1335513535
1335579694
1335635014
1335654752
1335685186
1335692110
1335706848
1335712555
1335724373
1335729743
1335736393
1335740135
1335742318
1335846871
1335861184
1335862232
1335863663
1335936759
1336021517
1336023903
1336030262
1336042807
1336045469
1336060984
1336065814
1336071241
1336075881
1336079981
1336088719
1336133590
1336137910
1336142827
1336153210
1336156126
1336162764
1336169350
1336182847
1336194202
1336260616
1336264183
1336264881
1336270111
1336282108
1336295920
1336301477
1336315764
1336320274
1336339591
1336343574
1336347877
1336352965
1336358032
1336359780
1336365125
1336366909
1336373172
1336377801
1336381439
1336383796
1336393348
1336420067
1336438301
1336878445
1337032427
1337037948
1337052928
1337061715
1337082884
1337088705
1337100919
1337111926
1337121097
1337128814
1337198132
1337230582
1337259372
1337267682
1337274744
1337278514
1337279958
1337284453
1337284913
1337291703
1337298168
1337309486
1337315976
1337316538
1337323474
1337328556
1337336560
1337341143
1337345325
1337349007
1337360939
1337414189
1337429818
1337441754
1337581573
1337360939
1337414189
1337429818
1337441754
1337581573
1337728218
1337741285
1337749383
1337761249
1337769955
1337792359
1337803562
1337813711
1337832354
1337847761
1337852116
1337878245
1337883606
1337896075
1337900250
1337908135
1337908666
1337914921
1337936422
1477579089
1477858306
1338118007
1338235217
1347548612
1338379975
1338428739
1338447694
1339441112
1339501307
1339592382
1339644025
1339731914
1339855929
1339854204
1339854410
1339855759
1339855859
1340003410
1340397109
1340408387
1340911964
1340447448
1340473666
1340517407
1340541716
1340546171
1340577765
1340650473
1340681988
1340725743
1340764011
1340843567
1340877500
1340896378
1340911244
1341116545
1342895085
1343418718
1343324996
1343299103
1343308855
1343005455
1343582520
1343601057
1343589944
1343668878
1343649059
1343504534
1343687529
1343621180
1343615729
1343739240
1343730073
1343762398
1343700182
1343706791
1343837440
1343819306
1344667415
1342858900
1342513261
1341258937
1341266394
1341282820
1341380119
1341484021
1341484304
1341485455
1341486238
1341486266
1341486286
1341565998
1341566069
1341637392
1341668508
1341825048
1342812783
1345397597
1345371267
1342961640
1345196890
1345177276
1343008558
1345065289
1343451405
1343286214
1343431987
1343360571
1343267277
1343475881
1343331194
1347534041
1351388507
1345495235
1351322822
1343331194
1347534041
1351388507
1345495235
1351322822
1351344517
1351471192
1351517776
1351498499
1343680762
1344673594
1344692591
1351404187
1351389383
1351344788
1350017337
1349922920
1349908755
1349741591
1349735264
1345214905
1345434050
1345479659
1345606086
1345704659
1345743212
1349615235
1347497596
1347487186
1349605193
1349523292
1349584492
1347507655
1349536464
1349542609
1347502849
1347474792
1347327202
1347305210
1347471448
1347481617
1347310540
1347316574
1346099202
1346241159
1346584847
1346615684
1346875686
1346899207
1346954463
1346965946
1346968208
1346972959
1346976369
1346983214
1346998816
1347003513
1347518454
1347691448
1347758571
1348241885
1348278013
1348633267
1348663647
1348692792
1348693175
1348693457
1348693642
1348710902
1348723924
1348758144
1348756486
1348767503
1348787849
1348807941
1348808790
1348808996
1348810292
1348813627
1348815120
1348815860
1348819497
1348823590
1348827660
1348832279
1348841919
1348846779
1348850280
1389125965
1348855063
1348868663
1348861238
1348862420
1348864048
1348867208
1348871909
1348875533
1348961491
1348985123
1348998102
1349012697
1349036722
1349036661
1349040444
1349068500
1349134231
1349513904
1349549100
1349579395
1349632850
1349672592
1349838232
1350008138
1350256968
1350293059
1350402067
1350491490
1350499331
1350504833
1350509267
1350402067
1350491490
1350499331
1350504833
1350509267
1350510420
1350690588
1350731674
1351008047
1351353387
1351375555
1351403984
1351650700
1351666241
1351673462
1351676262
1351693087
1351703660
1351704060
1351713927
1351724137
1351731181
1351734212
1351735521
1351736492
1351745152
1351750934
1351820040
1352106576
1352112774
1352131021
1371286169
1371313299
1371291029
1371285886
1371304064
1371290460
1373858211
1353196526
1371285837
1377654957
1363743164
1377654961
1377627127
1352559095
1377641074
1352779684
1353014651
1353302484
1353345279
1353389760
1353439623
1353462294
1384673090
1353516500
1354234725
1354235226
1354235316
1354235423
1354238437
1354460184
1354476321
1354514020
1354556433
1354666502
1354913832
1354960401
1355053620
1355293324
1355302482
1355381714
1355390615
1355409576
1355420825
1355669413
1355669991
1355670387
1355673917
1355674006
1355674343
1355716172
1355800019
1377716138
1377720736
1377720740
1355821437
1355832161
1365905155
1365905060
1377693310
1355849669
1355859506
1356019986
1356056154
1356071121
1356071342
1356107490
1356113344
1356189516
1356207558
1356266240
1356358636
1356553594
1357749639
1356726676
1356754357
1356794649
1356874953
1356891057
1356975530
1357018196
1357030063
1357098597
1357142841
1357643021
1357832207
1357842705
1357819650
1357821220
1357848371
1357813681
1357847421
1357801323
1357815870
1357823549
1357824808
1357846383
1357861418
1357880646
1357902463
1357904858
1357987571
1358029147
1358396972
1358403711
1358416208
1358435924
1358443162
1358498313
1358614579
1358653455
1358696277
1358713434
1358738375
1358758916
1358769409
1359126102
1359356779
1359409341
1359496745
1359517572
1359535867
1359572285
1359802949
1359842557
1359850009
1359873073
1359915105
1360383058
1360488592
1360538334
1360698628
1360698762
1360746520
1360772457
1360783310
1360895285
1360906258
1360946019
1360953462
1360975494
1361021864
1361032802
1361061520
1361310371
1361329688
1361396979
1361409215
1361417802
1361427556
1361432551
1361436654
1361457603
1361458108
1361458180
1361459260
1361462331
1361459853
1361460474
1361460576
1361461786
1361462767
1361463137
1361463285
1361465149
1361466159
1361466503
1361466891
1361467363
1361468825
1361469306
1361470931
1361469699
1361470087
1361470692
1361471735
1361475648
1361570329
1361586863
1361724788
1361743178
1361763390
1373374125
1361813195
1362251118
1362252571
1362252897
1362265135
1362324439
1362335404
1362350288
1362457238
1362560784
1362601646
1362625452
1362698700
1373034915
1362936502
1363293429
1363330706
1363353904
1363378410
1363402610
1363461549
1364158661
1364182499
1364193823
1364277231
1364292079
1364589421
1364182499
1364193823
1364277231
1364292079
1364589421
1364642882
1364749635
1364768651
1365358280
1366009435
1366017668
1366034473
1366038067
1366068301
1366096316
1366115073
1366137399
1366157207
1366176319
1366188221
1366193608
1366249000
1366324027
1366369136
1366400128
1366479279
1366504060
1366519420
1366932335
1366955106
1366970037
1366980241
1366989648
1366991220
1367015861
1368682942
1367053369
1367064270
1368626121
1367076170
1367084835
1367113972
1367345535
1367343351
1367475142
1367517848
1367543974
1367560954
1367837627
1367919549
1367955156
1367974454
1368056547
1368333543
1368160280
1368293621
1368345764
1368348634
1368357032
1368412808
1368941835
1369005667
1369228212
1369320155
1369428956
1369486260
1369504111
1369519857
1369545567
1369598777
1369696917
1369744327
1369837413
1369850928
1369867738
1369925184
1369961908
1370181072
1370236862
1370300479
1370352876
1371000431
1371000393
1371247759
1371294806
1371298178
1376288109
1371990310
1372082937
1372086827
1372098097
1372103110
1372169078
1372180565
1372180906
1372180923
1372181211
1372181974
1372184976
1372187495
1372188090
1413427630
1372304532
1372466369
1372510619
1372564058
1376287277
1376287742
1376285495
1373268432
1373279854
1376273440
1373315719
1373335610
1373349375
1376269307
1376275192
1373383675
1373383842
1373409332
1376268657
1376288711
1376292928
1373510819
1376297475
1376298872
1376301932
1376302068
1376304755
1376492891
1373845763
1375194935
1373946487
1374932753
1374928475
1375413190
1374926790
1374891710
1374908706
1374166074
1374904013
1374923309
1374902268
1374896804
1374921111
1374912988
1375422926
1374939758
1374889235
1374268891
1374186117
1374196260
1374207491
1374424202
1374427799
1374431876
1374439552
1374459941
1374464666
1374465017
1374498131
1374555145
1374565342
1374570481
1374571324
1374578897
1374754739
1374816923
1374880515
1375003001
1375019629
1375127107
1375153245
1375213977
1375264337
1375396135
1375460378
1375469551
1375516742
1375583116
1375469551
1375516742
1375583116
1375647156
1375685609
1375687817
1375688691
1375692530
1375691749
1375808318
1376013277
1376026851
1376222273
1376233604
1376660412
1376280695
1376302188
1376663026
1376663465
1376701074
1376714659
1376721341
1376731951
1376736266
1376747104
1376813356
1376897961
1376993467
1377042683
1377071773
1377079513
1377099011
1377104704
1377117183
1377128309
1377146190
1377147985
1377169946
1377184093
1377262828
1377271515
1377280116
1377290907
1377313541
1377332260
1377351489
1377352927
1377354712
1377367626
1377374900
1377377254
1377378974
1378025529
1378066791
1378057520
1378059094
1378061115
1378063872
1378101456
1378131595
1378136971
1378151344
1378166359
1378187256
1378207960
1378217102
1378277351
1378287387
1378287424
1378313558
1378317211
1378322805
1378339755
1378339906
1378366043
1378388145
1378389453
1378408597
1378413165
1378426222
1378435069
1378526103
1378543959
1378574173
1378585250
1378607059
1378653583
1378659786
1378718149
1378721541
1378727560
1378760145
1378779868
1378795902
1378801515
1378814052
1378822350
1378827070
1378890832
1378911304
1378929256
1378932259
1378934247
1378936576
1378945770
1379144373
1379157560
1379182165
1379189370
1379204848
1379210951
1379222045
1379517669
1379520616
1379528434
1379537390
1379542177
1379545719
1379589476
1379639306
1379660795
1379669054
1379723108
1379753600
1379756856
1379763178
1379765956
1379838612
1379885967
1380346935
1380366784
1380381246
1380598434
1380734011
1380752458
1380769048
1380771658
1380775577
1380781257
1380787203
1380794461
1380800830
1380807832
1380809090
1380811885
1380813017
1380816574
1380821334
1380819873
1380824858
1380828221
1380829314
1380832967
1380838454
1380840068
1380841485
1380846858
1380871472
1380880988
1380889789
1381261658
1381335485
1381333818
1381333914
1381255018
1381277261
1381374196
1381383963
1381404133
1381417107
1381431196
1381658938
1381675772
1381727533
1381831939
1381902605
1381919770
1381974177
1382025526
1382031370
1382041754
1382050130
1382480962
1382494746
1382532414
1382532919
1382538379
1382549764
1382552087
1382552346
1382618248
1382635538
1382985961
1382808487
1382799011
1382806584
1382802719
1382982993
1382828635
1382990942
1382990335
1382988219
1382798978
1382823256
1382988018
1382807288
1382796412
1382809117
1382817484
1382831791
1382848931
1382851160
1382888630
1382867638
1382878858
1382888679
1382908878
1383447371
1383017268
1383021192
1383022525
1383029586
1383035972
1383044658
1383050173
1383168610
1383169095
1383173729
1383172716
1383174740
1383270326
1383278603
1383288317
1383298331
1383303665
1383312640
1383433784
1383509917
1383517222
1383522801
1384001734
1384004741
1384046454
1384061028
1384067576
1384077701
1384082838
1384089715
1384112653
1384116006
1384122545
1384163604
1384164998
1384175934
1384186555
1384190728
1384191839
1384195932
1384192603
1384198985
1384207702
1384208995
1384213768
1384277112
1384282040
1384285408
1384285602
1384290036
1384290826
1384294614
1384295252
1384295570
1384299271
1384299286
1384299724
1384303745
1384303856
1384306152
1384309734
1384309780
1384313138
1384318045
1384319149
1384321981
1384322681
1384362300
1384420196
1384447171
1384662050
1384670978
1384690846
1384691157
1384695870
1384716287
1384752697
1384871129
1385310096
1385318757
1385321593
1385564910
1385595939
1385745334
1385741336
1385742194
1385744267
1385745133
1385745235
1385747821
1385750171
1385750376
1385750384
1385750395
1385750922
1385751362
1385754428
1385755891
1385756117
1385756212
1385756888
1385756907
1385758178
1385758261
1385759253
1385759466
1385762987
1385929030
1385971106
1385975405
1385976803
1385977055
1385977174
1385983903
1385984698
1385985460
1385986683
1385991031
1385987916
1385988116
1385988393
1385990358
1385990644
1385995210
1385997358
1386004727
1397847431
1397835300
1386093571
1397828548
1386166670
1386207398
1386230842
1391866099
1386281530
1386281638
1386279784
1391864662
1386281735
1386295923
1386304781
1386305855
1386314321
1386315595
1386317237
1391842790
1386346097
1386419781
1387119458
1387232250
1387323567
1387348411
1387355814
1387359604
1387363224
1387392044
1387411679
1387544944
1387563854
1387586075
1387693405
1387718968
1387740745
1387756135
1387773977
1387850611
1387856803
1387884956
1387933085
1389448994
1387963797
1387998600
1444924090
1388970976
1388968113
1389106207
1389164792
1389166647
1389181671
1389184387
1389188699
1389229532
1389258088
1390185071
1390185085
1394051102
1390185692
1390283614
1390286853
1390305550
1390390756
1391111507
1391180204
1391189720
1391234274
1391313647
1391349250
1391364881
1391379267
1391401601
1391411686
1391423005
1391401601
1391411686
1391423005
1391432104
1391462392
1391490939
1391618961
1394396428
1394507980
1394421577
1394058655
1393820543
1393839507
1393835473
1393824299
1392627915
1392374677
1392361411
1392216933
1392216908
1392356825
1392338223
1392359142
1392382540
1392401423
1392405163
1392417992
1392495106
1392943801
1394290812
1396514115
1396507353
1396242891
1396198208
1396185960
1396177961
1396165805
1396126478
1396145492
1396112967
1396123715
1396117622
1394690728
1396104517
1396109139
1396074745
1396098966
1396044991
1395976162
1394741482
1394739154
1394733731
1394771888
1394830298
1396300013
1396827729
1396997933
1397251941
1397438627
1398474497
1398465468
1398462508
1397688009
1398142115
1398105645
1398051123
1398103912
1398079104
1398140659
1398079065
1398362448
1417642090
1417681308
1417685628
1398577074
1417688719
1417697851
1417700850
1417794067
1398595533
1417707220
1417712687
1417715956
1417718679
1417722493
1417729751
1417732927
1417738802
1417754730
1417764552
1417765593
1417769839
1417790250
1417843713
1417879874
1418062752
1420396368
1420394175
1420379451
1429998751
1429981912
1420375616
1420359425
1429969236
1420349963
1420350664
1420343724
1420336028
1420329790
1420319312
1420319465
1420430735
1420312634
1420310908
1420306277
1420305226
1420305154
1420302624
1429971237
1420301804
1420302624
1429971237
1420301804
1420298034
1429976896
1420294930
1420428808
1420291784
1420291045
1420238027
1420276502
1420272560
1420270970
1420255162
1415032285
1398816121
1420226023
1420224687
1420218891
1398834547
1416264231
1398845471
1398856880
1398983478
1399929618
1400066413
1400083517
1400122394
1400131968
1400151774
1400168509
1401178170
1400370748
1401348244
1402442562
1402670700
1402691620
1407668554
1407676955
1407675087
1402806113
1402822586
1403222510
1403990072
1403965250
1404883990
1405215025
1405581631
1405336345
1405837180
1405843332
1405986582
1406131898
1406288760
1406232274
1406366081
1406386565
1406463388
1406475517
1463577236
1407452769
1407513120
1407611139
1407669621
1407833234
1407814390
1408057050
1408838693
1408139877
1408842597
1408239176
1408267026
1408274044
1408283718
1408288202
1408470758
1408851684
1408864136
1408869366
1408879369
1411758006
1411881563
1411892257
1411828909
1409206233
1409228621
1409235056
1409251903
1409266711
1409283187
1409289506
1409347080
1409418981
1409440519
1409442945
1409470905
1409806909
1409838921
1409849805
1409876334
1409980424
1410045714
1410226285
1410149077
1410157709
1410206345
1410207679
1410237739
1410232369
1410428437
1410454500
1410483898
1410503688
1410513094
1410521850
1410542788
1410557796
1410561916
1410564396
1410569862
1410561916
1410564396
1410569862
1410576921
1410585815
1410595249
1410600034
1410600660
1410602967
1410604524
1410609553
1410610264
1410610373
1410612993
1410617910
1410624067
1410627286
1410636837
1410662948
1410671065
1410680382
1410727769
1410736117
1410737351
1410740806
1410741354
1410743413
1410754961
1410766214
1410780832
1410784751
1410788246
1410799064
1410799095
1410799976
1410809741
1410817001
1410825876
1410854924
1410864840
1410872957
1410879487
1410884942
1410888750
1410892723
1410909690
1410921285
1410926086
1410934179
1410940175
1410974213
1412048198
1410984462
1411373991
1411551558
1411005734
1411016017
1411025217
1411032596
1411037899
1411077683
1411084109
1411095000
1411106618
1411111103
1411115487
1411126609
1411172665
1411173404
1411249039
1411266677
1411274423
1411279984
1411285663
1411296202
1411297946
1411299073
1411304215
1411307902
1411312192
1411319908
1411324195
1411328604
1411350231
1411351415
1411352965
1411357309
1411358949
1411359408
1411360401
1411362035
1411363069
1411367627
1411367908
1411371555
1411372855
1411374267
1411384079
1411738714
1411400268
1411404716
1411406053
1411406059
1411407862
1411408209
1411409014
1411409286
1411416831
1411424680
1411430489
1411435570
1411437840
1411438911
1411441234
1411441909
1411443532
1411443820
1411444618
1411448429
1411446939
1411452132
1411449410
1411449866
1411452190
1411452909
1411455248
1411455313
1411456184
1411458680
1411461358
1411462614
1411464860
1411466335
1411470649
1411471250
1411474750
1411493181
1411493636
1475338708
1411636567
1411677533
1411681149
1411683130
1411685282
1411690993
1411691528
1411695602
1411696064
1411700412
1411718148
1411939676
1411942672
1411945429
1411946026
1411959846
1411963087
1411964922
1411966664
1411971527
1411975317
1411978594
1411981843
1411982423
1411994610
1411998522
1412000981
1412004302
1412006572
1412008920
1418072027
1416664521
1412214673
1412221635
1412231364
1412239069
1412243739
1412247106
1412251851
1412704892
1412707076
1412251851
1412704892
1412707076
1412707101
1412710753
1412884132
1413630685
1413690909
1413740163
1413753341
1413770641
1418075212
1415258716
1415364273
1416019439
1419855626
1416608361
1416616417
1416648181
1417678496
1417701527
1417715173
1417763948
1417791387
1417803616
1417827739
1417847657
1417870139
1417925459
1417947540
1417966999
1418030236
1418042465
1418439561
1418467119
1419210682
1418947778
1418957275
1418971722
1418980605
1419053887
1419222474
1419522408
1419550856
1419554981
1419560105
1419671171
1420430730
1420446254
1420497244
1420682184
1420950421
1420971168
1420974461
1420985383
1421011842
1421064143
1421070032
1421071306
1421076768
1421087388
1421102089
1421103326
1421317672
1421326620
1421348671
1421355220
1421355873
1421356789
1421362897
1421364996
1421368210
1421374330
1424119394
1423471415
1424078498
1423143908
1424177160
1424227567
1424219819
1421663510
1421713153
1422281938
1422434916
1422487391
1422529965
1427476269
1422618796
1422675260
1422686763
1422695266
1422741918
1422758135
1422767625
1422778551
1422809642
1422841070
1422848467
1423181891
1423211655
1424446076
1424724589
1455566906
1425018306
1425046770
1425047114
1425102913
1425110409
1430838237
1430689955
1425218725
1425226628
1425235865
1425748785
1425928383
1425946288
1426104731
1426374112
1426993089
1427055474
1426993089
1427055474
1427063679
1427073847
1427181732
1427214921
1427232786
1427297255
1427337255
1428377357
1428578230
1429099790
1429108058
1429123361
1429132298
1429147693
1429150012
1429150848
1429151134
1429157877
1429170626
1429185485
1429660591
1429700943
1429715333
1429765281
1430458936
1430461438
1430478348
1431596870
1431601949
1431603518
1431613126
1431628392
1431743090
1431768142
1431907472
1431906899
1431930082
1431942171
1431960594
1432000070
1432012378
1432145626
1432138005
1448961552
1432579756
1432660894
1432703676
1432713488
1432901782
1433011423
1433013727
1433016843
1433034592
1433040723
1433042400
1433042801
1433045706
1433046103
1433046891
1435605652
1435613201
1435743490
1435613007
1435612987
1435601964
1435610585
1435605601
1435603197
1434523307
1434503323
1434639158
1434522754
1433589807
1433623368
1433739725
1434009519
1434130676
1434143051
1434174962
1434180577
1434180759
1434421128
1434488947
1434724145
1434899322
1436401232
1436387322
1434939980
1434987019
1435004115
1435335542
1435339458
1435345919
1435416019
1435425332
1435436625
1435457466
1436289007
1436559568
1436728917
1436743251
1436747565
1436799308
1437356913
1437512533
1438136996
1439103006
1439232131
1439231245
1439235237
1439293563
1439323947
1439623372
1439725833
1439626440
1439635566
1439636145
1439728934
1439735023
1439866878
1440151728
1440748719
1440767011
1440778473
1440793495
1441062495
1441125911
1441128047
1445969792
1441764762
1441325857
1441391743
1441460207
1441468547
1441693985
1441710724
1441722108
1441929570
1441937939
1441942740
1441971039
1441973452
1442256735
1442330022
1442339529
1442385343
1442426146
1442439931
1442451690
1442470569
1442473830
1442488057
1442495936
1442502158
1442509847
1442514679
1442670365
1442757116
1442785408
1442801153
1442812034
1442821066
1442843057
1442845466
1442880317
1443008742
1443101439
1443327438
1443328595
1455080406
1443355905
1443371392
1443383908
1443391869
1443400432
1443442326
1443572548
1443613772
1443676415
1443678532
1443684547
1443692117
1443702936
1443707410
1443774515
1444137027
1444141848
1444146578
1444150558
1444155024
1444158723
1444172318
1444183461
1444200472
1444225876
1444379589
1444484687
1444494311
1444505996
1444522378
1444525202
1444525515
1444527346
1444532080
1444533606
1444534756
1444574001
1444589126
1444845601
1444853132
1444862094
1444945659
1444956195
1444965033
1445131681
1445330618
1445456637
1445548613
1445548996
1445551956
1445553236
1445579296
1445788134
1445793667
1445826272
1445847569
1445860958
1445915950
1445920592
1448903809
1449047579
1448957315
1445945739
1446611915
1446632190
1446632297
1446637274
1446640599
1446665191
1446715085
1446729907
1446737466
1446960649
1447083307
1447341765
1447346546
1447396176
1447481332
1447505644
1447526481
1447539627
1447542258
1447594154
1447605848
1447713742
1447856743
1448087756
1448118672
1448188330
1448204015
1448234449
1448236931
1448240892
1448242589
1448245466
1448248472
1448255235
1448257238
1448263317
1448263607
1448882473
1448266014
1448269062
1448269076
1448269823
1448270208
1448270223
1448277039
1448525875
1448949818
1455603778
1449169955
1449220449
1449690695
1449778340
1449774689
1449776326
1449786786
1449788208
1449789272
1449797750
1449801977
1449891255
1449952937
1453858102
1450287018
1451367764
1452309692
1452551488
1452564198
1452800525
1461684762
1452911098
1484727368
1453198154
1453213061
1453241959
1453255032
1453245602
1463220580
1463221385
1453320410
1463212364
1463217875
1463219292
1463219322
1463214217
1463219301
1453321859
1463215128
1463215857
1463217078
1463213908
1463219346
1453522293
1453607182
1453621773
1453761121
1453765057
1453765253
1453766007
1463210090
1463180330
1463206995
1463182827
1463162427
1463154976
1463146840
1463211168
1463185808
1463156248
1463151112
1463147399
1453981702
1463145107
1463197874
1463182542
1463173162
1463169080
1463164575
1463181612
1463166078
1463150850
1463149947
1463141575
1463088056
1463212239
1463157710
1463197035
1463171584
1463138824
1463119812
1453982317
1463079778
1453982628
1463201432
1463115994
1453982707
1463070302
1463193032
1463191933
1463188743
1463168402
1463162271
1463178153
1463158080
1463153848
1463128238
1463116874
1463097771
1463195412
1463125579
1463064480
1463208762
1463205324
1463182318
1463181253
1463174571
1463169829
1463159162
1463149403
1463122142
1463057664
1453983578
1463124466
1463114438
1463138929
1453983674
1463133945
1463200250
1463188282
1463127208
1463079628
1463206640
1463161170
1463135266
1463126691
1453983873
1463099117
1463084707
1453983990
1463203344
1463185183
1463180365
1463074532
1463209893
1463201307
1453984165
1463201307
1453984165
1463137082
1463106972
1463100776
1463076387
1454558338
1463192191
1463183631
1463177051
1463160537
1463140985
1463107000
1463148021
1463134225
1463121878
1463105005
1463103225
1463049437
1453984379
1463175536
1453984449
1463067661
1463118537
1463096854
1463170661
1463130921
1463066579
1463154741
1463132700
1463090860
1463135869
1463128576
1463101962
1463082778
1463073458
1463070254
1453985137
1463129442
1463077399
1463059254
1463104582
1463094824
1463093551
1463060935
1453985530
1463056096
1463061841
1463054372
1453994270
1454010077
1454012453
1454549755
1454553176
1460014879
1454586693
1454606269
1454620254
1454628452
1454634914
1454943322
1455129939
1459725157
1459247831
1459239662
1459732304
1459702790
1459664936
1459735709
1459719775
1459708097
1459762998
1459739962
1459718942
1459674583
1459717751
1459706218
1459726750
1459720200
1459615893
1459234644
1459728285
1459740466
1459722153
1459704999
1459245109
1459762543
1459731284
1459686685
1459685593
1459650417
1459769436
1459687223
1459662215
1459624741
1459243024
1459242079
1459724579
1459654813
1459730687
1459721260
1459694864
1459625953
1459700662
1459669474
1459619434
1459682425
1459647562
1459760369
1459758160
1459748283
1459726707
1459711299
1459690969
1459245862
1459770750
1459720841
1459720213
1459614013
1459762717
1459614013
1459762717
1459737285
1459713760
1459617471
1459716195
1459694825
1459764258
1459760841
1459700712
1459621916
1459731815
1459703556
1459693691
1459624117
1459718897
1459689436
1459237852
1459689711
1459141370
1459178262
1459635421
1455302065
1455289311
1459230306
1459633138
1459230361
1459176061
1459231846
1459181307
1459175201
1459124579
1459107420
1455297527
1459137555
1459132995
1459179653
1459176542
1459105002
1459103362
1459113432
1455294542
1459229824
1459118565
1459111996
1459172742
1459165219
1459110440
1459150415
1455620800
1455637883
1455724399
1455735770
1455746386
1455763084
1455772224
1455779249
1455818662
1455823987
1455832228
1455879774
1455882769
1455886993
1455891054
1455894361
1455983365
1456522144
1456569567
1456665096
1456669683
1456694309
1456854706
1456930233
1457076252
1457246948
1457250497
1457254306
1457262148
1457275357
1457297014
1457302066
1457350374
1457387062
1457405607
1457414326
1458004500
1458005464
1458145957
1458153407
1458169657
1467320630
1458257003
1458265102
1467318656
1458293547
1458300113
1458330722
1458437336
1458446708
1458696543
1458716450
1458756518
1458789184
1459243242
1459614299
1459629966
1459686489
1459699056
1459708703
1459763623
1463438882
1463438878
1460379623
1461027305
1461038729
1461052653
1461067244
1461086271
1461094717
1461101375
1461104628
1461107431
1461110914
1461115684
1461142382
1461155760
1461160299
1461163699
1461175386
1461193022
1461197186
1461198039
1461206648
1461207653
1461210174
1461213548
1461416657
1461446355
1461458573
1461462260
1461462833
1461467260
1461469802
1461480135
1461673256
1461676584
1461681977
1461688169
1461693361
1461694182
1461702136
1461701645
1461712883
1461715363
1461725126
1461730845
1461739774
1461739780
1461744896
1461746372
1461752224
1461752658
1461756986
1461763745
1461776280
1461784591
1461790135
1461836545
1461858922
1461971781
1462353022
1462356706
1462361425
1462367809
1462378422
1462387067
1462396817
1462408026
1462410487
1462411097
1462410487
1462411097
1462414681
1462416119
1462423085
1462423876
1462426868
1462431165
1462433163
1462437454
1462439754
1462441871
1462444336
1462447444
1462449113
1462450502
1462458917
1462459359
1462469253
1462482657
1462485446
1462572885
1462577041
1462594448
1463219744
1463221279
1463225521
1463225611
1463228111
1463231032
1463232134
1463235134
1463236938
1463237480
1463240584
1463244816
1463245126
1463247070
1463249898
1463251389
1463251523
1463253638
1463254001
1463256150
1463256844
1463258101
1463260511
1463262051
1463393226
1463397876
1463404251
1463696265
1463787215
1463846340
1463846588
1463846622
1463846968
1463848704
1463848717
1463848994
1463849454
1463851128
1463852100
1463852537
1463852640
1463854299
1463854527
1463854940
1463855042
1463855148
1463856321
1463857258
1463857452
1463858710
1463859563
1463861827
1463864690
1463865990
1463868769
1463869483
1463871481
1463874382
1463874698
1463876315
1463878189
1463878216
1463880034
1463881171
1463881755
1463882492
1463887778
1463888299
1463891207
1463891505
1463892794
1463896495
1463902931
1463899364
1463899924
1463903516
1463903771
1463907385
1463908209
1463909197
1463909689
1463910375
1463911802
1463911875
1463914487
1463915913
1463917270
1463917310
1463918920
1463919411
1463920307
1463922465
1463926260
1464339542
1464400108
1464431984
1464433932
1464439575
1464448080
1464456242
1464764028
1465009351
1465091119
1465239408
1465244634
1465251052
1465258066
1465263866
1465269058
1465272553
1465278239
1465285459
1465295537
1465302263
1465306224
1465327695
1465640043
1465642623
1465647754
1465649318
1465649974
1465654286
1465655525
1465662654
1465667075
1465673389
1465683176
1465690151
1465693046
1465697396
1465702275
1465708237
1465712358
1465716068
1465721097
1465726315
1465737034
1465742429
1465748239
1465753787
1465756784
1465762546
1465765000
1465772020
1465793586
1465803695
1465807596
1465812364
1465815761
1465827449
1465833674
1465837652
1465839902
1465846125
1466247970
1466253801
1466255019
1466255378
1466258487
1466264132
1466261549
1466265340
1466266709
1466269788
1466270541
1466271023
1466271104
1466278832
1466274281
1466274934
1466276634
1466278850
1466279163
1466282405
1466284818
1466287687
1466294926
1466298146
1466308204
1466311692
1466321328
1466324553
1466327035
1466329123
1466330506
1466332209
1466334769
1466335340
1466338222
1466341821
1466343318
1466345043
1466348543
1466351014
1466355462
1466355603
1466357624
1466367475
1466372031
1466377579
1466379899
1466383956
1466388350
1466398209
1466406612
1466408815
1466411160
1466420221
1466454908
1466727832
1466782641
1466785228
1466790434
1466791050
1466806504
1466811638
1466823515
1466827391
1466829888
1466842213
1466847752
1466850912
1466855933
1466863951
1466886114
1466889389
1466894110
1466899666
1466915993
1466919410
1466922333
1466928993
1466932354
1466936424
1467546681
1469049254
1469062875
1469084470
1469094212
1469471339
1469503483
1469516424
1469527148
1469536473
1469539195
1469545104
1469593254
1469599172
1469879005
1469881553
1469894601
1470000395
1470005935
1470007576
1470136648
1470350711
1470357005
1470521337
1470524186
1470612408
1470903221
1471263826
1471263882
1471264564
1471265401
1471265407
1471265556
1471267501
1471267508
1471267563
1471268565
1471268703
1471268717
1471269591
1471269948
1471270328
1471269948
1471270328
1471275320
1471418888
1471483471
1471529997
1471610229
1471637101
1471639323
1471640238
1471645549
1471830756
1471896334
1472402853
1472419332
1472426262
1472618799
1472686709
1472694114
1472807078
1473036967
1473078255
1473611856
1473637575
1473541264
1473663372
1473548894
1473554035
1473688506
1473561467
1473692297
1473703537
1473793744
1473632007
1473690743
1473710902
1473718381
1473736723
1473769211
1473783894
1473803805
1473819446
1473827967
1473867597
1473939412
1473941441
1473997157
1474009166
1474044607
1474119348
1474151345
1474257406
1474318548
1474636768
1474672355
1474708769
1474778538
1474794725
1474834698
1475292946
1475298664
1475443342
1475466978
1475482268
1475851820
1475832955
1475826931
1475811495
1475811506
1475815486
1475815492
1475815595
1475818906
1475822311
1475822893
1476067059
1476068224
1476094821
1476101979
1476110900
1476117617
1476125038
1476128314
1476130230
1476131136
1476134844
1476143484
1476169275
1476173319
1476185523
1476190472
1476194039
1476236636
1476235038
1476232192
1476234630
1476233091
1476233126
1476235076
1476500508
1476852965
1476910905
1476939584
1476957613
1476960224
1476975643
1476976621
1476985115
1476991833
1477004447
1477010559
1477670713
1477408337
1477429804
1477457731
1477593002
1477691569
1477723877
1477764208
1477785258
1477792039
1477859924
1477867668
1477872464
1477876653
1477881931
1478546877
1478545739
1481015493
1480722521
1478231319
1478334442
1478332320
1479100669
1479221330
1479324448
1479370061
1479390067
1479412236
1479462340
1480362314
1480473748
1480496211
1480570979
1480575602
1480599940
1480616594
1480712843
1481187239
1481253668
1481404633
1481412328
1481857495
1482055043
1482069404
1483895609
1483897652
1483901063
1483902395
1483903984
1487681496
1485377004
1485527760
1485591426
1485711659
1486220344
1486279830
1486278120
1486279957
1486281802
1486290222
1486560404
1486562289
1486562358
1486564558
1486564647
1486565274
1486588538
1486588891
1486649172
1486658524
1486728715
1486752137
1486919978
1487499488
1487509035
1487510390
1488487041
1488630616
1488926014
1488926805
1489253410
1489771448
1489940223
1489942764
1489943494
1489944389
1489944392
1490176165
1490183019
1490780273
1490716255
1490721898
1490775769
1490781984
1490796810
1490797183
1490810896
1490811232
1491410011
1491465711
1491596545
1491597939
1491599947
1491622066
1491623649
1491623798
1491628549
1491632778
1491662646
1491824592
1491835116
1491845094
1492452212
1492954495
1493909955
1494276407
1494277907
1494287785
1494288688
1494288794
1494307050
1494341886
1494396726
1494586510
1495394000
1495396485
1495397307
1495397557
1495401316
1495401880
1495674366
1495694167
1495697863
1495704242
1495707555
1496086353
1497002211
1497002666
1497792054
1497815966
1497830559
1497839513
1498123286
1498141893
1498486925
1498497728
1498503146
1498504339
1498506415
1498511831
1498520851
1498524579
1498532497
1498672266
1498712143
1498823898
1502300559
1502319728
1502336850
1502352023
1502359653
1502396425
1502407780
1502421341
1502430804
1502450342
1503766638
1503790536
1505115276
1506125994
1506205049
1506253728
1506489276
1506496573
1506681359
1506684948
1506827121
1506832642
1513974685
1514000877
1521448180
1521449752
1521502626
1527431137
1527441174
1527451685
1527490137
1527499601
1535442151
1527499601
1535442151
1535596602
1535613358
1535683970
1542037367
1544803132
1547235639
1547240856
1547485087
1547515487
1547789876
1290849673
1320286961
1338312532
1474115099
1415398007
1024892668
1056203226
1035012716
1252987344
1346551386
1368429120
1386280626
1333293155
1037591553
1084341687
1253420688
1272112193
1285544626
1366340844
1337218733
1390184393
1187379233
1232117236
1346508577
1042548784
1333925471
1341606400
1013386351
1408239467
1232121214
1307867457
1309242416
1309888658
1445914635
1378923677
1380504039
1386069403
1390188161
1464992924
1016682024
1423427361
1382817477
1351684766
1367857727
1448316224
1013901830
1296227222
1320340289
1348977642
1030486463
1395015136
1225646053
1015737261
1231073446
1369570097
1434907168
1293860283
1312470550
1378512196
1326871239
1432141967
1257906713
1322461612
1368675941
1298683936
1315611159
1007682481
1255656604
1262853367
1278134957
1317634661
1337293829
1395822047
1425865105
1471825618
1059044935
1059403093
1262389204
1265636382
1272332162
1282998052
1349591939
1310293097
1316315368
1445906485
1355752372
1393867351
1405381093
1410218048
1333846070
1285649458
1346105847
1396995772
1178272547
1221748016
1421598663
1035002314
1246234231
1336409148
1339106508
1293720228
1294123869
1296361112
1307819864
1315122329
1316960134
1320549628
1327251772
1327848812
1339743319
1341667415
1345154594
1354452914
1424078688
1382982985
1382986510
1383546041
1390184740
1411974273
1463793445
1463891479
1232122301
1268181304
1556607512
1279540989
1302890074
1455786542
1309245016
1302830528
1309221872
1309322043
1302410685
1455863462
1309326028
1455769788
1309231658
1219124097
1303174991
1309107613
1309303283
1268214505
1302754937
1268188367
1268975547
1268183004
1268164339
1302734491
1302311891
1268993481
1219131926
1302745550
1432799516
1432782445
1422097908
