1515130760
1437565139
879778
1470734945
901104
793004
1082702850
1145896282
1491041568
1526714872
1375409982
822591
1472561046
1242390143
1239049161
1461980672
1259513679
1375754798
1088672358
1108810971
763214
1110408225
1208446127
1486543183
791254
913608
1115364632
1373328697
1490934737
1236149474
1057718095
1287979255
1452670131
1230939018
1516648798
1236716395
1157892416
1445065376
1296951530
1443527015
1020736432
1285571573
1392082508
1443644824
1342852999
1241506219
1083070933
1066929014
1035925625
1489149871
1211402238
1243844313
1353577424
1229275221
1481840483
1258211908
1276897820
1501616603
1146856266
1215219910
1253961880
1230983902
1480808300
1293089463
1078352500
1118548728
1451728863
1475672761
1506531083
1104839803
1266835032
1416468379
1472610446
1338223968
1349893217
1378629653
1516354381
1060295801
1467358170
1478827108
1315268751
1238002916
1184255709
1490517018
1180251815
1269124699
1447406010
1453766130
1279150080
1474221076
1504065760
1450377307
1123579543
1499358339
1433844295
1378558158
1498834621
1513470600
1472005278
1353484747
1253861847
1353244560
1487155877
1184289399
1473514276
1314352227
1031281982
1037508397
1046551208
1254291091
1469490123
1451723878
1106434690
1260959504
1017676360
1332962900
1479350254
1231438270
1467385941
1425087152
1526413775
1451769004
1343167621
1057867128
1013031007
1160682149
1467363416
1451906734
1088052293
1387782240
1476014077
1499222665
1462283916
1337411493
1465592403
1485464472
1452791502
1477581203
1307902583
1265104807
1308527349
1456384041
1451726903
1483697232
1503311966
1512039407
1467398475
1160418843
1282893793
1413447445
1472697124
1315483780
1524024518
1524890289
1204453909
1252274995
1316386305
1327473327
1279484405
1394563045
1443658676
1483178425
1189278696
1319381447
1412613749
1457327463
1350195140
1476887469
1510690878
1016140918
1475337878
1142176950
1160864640
1294682051
1223115004
1229850077
1323171835
1317986870
1354986952
1462230223
1460338004
1265130624
1481192161
1024584801
1057870107
1106549075
1241395436
1157134461
1282755957
1266593951
1330008162
1337978073
1384675235
1399042290
1399120546
1463781149
1469836971
1471554808
1474597321
1476979804
1478826431
1522127743
1523011594
1034839635
1073312146
1088671054
1187458602
1450624255
1402977384
1458905427
1333294547
1473712418
1526639265
1037527607
1477033729
1178339333
1250554000
1259085731
1453999271
1465723841
1469438665
1475703241
1101235285
1165106643
1249049518
1307688914
1430807991
1385200184
1434669592
1523728860
1330174210
1037104142
1170402381
1207323432
1213541156
1470863087
1307732125
1396201983
1361790481
1395916946
1469478839
1037105122
1329637101
1424628299
1456692074
1470432755
1473086662
1479424503
1449285766
1106166506
1238023914
1294679184
1314281825
1398042542
1330020537
1401509879
1445570164
1426924709
1434668145
1437722880
1443638034
1453481247
1463768309
1397901778
1473480117
1474391916
1331003010
1481810732
1482595049
1514642102
1522439866
1016140244
1088043539
1098752072
1120461073
1273575020
1371851082
1389728670
1335204557
1412055253
1446697510
1451107359
1452802872
1016349161
1460992516
1463048466
1464291581
1467806116
1469486489
1472903289
1337717508
1451970228
1472911813
1511935239
1028119156
1118518116
1458902078
1471638590
1477294784
1506591717
1338649484
1166901036
1508107254
1037528963
1338917618
1451608385
1319159869
1368176055
1258164550
1383914862
1410446940
1421610708
1330425657
1459914701
1466205575
1451631341
1333971858
1463817044
1450627466
1398897266
1337466164
1451262434
1460608182
1504652657
1516712967
1520184975
1527296333
1329478548
1242715289
1363275334
1410408174
1445572079
1440193575
1333771130
1508141803
1467369288
1469505060
1478825049
1501774066
1523748215
1096599136
1100222887
1150863577
1161173065
1176726946
1260901063
1287987723
1288046624
1301828814
1351650711
1363280170
1371321196
1385195413
1398208252
1336108901
1445394636
1446694180
1037163400
1459856122
1329415042
1463155132
1479371798
1487906869
1485462402
1488814455
1489493687
1508101748
1335046099
1515031892
1516642673
1523222499
1189129680
1338592921
1037522919
1149591736
1158070552
1167575523
1167428076
1186026830
1195134415
1203827643
1197082226
1204124217
1207324099
1451619380
1314872666
1242739841
1282090736
1323033825
1308331873
1309838248
1319075263
1329926085
1330153247
1331047188
1331107449
1331207704
1332668534
1335196660
1336040750
1336048762
1336058770
1337007842
1337465769
1337466540
1337577856
1338649080
1338650248
1339918854
1339964050
1393806806
1377382997
1385189780
1397083978
1384734134
1384996639
1385007373
1385007403
1385553750
1390154638
1396568435
1397095133
1397109291
1399169628
1399165411
1399182183
1399979926
1399993059
1409260302
1401714985
1405693460
1406083571
1412752433
1412780230
1420656869
1421607050
1428891034
1473469250
1439884831
1443607776
1444522284
1444530534
1450040448
1451287456
1451921333
1451922567
1452675553
1455590758
1460634692
1460939359
1461520832
1463762058
1464295910
1468751452
1469483225
1494820489
1474598552
1475662296
1476210280
1477676902
1477682728
1477737533
1478824463
1478827210
1487892603
1503949081
1507539627
1508158453
1508286274
1508556111
1517040497
1522275333
1523930179
1525793567
1528267471
1383562230
1540527862
1546464564
1530859700
1538353670
1534740064
1529014783
1529046704
1529056451
1530279308
1534464110
1530733820
1530752731
1531312602
1531318982
1531756128
1533735530
1533809819
1533841712
1536089609
1537132878
1537301329
1537322766
1538969975
1539016537
