1361090958
1298297366
1400491404
1035608422
1379158692
1454903854
1438584434
1231694447
1022316687
1132350354
1308765137
1417878311
1539876981
1340604265
1338304035
1313538565
1355847161
1384656743
1423124112
1434835263
1056385156
1389409558
1247738078
1381216205
1257364179
1349316160
1448650187
1391808789
1380503827
1231123365
1069434712
1314760174
1391477828
1253441036
1396517986
1418129861
1033385885
1454904494
1392350366
1506456999
1333097034
1304356429
1356986166
1343150316
1339238860
1420659431
1069296752
1454904629
1454904439
1386566454
1416392241
1448649722
1387782556
1412786820
1299705883
1417559954
1304555667
1407145388
1426397626
1371949772
1048235333
1448650395
1391455874
1454903569
1454904107
1330750876
1057850088
1371949772
1247945896
1379902709
1448650203
1454896212
1410942766
1393108031
1250642262
1373292281
1419665521
1061249432
1419862299
1423905905
1432106187
1379267277
1409871825
1352095419
1382760231
1402237744
1412914567
1423264392
1210095737
1383692709
1379874571
1267822367
1392761843
1454902386
1454896196
1333151628
1333173756
1367525380
1308240136
1443812410
1448652090
1454900987
1194428998
1231556649
1250630102
1265121219
1419707947
1268208571
1316272175
1398644515
1356575801
1376314766
1362916726
1267794807
1388824067
1425642734
1262742719
1303894450
1374805550
1383710164
1448646261
1448652377
1454900480
1454902800
1454902824
1041649291
1419121988
1383771003
1412913178
1398323303
1444674945
1470864040
1391305680
1394422721
1401018566
1278680342
1421828665
1241742223
1309378478
1346112775
1411296063
1415291126
1439978724
1360455882
1399687986
1033386516
1371315144
1322037155
1329142475
1371566824
1375788437
1448652961
1454901509
1454904364
1454903798
1308027983
1333363413
1429578230
1430662481
1441567100
1441624238
1444105809
1033664500
1042044135
1115212982
1153414746
1175654789
1193993388
1230450419
1235603096
1236199338
1236468932
1239960466
1241010098
1246824654
1247820553
1250651624
1251269864
1258470865
1266345663
1448652731
1448653158
1454901509
1454904472
1454900506
1333588102
1062176586
1421794398
1429574497
1430668599
1441579198
1441619622
1444109115
1115217487
1239997020
1267511343
1268693256
1279319981
1279561506
1283414564
1309975145
1291110346
1381877047
1298513026
1298659702
1305686369
1306058923
1308749420
1312545637
1317005703
1321435816
1448653274
1454902372
1454904641
1454904457
1321709874
1323291941
1346911192
1429574974
1430671027
1441579388
1441624139
1444109617
1380796683
1329576281
1329905048
1332151390
1338828879
1389924445
1344701517
1347596483
1347636221
1381876629
1348263450
1348474485
1348867213
1349566706
1350667166
1352009950
1352780011
1448648224
1448653364
1454903147
1454900524
1421793825
1429556922
1429577837
1430672465
1441579926
1441621246
1444115741
1270073470
1283440756
1319285770
1323291543
1332568068
1340511408
1407483667
1348941424
1352986456
1353035817
1441697938
1356565470
1357041592
1357869717
1360232740
1360574710
1371318653
1368325544
1368453490
1369743322
1448653563
1454903781
1454901910
1370057996
1429563870
1429576623
1430672982
1441580353
1441621265
1444112399
1398801695
1372064031
1372280416
1372283608
1332633567
1340555202
1372391574
1372393160
1372833836
1374393692
1374773351
1375499064
1375570399
1357903315
1360237922
1375594108
1376417406
1377386873
1380500963
1448649711
1454907316
1421808406
1425595707
1429578259
1430673094
1441581625
1441621979
1444114266
1220345787
1245613294
1283481908
1323291074
1332702365
1359255093
1369812481
1375457840
1375590899
1379896912
1380668722
1380932304
1380984133
1383072616
1383341543
1384849427
1388045379
1388761254
1390335055
1390385374
1391801445
1393523363
1424615000
1393899380
1425596511
1429578373
1430673150
1441581753
1441623647
1444114868
1220353677
1245623065
1396489617
1396594429
1333184671
1397152588
1397640493
1398254239
1375909978
1379906449
1398276050
1398288875
1398825728
1383180202
1400587179
1407357479
1408186531
1408992966
1410169694
1410270683
1412258162
1448652141
1421826316
1425597469
1429585120
1430673306
1441581625
1441623647
1444114118
1224170975
1245642035
1283554430
1323291663
1333452015
1376298550
1379906449
1380694442
1383382419
1385199393
1407460827
1397152588
1398858423
1404010032
1406218972
1407967376
1408355963
1409645146
1412258162
1412746799
1412979751
1415211399
1416571500
1417690898
1417908111
1429588361
1430673632
1441581753
1441623887
1444114266
1418965884
1418966041
1418973061
1419402707
1333552525
1379290125
1419578829
1419602734
1383415656
1419679251
1421767329
1421815551
1400568459
1423531080
1424612903
1425092838
1428886633
1435008443
1435720513
1436478299
1446870146
1438777824
1448653040
1421803510
1429588674
1430673561
1441630079
1283598776
1328666350
1333650565
1383714290
1407971994
1408657801
1419685848
1441580461
1444114005
1446902737
1450070163
1267817205
1298421732
1315164575
1317244463
1318159968
1348874082
1378990105
1045096330
1321335609
1419794901
1269446341
1288267057
1338794733
1347570650
1393995416
1416300400
1429596366
1430673655
1441622611
1423927445
1043320580
1334698540
1375606210
1379839856
1312910909
1350817649
1441582853
1444114105
1425587693
1324336592
1339661133
1033386516
1356660327
1391741469
1470718931
1273257213
1378875811
1298445701
1333521764
1419868661
1308221754
1360243830
1427156880
1443765792
1408517705
1421805074
1245691360
1316229744
1407983387
1444114118
1330275654
1380985858
1211845536
1419855411
1334418362
1356548134
1360241146
1365205286
1412819195
1460766050
1491165654
1476671834
1310194512
1343399061
1348973268
1349516805
1350006484
1353600144
1367058759
1434726648
1447892198
1450044176
1378585817
1470718101
1296542464
1376551692
1245764668
1078871302
1515773881
1312983201
1334571417
1380993895
1347020048
1419868734
1371782295
1356622120
1356992156
1365244015
1375436144
1490978498
1434634354
1424129556
1262396255
1266798075
1231551441
1308272719
1404584869
1384613729
1323140268
1042650051
1052057143
1157778441
1157823481
1175634683
1421837198
1218030674
1316267932
1298873179
1419695785
1211877311
1371334023
1334339090
1365248554
1414758084
1356554689
1468844361
1296541808
1349487930
1014615634
1157968171
1160341265
1193927798
1204420565
1220327155
1224172329
1224289233
1230499062
1236447301
1238668690
1241334083
1245612864
1245712026
1246798268
1248798126
1250612373
1251247611
1251278739
1258475708
1441639631
1260371915
1372047955
1260431593
1365626002
1261125454
1356599594
1261141815
1262283835
1264896524
1264945013
1264987010
1161196198
1194069616
1267103459
1220331499
1224172082
1224288617
1273857830
1275971105
1288812890
1241433402
1245613824
1290282075
1297149657
1248800798
1421842261
1421807844
1218029549
1395915982
1397229295
1243158315
1361832200
1361833496
1362659934
1365389016
1419865483
1422429791
1361837156
1419859290
1365706372
1356633161
1365439180
1365645310
1368231699
1441708494
1290816335
1161288604
1194108501
1194121656
1197943866
1198014953
1218025772
1218026636
1218027610
1218029104
1218029188
1218029900
1218030722
1218031549
1220334670
1220336821
1224288725
1224288955
1232033155
1241434052
1245634012
1251269971
1251272903
1251307293
1251853003
1251859282
1251860719
1251864133
1251865158
1251907312
1260370063
1260378830
1260442186
1261127581
1261144093
1261145189
1261159773
1279904855
1279911721
1279916182
1279911721
1279916182
1281382507
1283624703
1290282075
1296542309
1297149657
1297150225
1297151320
1297153168
1381874991
1381874969
1381874378
1298446747
1298507678
1306503003
1308329154
1308499459
1308502306
1310186287
1310199068
1310206399
1310208659
1312112635
1312511202
1312858682
1328902363
1312972012
1333105433
1333092858
1333088888
1333086685
1333081941
1314947604
1315526614
1315555028
1315635459
1316140316
1330747140
1319198019
1330755455
1317236842
1318106275
1318107306
1318109142
1318117853
1318118747
1318117987
1318119530
1318360610
1318360611
1318361764
1318361767
1318456394
1321170796
1321985975
1321986288
1321987019
1323291338
1323291635
1323291489
1324069784
1324469173
1324621339
1325029711
1325036234
1326042712
1326337862
1326337899
1326338666
1326338997
1326339646
1326339833
1326340634
1326341654
1326849706
1326870719
1326879290
1326991908
1346916733
1346916775
1346904856
1346917028
1328037600
1328665851
1328664821
1328666132
1328665294
1328665891
1328665967
1328666018
1329146890
1330464115
1330847581
1331296519
1332316253
1332400500
1332417958
1332628669
1332708924
1332854556
1333119165
1333322138
1333564563
1333678151
1333739845
1333798070
1334259362
1334286501
1334351974
1334644677
1334670350
1335767348
1337424954
1338426957
1341810587
1343438756
1344047432
1344217420
1346100305
1348981084
1348988649
1348994245
1349525180
1349545120
1349569271
1349573953
1349596714
1349694230
1349789911
1349899678
1349941627
1351332024
1351779720
1351850923
1353571728
1353585228
1354106699
1355280475
1355730023
1356089447
1356485257
1356887339
1356919315
1356929149
1356934716
1357952216
1358608734
1359631082
1359649130
1359658349
1359802936
1359825500
1359835836
1359851096
1361296761
1361397861
1361716322
1361717581
1361718242
1361719236
1361823313
1361823613
1361825930
1361824581
1361826154
1361826676
1361826766
1361827840
1361827928
1361827996
1361828542
1361828623
1361829811
1361830517
1361830845
1361832067
1361832421
1361832625
1361834771
1361828623
1361829811
1361830517
1361830845
1361832067
1361832421
1361832625
1361834771
1361834968
1361835149
1361835228
1361835863
1361838047
1361838453
1361841630
1361840999
1361841789
1361842028
1361843236
1361843522
1361843661
1361845558
1362658802
1362661792
1362662342
1362667424
1362671176
1362673327
1362673451
1362676519
1362682626
1362684895
1362686524
1362689659
1362691456
1362693857
1362695058
1362695305
1362698748
1362700492
1362702058
1362705035
1362708148
1362708310
1362710982
1362712449
1362712520
1362713270
1362718931
1362719921
1362720085
1362723559
1362724972
1362727161
1362762539
1362763545
1362763725
1362763800
1362765875
1362769531
1362781055
1362781123
1362782238
1362782772
1362783113
1362786409
1362790331
1362788042
1362792930
1362789303
1362790314
1362790855
1362792314
1362992621
1364157006
1368469386
1368419766
1367982068
1364311827
1364360209
1365089774
1365201026
1365207623
1365208417
1365209712
1365211593
1365213305
1365215925
1365217189
1365221717
1365221833
1365226831
1365228493
1365231506
1365232699
1365235456
1365236103
1365236787
1365238945
1365240754
1365242844
1365243412
1365248699
1365252319
1365256150
1365257011
1365257375
1365259656
1365260289
1365261265
1365262461
1365262992
1365267111
1365327918
1365330454
1365331933
1365333281
1365335768
1365339141
1365341652
1365341802
1365344025
1365348230
1365352821
1365356408
1365360031
1365360776
1365361407
1365364666
1365366265
1365367771
1365369103
1365371274
1365371684
1365372408
1365375756
1365376500
1365378090
1365381665
1365382221
1365384111
1365386630
1365387083
1365392054
1365393743
1365394552
1365394800
1365396760
1365396822
1365399931
1365400412
1365402001
1365404439
1365405819
1365405878
1365407395
1365408410
1365409528
1365425280
1365427066
1365428546
1365430439
1365432145
1365433061
1365434122
1365436117
1365437579
1365440594
1365441793
1365443292
1365446760
1365573307
1365574969
1365575124
1365576003
1365578115
1365578150
1365579902
1365582636
1365583643
1365584418
1365584662
1365586482
1365587381
1365588127
1365590677
1365592270
1365593371
1365594192
1365594816
1365596498
1365598940
1365599668
1365600780
1365601224
1365601993
1365603510
1365606132
1365607043
1365608213
1365608340
1365610271
1365611687
1365613570
1365615448
1365616596
1365617889
1365618626
1365620395
1365622178
1365623323
1365625160
1365625577
1365627563
1365627622
1365628328
1365629896
1365631456
1365631510
1365633565
1365634620
1365634735
1365635786
1365637944
1365638224
1365639962
1365641545
1365641905
1365643174
1365643883
1365646127
1365647202
1365649041
1365650073
1365651150
1365651493
1365652574
1365653709
1365653832
1365655298
1365657154
1365658633
1365658110
1365659890
1365662937
1365661547
1365663488
1365665543
1365665952
1365666598
1365667379
1365668084
1365669945
1365671731
1365671720
1365672720
1365675440
1365676251
1365677159
1365678270
1365679095
1365681532
1365681510
1365683590
1365684389
1365686074
1365687092
1365687999
1365688991
1365689504
1365692229
1365691150
1365692113
1365694562
1365695386
1365695993
1365696694
1365697794
1365698127
1365699012
1365701641
1365702953
1365703019
1365704954
1365705198
1365707457
1365707982
1365708966
1365709880
1365710874
1365710945
1365711627
1365713578
1365714294
1365714923
1365716362
1365717250
1365718542
1365719274
1365719523
1365708966
1365709880
1365710874
1365710945
1365711627
1365713578
1365714294
1365714923
1365716362
1365717250
1365718542
1365719274
1365719523
1365720790
1365722005
1365723267
1365723795
1365724127
1365726440
1365744570
1365745734
1365746000
1365746303
1365746339
1365747992
1365748610
1365749126
1365750472
1365751362
1365751574
1365751612
1365753173
1365754364
1365755265
1365755706
1365756971
1365757792
1365758399
1365759672
1365775362
1365760470
1365760520
1365762170
1365762597
1365762719
1365764225
1365764444
1365765618
1365765825
1365765961
1365768130
1365770031
1365768660
1365769886
1365771738
1365772410
1365772754
1365774630
1365776434
1365775443
1366811206
1366811426
1366812060
1366812661
1366814324
1366816405
1366816710
1366817257
1366817360
1366817990
1366819601
1366819715
1366820183
1366822361
1366822489
1366824338
1366827103
1366829599
1366830041
1366830411
1366832239
1366832314
1366833003
1366834483
1366834863
1366835569
1366837452
1366838206
1366838327
1366839697
1366840260
1366841681
1366841824
1366842647
1366844692
1366844964
1366845463
1366848057
1366849159
1366849193
1366849988
1366853412
1366854165
1366854263
1366882644
1366983197
1366984760
1366985889
1366986849
1366988144
1366989149
1366990628
1366990895
1366991408
1366992795
1366994712
1366996614
1366997409
1366998280
1367000183
1367000621
1367000994
1367003276
1367004492
1367005128
1367007493
1367008666
1367009493
1367010452
1367010674
1367012042
1367012123
1367013846
1367014501
1367015944
1367016565
1367018257
1367019598
1367019991
1367021846
1367021888
1367022212
1367023803
1367025616
1367025960
1367028731
1367028585
1367028688
1367030653
1367033082
1367033886
1367034622
1367036938
1367037684
1367039277
1367039638
1367040455
1367041227
1367041995
1367042958
1367043600
1367044220
1367046561
1367048055
1367048108
1367048996
1367049159
1367051531
1367051499
1367051693
1367053124
1367053774
1367056030
1367055905
1367056215
1367059430
1367058326
1367058642
1367060052
1367060605
1367061284
1367061712
1367061811
1367063782
1367065085
1367065905
1367066799
1367067496
1367069505
1367069737
1367070568
1367079601
1367081081
1367081471
1367082121
1367082774
1367082963
1367083613
1367085930
1367085783
1367086306
1367087409
1367087749
1367087805
1367088603
1367090817
1367091134
1367091304
1367091919
1367092036
1367093790
1367093987
1367094409
1367094809
1367095714
1367096269
1367727190
1371773246
1368091523
1368192109
1368193643
1368194401
1368195822
1368198644
1368199187
1368199291
1368199823
1368203371
1368203413
1368205169
1368205386
1368205610
1368205780
1368209496
1368209766
1368212570
1368212800
1368213764
1368214610
1368216219
1368216398
1368223034
1368219691
1368220242
1368221865
1368222686
1368223220
1368224505
1368226109
1368226410
1368228785
1368230082
1368230823
1368230970
1368234241
1368235152
1368235822
1368236173
1368236216
1368237383
1368238167
1368239185
1368240249
1368241307
1368241782
1368242272
1368249330
1368249833
1368249565
1368249912
1368254539
1368251781
1368254720
1368254940
1368254964
1368255428
1368256186
1368257550
1369101294
1369102502
1369102508
1369102567
1369104301
1369106183
1369106313
1369106866
1369110571
1369110954
1369111299
1369111924
1369112213
1369113017
1369117429
1369115579
1369118179
1369119758
1369119953
1369121321
1369121938
1369122575
1369110571
1369110954
1369111299
1369111924
1369112213
1369113017
1369117429
1369115579
1369118179
1369119758
1369119953
1369121321
1369121938
1369122575
1369123428
1369126431
1369125714
1369126160
1369127336
1369128177
1369128273
1369129064
1369129128
1369129599
1369129669
1369130734
1369131868
1369132070
1369132147
1369132271
1369132608
1369134635
1369134742
1369136107
1369137648
1369138139
1369244405
1369419287
1369793494
1370179449
1370301521
1370702540
1370703625
1370708923
1370709816
1370712752
1370714321
1370717085
1370720210
1371519169
1371549025
1371687405
1371722063
1371974484
1372024272
1389703250
1389684934
1372615343
1372616562
1372617237
1372618773
1372621861
1372623301
1372623310
1372626979
1372627064
1372628748
1372629141
1372632230
1372631384
1372631727
1372632023
1372633117
1372633950
1372635390
1372650981
1372659409
1372660387
1372660448
1372664297
1372844530
1373484320
1373665174
1374170804
1374758668
1375282429
1375285151
1375283118
1375284417
1375311747
1375310252
1375398023
1375631909
1375863460
1375960324
1375985709
1376669451
1376789889
1376792062
1376797759
1376805064
1376822001
1376848602
1376856637
1377276750
1377494341
1378287350
1378332477
1378574217
1420335098
1378884943
1379396639
1379413772
1379426306
1379941247
1380458364
1380605555
1380610458
1381215346
1381320416
1383418870
1383424128
1383433759
1383440037
1383683397
1383690434
1383698489
1383701990
1383720563
1383724422
1383729130
1383735711
1407261395
1383743986
1383754406
1383777971
1383782733
1384340203
1385256556
1385282238
1385294475
1385305887
1385592362
1385811219
1386303829
1387920116
1388795378
1390314646
1420112727
1436205658
1391330426
1391400488
1391460027
1391489531
1391497209
1391716222
1391828095
1392825786
1392843035
1393760991
1393892018
1394407547
1394413355
1402028627
1394459916
1394481955
1394672236
1395035134
1396451718
1396591222
1396593846
1396593803
1396613485
1396614454
1396772975
1397160033
1397163137
1397229810
1397362257
1397399186
1397362257
1397399186
1397907802
1398167365
1398174547
1398404128
1398405346
1398414551
1398723707
1399162371
1399428192
1399450731
1400469263
1400634634
1400916730
1400922654
1400954908
1401101716
1401793896
1402217933
1403027324
1403237792
1403242431
1404023441
1404024660
1404036303
1404471527
1404505410
1404516903
1404541279
1404564976
1405007220
1405011516
1406777355
1406978172
1407006595
1407156108
1407420755
1407443450
1408112261
1408677289
1408691351
1408692926
1408993531
1409586578
1409869267
1410197267
1410537322
1410568978
1411187607
1411370436
1411684590
1411727659
1411732504
1411737328
1411749634
1411764656
1412055632
1412054704
1412340896
1412341771
1412487883
1412550802
1412607378
1412830839
1412837622
1412891997
1412902424
1412954510
1412964909
1413758576
1414145017
1414155669
1414527018
1415201437
1415277147
1415335981
1415356980
1415591998
1418133580
1418938023
1418962783
1418963710
1418964519
1418965365
1418965557
1418966954
1418966977
1418967141
1419104616
1419107634
1419105477
1419106759
1419130248
1419670600
1419692197
1419742539
1420157871
1420419088
1420821546
1421233507
1421345482
1421392879
1421463145
1421748464
1421783838
1421781617
1421783754
1421783909
1421784512
1421785016
1421786007
1421786273
1421790233
1421787501
1421788122
1421788756
1421789028
1421789778
1421790090
1421791945
1421792448
1421793359
1421793498
1421795658
1421801814
1421805330
1421803256
1421803666
1421808730
1421805454
1421806791
1421808793
1421808814
1421829633
1422057313
1422187689
1422430826
1422449407
1422462693
1422494044
1422558663
1423114052
1423154206
1423608827
1423713614
1423730254
1424030407
1424074205
1424326648
1424329415
1424341100
1424820908
1425065242
1425079210
1425164704
1425175885
1425182465
1425191408
1425586535
1425593563
1425618207
1425624136
1425629614
1425654743
1425663640
1425668754
1427212108
1426420061
1426611789
1426616527
1426622767
1426685496
1426689582
1426697137
1426698186
1426699808
1426701813
1426705968
1426706802
1425654743
1425663640
1425668754
1427212108
1426420061
1426611789
1426616527
1426622767
1426685496
1426689582
1426697137
1426698186
1426699808
1426701813
1426705966
1426706802
1426709669
1426711559
1426950566
1427106217
1427137059
1427142319
1427162408
1427169358
1427172392
1427175655
1427178245
1427179423
1427219580
1427275224
1427467447
1427623824
1427624512
1427627544
1427628536
1427731289
1427897667
1427898047
1427898838
1427899048
1427901518
1427902426
1427903341
1427903551
1427907117
1427907582
1427908192
1427908255
1427913041
1427913084
1427913345
1427913946
1427916800
1427917302
1427918537
1427918940
1427920719
1427921694
1427922391
1427923172
1427926205
1427926581
1427927973
1427928462
1427936202
1427936422
1427936765
1427938436
1427941014
1427941186
1427941584
1427941692
1428826391
1429253008
1430988244
1430987868
1430986411
1430986781
1430987004
1430987087
1430987165
1430987281
1430987695
1430987906
1430988074
1467657369
1433922330
1433926933
1452885087
1432590736
1434996305
1434120994
1434512771
1434974443
1448658872
1448768120
1436828187
1437059273
1448825517
1462144751
1448781072
1448772386
1448729111
1448828120
1448829472
1438810423
1438865870
1439149388
1439174004
1439197789
1439213977
1439214591
1439219960
1439539826
1439824233
1439830153
1439841617
1439857800
1439858828
1439868227
1445934282
1441645728
1441711174
1442007065
1443013907
1443030392
1443031897
1443041658
1443770050
1443791781
1443833011
1444131083
1446658985
1448326810
1448344462
1476175577
1448813837
1449109396
1453568850
1453581732
1456892257
1463315178
1463693732
1463746200
1467224943
1467393386
1468676175
1468680832
1468683061
1468697344
1468700529
1468918092
1469479591
1470306329
1470321604
1470715372
1470715394
1470753135
1470753710
1470755901
1470756261
1470757548
1473431171
1475718820
1480987381
1481051175
1486737977
1494456400
1496284906
1497207521
1497231421
1497258665
1497475601
1497534183
1498121176
1498138852
1498149877
1498196811
1498551007
1498569605
1475718820
1480987381
1481051175
1486737977
1494456400
1496284906
1497207521
1497231421
1497258665
1497475601
1497534183
1498121176
1498138852
1498149877
1498196811
1498551007
1498569605
1505021188
1505495552
1507038044
1507347574
1510534205
1512518700
1512520771
1515769482
1534943008
1538815564
1538825786
1538839073
1538953940
1538987107
1539182879
1539295479
1539310928
1539331942
1539382003
1539410490
1237819800
1247875193
1407454876
1375504045
1391296855
1227568898
1228086501
1317433345
1343906009
1298644279
1329462566
1061820818
1358132188
1375843045
1033224304
1356537669
1393994983
1043192020
1263575108
1267803201
1333405702
1379837791
1339622357
1351312271
1460296655
1469385998
1444573091
1373275211
1287326914
1399043182
1460310428
1460303848
1434077979
1324740151
1241334952
1284063418
1284385989
1284395753
1308317548
1332358577
1375684363
1383269105
1441262230
1441267414
1284336909
1347093059
1319186967
1381183742
1406455872
1424476513
1443776957
1258462206
1284354344
1284362068
1284372502
1351882383
1364198870
1367829972
1379477481
1379521561
1379588550
1380592248
1380609945
1383263764
1386099471
1386114892
1392744305
1392746684
1392746954
1392778623
1392780966
1392781935
1394697796
1401693530
1440252904
1441106814
1441110036
1441108083
1441114404
1441246210
1441273753
1513867626
1498093461
1503137224
1539158673
1539166425
1454711501
1443193423
1257236750
1437970627
1381685038
1375043504
1328265035
1450956377
1378515827
1043189309
1035834177
1375216377
1378455353
1378500925
1385131096
1089772912
1379367914
1379386398
1482987563
1453495249
1378217411
1284253330
1369008103
1372371632
1399769985
1073791420
1358194775
1418473306
1364202425
1413458765
1384416638
1394250159
1356498102
1354578586
1375191823
1378165469
1378338553
1378391629
1384931403
1384957974
1384985621
1385018645
1385053809
1385094190
1385115806
1490227741
1331054131
1160607553
1241433418
1304750570
1368415850
1379897089
1381674443
1418493535
1429182615
1329546891
1369374428
1378165469
1378338562
1378391629
1378481015
1384931403
1384957974
1384985621
1385018645
1385053809
1385094190
1385115806
1490227741
1331054131
1160607553
1241433418
1304750570
1368415850
1379897089
1381674443
1418493535
1429182615
1329546891
1313087303
1369374428
1288847606
1460297717
1380706596
1427148398
1416193267
1327616677
1157830487
1315673237
1298739257
1342575478
1033571041
1037192698
1286247564
1317816866
1333148898
1349604272
1351874115
1354418116
1361292654
1375063670
1402531343
1423247522
1424432470
1424478463
1430715524
1419506038
1290757965
1346119707
1407431705
1331881445
1346131403
1357868701
1357946525
1290843624
1354244508
1417755368
1385173462
1385192641
1415326595
1423440225
1424466534
1424660673
1447025381
1510998020
1394867027
1358787571
1188213790
1214923995
1346920697
1359860706
1385898996
1403597463
1406845574
1420390275
1421366485
1448455224
1051046118
1340545315
1411637892
1393049259
1280902683
1424992657
1187119194
1354383283
1354757400
1354771491
1354798055
1037013759
1391822266
1314956051
1374424769
1378925174
1308901086
1325158673
1378818847
1308919623
1372968048
1308905720
1425018994
1228141832
1291934904
1305418771
1308938423
1310226251
1339069141
1356712067
1356720808
1361457921
1381954882
1285731312
1298937909
1416072677
1328829924
1367956313
1419323708
1298906949
1425018994
1228141832
1285731312
1291934904
1298931336
1305418771
1308938423
1310226251
1339069141
1356712067
1356720808
1361457917
1381954882
1298937909
1416072677
1328829924
1367956313
1419323708
1298906949
1310329067
1417364618
1298921126
1308016388
1420400661
1316505623
1412210416
1391590269
1275006194
1361418679
1459832557
1378941938
1382021012
1388023932
1399144673
1419451593
1450225357
1282465738
1331462253
1308910010
1352023224
1412941550
1430800300
1282478766
1299758064
1136328564
1429452493
1478039933
1315693035
1337693588
1365169084
1431724006
1331490539
1334712767
1327098175
1337784191
1521825334
1349491463
1392655294
1421574717
1470751000
1424386213
1367882761
1276846531
1303909904
1298601589
1480312109
1419206889
1347238408
1406196016
1384359176
1331429040
1411676450
1326995232
1419291695
1447522561
1433842536
1311014109
1388654337
1409369598
1456828243
1489940174
1427486886
1412046373
1401523784
1405905967
1521717506
1369658233
1421903136
1427574417
1396734705
1419167263
1518156169
1518157440
1362304360
1276971480
1428793817
1406399268
1276962011
1326993399
1385387652
1275564512
1445580850
1442534473
1518152419
1429186526
1518163661
1518151827
1442528124
1490605959
1518152927
1518155006
1518157460
1518160699
1518150652
1518159399
1397687401
1412222427
1393716424
1045852505
1036452336
1365760470
1372633117
1378481015
1427923172
1447436263
