661374
1300209
1329150777
1491019477
1035017549
1212265319
1127743242
1089950069
1143282535
1131623717
1315815276
1111293016
1034094759
1017014485
1146390807
1186884518
1179892616
1492622922
1089926091
1109086937
1111666165
1113014340
1126131225
1179873446
1179883674
1143699363
1143289350
1001945296
1065820876
1064542825
1030909709
1216380829
1143325367
1113005989
1417799079
1278455601
1127742186
1359181857
1036888126
1064541399
1126130424
1208779633
1359130910
1245054300
1065753939
1123925839
1279557164
1293917155
1001945353
1257642117
1179914461
1001906769
1457098289
1131610044
1175953989
1257646527
1286848890
1064473893
1523416417
1477742196
1388059497
1123963368
1139832139
1305777198
1461340546
1030447151
1257509419
1516780744
1257642250
1390341417
1497765001
1517050326
1343478053
1478246595
1179975706
1439983572
1052283022
232332
1554196305
