1215835
1393501653
1035926679
1421385109
1232356
1116135
1449385374
1459157805
1316686209
1215834
1408663503
1231354
1316664513
1270497714
1232365
1215828
1275060743
1376310246
1506026715
1364570218
1364685077
1211897767
1385886742
1035698975
1116120
1283030339
1116140
1215845
1116143
1070592255
1236826774
1035602647
1350484205
1057413402
1348806815
653707
1374917095
1504674975
1032146093
1072353755
1074560534
1235568239
1472903236
1396186396
1428809906
1273926298
1430931564
1353651593
1026884316
1436238472
1315422510
1300511264
1407954849
1085913349
1354486487
1019917645
1445249627
1448695570
1448701011
1202527519
1385082232
1507118356
1309348858
1503149032
1026264102
1005129237
1025475664
1485095475
1400615813
1236069073
1202613327
1475878278
1400601400
1448442584
1366170189
1283612179
1275802976
1313879236
1484868991
1337750108
1233234891
1209567248
1016111489
1300713245
1231375782
1254101292
1198188
1291681389
1049908288
1227505671
1382407551
1021059686
1238092898
1383050869
1409057752
1026783683
1358464606
1166163903
1145775901
1481207143
1503931656
1235544379
1257537737
1202514875
1354382379
1026857563
1026832109
1351988332
1513713341
1216645513
1215851
1019738976
1219660
1364739880
1380504708
1257576053
1070574007
1503361059
1264987250
1197162467
1322879391
1476243128
1057418168
1004728367
1080991287
1257570507
1104849396
1138160533
1262945995
1070599564
1080868637
1482294750
1536010562
1032586324
1003607681
1292735139
1205816443
1029577160
1003179458
1020836752
1021420664
1059438547
1180205764
1534651842
1539753115
1459176567
1536076958
1238956347
1180205660
1182542321
1506625289
1108247908
1238207610
1364693341
1484357425
1538857450
1540839675
1233148344
1313515936
1070577250
1257552684
1364689528
1166161179
1433401485
1535209508
1354437584
1145631925
1351868380
1392480674
1398949951
1458501077
1504090849
1530379474
1530404435
1081137581
1182541221
1213244275
1309366173
1535972303
1536030901
1238203206
1250506965
1364717945
1535270752
1134713385
1145748278
1439106248
1352062267
1138948634
1145612303
1238117310
1286051296
1288080930
1335379835
1364724283
1459175928
1461469116
1482358144
1530149557
1530661397
1166161367
1166161368
1180856556
1212785590
1447628796
1459335319
1070588866
1138179522
1145727475
1145886172
1180855397
1166161366
1182276763
1182541765
1364580083
1420038970
1459336693
1236082750
1364584190
1530425397
1147708156
1145704615
1166163993
1180205199
1238190953
1238215860
1364583133
1364699768
1454199049
1459155410
1493513956
1145598603
1145824961
1166163994
1266331683
1238221876
1257520573
1257552685
1275603994
1282702615
1364713093
1364719793
1364738509
1390487988
1433764767
1507650968
1547967777
1540851078
1552068581
1553397496
1004802633
1354530580
