1098369799
1103216182
1445258338
1424992182
1032303
1161857813
1467564
1423593456
1467565
1467648
1120456716
1073363685
1453381601
1229250996
1186223617
1123094573
1452965481
1446749659
1498473792
1307680306
1199854543
1507258120
1013765951
1097045698
1266724295
1086848477
1106439542
1367582638
1184980656
1492027010
1148114852
1275023319
1137445451
1335465790
1169143952
1480556745
1466043892
1220721759
1050383511
1049082111
1259495154
1106411233
1156214606
1275744107
1315806042
1036645469
1093004984
1224740507
1097919261
1026847748
1033305546
1156181811
1147996404
1324516172
1070098500
1131043327
1106404517
1435979161
1123562423
1145857542
1106429501
1198339234
1271296320
1509933072
1097938208
1089803775
1020902076
1453361442
1499974029
1060274367
1116652540
1484288627
1106421068
1034498789
1493040896
1527914242
1505821791
1199856285
1452903167
1221601731
1022353225
1223123206
1073437280
1252522733
1106457422
1439575306
1455595862
1520696293
1275045265
1412581986
1485480027
1508027993
1224940737
1373438059
1073383425
1452992290
1130363471
1467210539
1486710802
1505766571
1148594125
1344131412
1375301935
1468971438
1446377606
1465575512
1075406438
1224963254
1398129400
1112940539
1119955538
1324502787
1253983111
1286175125
1352903821
1411967111
1455207214
1459828089
1466207278
1478542614
1479465546
1155924835
1160441932
1224508683
1396221060
1389318971
1475388016
1485946052
1527253378
1245482399
1444516957
1452914566
1354033518
1508435572
1510945029
1523378172
1225800948
1246807087
1478526770
1207328568
1354724936
1475504060
1503891650
1020534379
1228687143
1215186914
1224825821
1324473384
1313723362
1433536269
1456701453
1482887346
1505703551
1341024682
1324296430
1341191500
1125160908
1328313301
1137656086
1505815179
1155890265
1213170585
1225877234
1239037913
1404610831
1334672290
1259442181
1259325388
1275003082
1313187644
1364538528
1299114425
1364262293
1155929910
1308283827
1351643507
1354839237
1375020966
1408126613
1443656997
1156103314
1405809752
1313727132
1330069449
1402025989
1375299091
1375296603
1375293311
1375285715
1330436325
1353085130
1331089039
1354062740
1331105260
1361787262
1363308699
1363297152
1361773907
1335183397
1337466543
1354028681
1398848834
1399621794
1399625724
1375043424
1389308484
1423745745
1404720168
1445259362
1451809599
1451979134
1452683820
1452688213
1453421146
1455280943
1455592303
1458013478
1462064673
1462277722
1491977738
1470863006
1471835212
1471924090
1472926522
1475378332
1475394044
1475404102
1475926191
1476667161
1477050917
1477051720
1477343449
1477580543
1477702563
1477763098
1479443002
1479635427
1480193317
1487103536
1497697073
1500569450
1503634982
1505756843
1507601093
1508100622
1508377518
1514933648
1517753263
1520570614
1531989374
1531890156
1532000006
1534669589
1535562046
1537499992
1537666832
1538429108
1538997833
1539034711
1541784401
1542070686
1542074442
1545284574
1546179551
1546307987
1546318996
1546329833
1546345520
1546526684
1548569062
1548628178
1552401277
1552411122
1553803307
1467663
1334927784
