1307336
616384
708466
1463999194
1314899971
661333
1332406
1041918796
1323115
1383695345
573052
1306629
1177191297
1242625
1206160
1510655388
1165076177
1418884648
772369
1373573001
1345220
1323128
1040178
758131
1428852
1170181523
748930
1332404
708465
549865
1464382043
1028417612
766949
767121
1147397
785855
856203
1444269551
1415483810
1206166
913598
1407350016
1215871
1154473
1406737619
1166068698
1215850
1212903
1189419874
1345237
1444187813
1476978853
1023992591
1215151157
1022365121
1323174704
1455600258
748936
1167777908
1428825
1306634
1474819182
1149074903
1446791026
1215849
1223871494
1354798224
1463977459
1007945215
1239127108
1033791930
1145628
1206167
1345225
1149093115
1445188015
1264751933
1165902272
1157378094
1262609
1489730952
1242551902
1173443238
1266954
1072202240
1243057233
1306630
1445194505
1463991364
1278164384
1101436707
1476925650
1433992889
1111384196
1212904
1025543364
1215848
1062451174
1179137229
1460838076
1444348701
1012256446
1098243293
1477161675
1189421176
1504851880
1496367143
1147315
1242663317
1063846982
1029657948
1444179671
1020715756
1022661988
1065447391
1474816747
1218994640
1062452023
1018515067
1063782568
1012845447
1076642446
1434666853
1022413474
1049223217
1205594772
1463973648
1242797593
1022775963
1159606335
1012888144
1204558348
1306636
1049923028
1264726998
1022095613
1446829965
1464385324
1005557437
1162770519
1525370089
1204576633
1206170
1043980131
1486546333
1019755869
1085912281
1317220035
1019694013
1062450630
1145816844
1210294053
1242373832
1457226
1166028860
1205389347
1085434183
1453822020
1156252410
1474824208
1062452357
1502590822
1082956845
1451445733
1165790815
1016524148
1085489719
1049993432
1026063654
1237631330
1282659629
1475466598
1475675360
1162722067
1189830844
1271356831
1242727759
1086917350
1432173571
1210292111
1018511765
1475685057
1086021432
1314975403
1512802924
1025885749
1486722510
1086058794
1391281130
1421078334
1076807092
1475641408
1515644422
1264588852
1271754185
1445191526
1451426385
1516802641
1176597331
1179235716
1196944856
1231322049
1237765568
1243059163
1243059591
1245541380
1248047522
1313204799
1315006209
1421028777
1331084816
1474479583
1427713042
1463993045
1315094799
1492438524
1475718091
1024419637
1196957409
1273772249
1486742609
1490922034
1477026677
1012993692
1198573283
1068434795
1245603987
1049048481
1331118360
1424002508
632477
1171213386
1477032707
1425818605
754121
1127670607
1532645268
1532713358
1532720761
1532736000
1534478742
1534716774
1535381095
1538445381
1541505047
1550990698
1543120438
1477061866
1477071041
1475691414
1546267705
1548520543
1556344635
1192845546
1427265052
1159570180
1160850044
1460064646
632476
1206357551
1425755258
1215843
1048912103
1423906822
1324650519
1324973357
1508619651
1465740323
1549092347
1549114332
1311013844
1162098
1454949035
1416119218
1459272535
1480893813
1503673096
1424090937
1532699472
1549649158
1549194080
1475590891
1477955913
1290947805
1475707928
1315453218
1472979940
1503679730
1343354630
1288997711
1516641043
1417144877
1264797112
1311372207
1271636219
1345669877
1195278479
1316733625
1551245627
1165197
632576
835966
835965
533482
550121
835964
549868
550129
661378
927178
632571
766933
703475
791302
1141744
791281
703479
632532
1141751
433901
791301
661379
791276
605347
605342
605364
605374
751536
605332
605390
736896
736936
703473
736932
791299
1161263088
