1399854
1227739260
1475737597
1111451517
1033646381
1277932674
1163705028
879778
901104
1139986816
1298734730
1192886951
879774
1491023309
1473839794
1081778405
1516190995
1422183704
1512257444
1422307180
1511075329
1522362561
1020131933
1266374890
1293838753
1362641994
1455025387
1069530659
1113639932
1193964067
1469447645
791305
1212868
1475737152
1034622455
1405856065
1127594729
1352876130
1461085973
1250846456
1306085522
1192914310
1515641800
1452564425
1488530302
1356213850
1199283157
1317865846
1410552539
1331397104
1015872124
1522920844
1426046952
1263273269
1148948575
1379629406
1353273903
1168287658
1411986718
1247827576
1315343687
1078006328
1415554727
1199286532
1422266676
1426008831
1351707355
1362601252
1443453499
1045981027
1276396181
1332438681
1059987081
1270364512
1375691133
1505956221
1252498209
1399573811
1498679555
1425687718
1420050832
1295325449
1097703627
1467632491
1494362823
1290099618
1089077746
1183962092
1077201534
1237779
1083000295
1118632387
1292936933
1246500849
1441117604
1426079191
1198034932
1341093490
1378186675
1084721451
1151352029
1127702732
1434659858
1435249302
1053106072
1451527317
1520553470
1455117161
1497764301
1255718394
1415293753
1306484695
1486971917
1342834230
1053031714
1028033476
1024633886
1028750611
1179109708
1445807767
1451865172
1383983684
1340268944
1309654242
1246174989
1076969117
1455110481
1215300029
1084764562
1036778644
1281716888
1173260157
1198454639
1386447009
1076399349
1154335302
1192910654
1397648819
1516375854
1454159530
1075411598
1474198136
1339311223
1226726209
1523493781
1077405269
1455118416
1283585986
1473786846
1182410637
1250843366
1022685859
1177164387
1410077985
1165983010
1475980
1050154767
1449218638
1515675801
1152916482
1183708047
1034477196
1306510792
1072817265
1273732713
1076031656
1501227723
1425085801
1331863007
1363026048
1521973949
1004754746
1178202611
1409251546
1182799190
1237338428
1461092909
1449215575
1496702118
1098507976
1170452842
1147003066
1179242260
1004762832
1419323509
1312887798
1441065288
1495708007
1481262457
1041418654
1096978643
1051675424
1109537888
1213323642
1230631475
1411106006
1392413373
1437049633
1051754317
1401381565
1515663196
1411586860
1159315040
1030385145
1079874263
1238092256
1426079307
1411593533
1512870824
1029024157
1019276451
1255105406
1260987390
1004763933
1351934810
1060240693
1237898436
1030385309
1102398016
1228162318
1494468301
1021495026
1193865534
1043484087
1100854941
1335032970
1449202578
1449343527
1437951
1051744896
1352648068
1134337746
1294026284
1191764405
1185993375
1015874924
1134038182
1171407085
1443659747
1450948164
1004771974
1199283179
1051972988
1076399959
1449233936
1475988776
1029079746
1082587669
1192985504
1294078255
1180728940
1026279043
1075970112
1507362776
1015875211
1098530470
1425988164
1198730282
1363039299
1185950250
1149129018
1306490941
1333381228
1368981858
1293830175
1076129256
1285556985
1506594774
1023972636
1097678583
1515995632
1177165840
1331861502
1144500229
1340982632
1497217431
1306489731
1059986761
1186491922
1470566775
1048060658
1056312661
1065813782
1380241640
1424230986
1052277736
1270619643
1185940772
1239394633
1216666444
1347212325
1379370850
1400147583
1525856428
1333685105
1470587597
1481544542
1490008102
1497399976
1164266549
1506229432
1177995823
1368989241
1399567922
1425310751
1042979601
1408418262
1496245503
1511771494
1024108410
1472346081
1207897018
1285628916
1185908056
1501796356
1516537336
1220696091
1307175887
1334829193
1374111188
1411193655
1421593052
1435447296
1475008559
1483815728
1185954690
1339349636
1268094025
1388847213
1435268397
1445819632
1522425664
1059987114
1236112872
1229735172
1322882630
1479386146
1457920389
1008118288
1083087622
1213498404
1307215351
1309403908
1379706461
1497135507
1505803368
1030053175
1052044660
1479386778
1335374557
1155270110
1170311895
1192964419
1226672994
1232489079
1465867611
1311452794
1357404218
1381193617
1390465865
1479190441
1391057851
1399589697
1405573095
1412085020
1428377333
1447563358
1457925395
1479196549
1414616849
1399594250
1472672364
1475003788
1499775356
1501816066
1511204093
1515606573
1522724783
1399577419
1055111750
1332269319
1349457106
1366061091
1379368592
1382527317
1398050051
1399566717
1411524836
1422226064
1435241742
1443536610
1454143305
1509789898
1513920897
1052282696
1154768253
1210766018
1231963178
1233070751
1408283180
1417999410
1440001741
1478170569
1492861266
1506598557
1512821444
1515669652
1042980191
1059987080
1282615642
1185967274
1185979643
1222090004
1411214202
1485442842
1424199297
1059688107
1035982399
1037852395
1043496585
1098513991
1098530939
1052280021
1100859594
1186002921
1339269488
1390155946
1399593708
1411525234
1425871430
1427375750
1446866526
1449190603
1480379737
1479237900
1480408063
1482253603
1505082349
1506332380
1509627705
1023971393
1028429305
1051969497
1084735431
1095862682
1100852102
1151010550
1207103637
1423170205
1311969896
1315129885
1337132013
1342557458
1362193867
1381552116
1421815102
1426103254
1435233647
1439662419
1447618559
1455726396
1480372469
1480387933
1461392077
1466190529
1472676071
1472678765
1475922645
1481197844
1482264368
1477531085
1479725440
1510894323
1516955558
1104987782
1098670878
1052038083
1052284903
1055113070
1059390143
1059987130
1086074308
1185981620
1236779530
1306500752
1307218022
1307216378
1322668862
1324096724
1334905141
1381557773
1379375113
1391546788
1396928225
1399587984
1399584655
1401873073
1411524282
1426025319
1435227653
