1100550586
1274002875
1202374136
1232364
1143804
1198189
1242729759
1531559293
1166798275
1147526752
1273979333
1266872039
1112663370
1265191166
1464434778
1223014245
1420247972
1219433352
1160344638
1229340134
1243883616
1024230697
1107093926
1281773102
1187342433
1252552886
1253899757
1348026024
1350689748
1428791350
1344028643
1347967041
1134785276
1391594092
1506284638
1135549721
1219435073
1334584867
1350669203
1522479082
1533705388
1286886049
1294103210
1329365771
1349944692
1350524884
1388856386
1388905403
1522472239
1522510980
1534715251
