1487138593
1502022577
1278256962
1267805916
927422
1103333685
1073393650
835967
1073844063
1073503933
1073582365
1464433475
1267070621
700701
1501819705
1092589958
1369928647
944305
1481508472
1073375241
1150647867
1192608566
1470338716
1083475841
1058840
609023
1268824871
1486431845
1531040100
802369
1323081752
1076056240
1419567170
609019
1083062769
1482103376
1508440599
598630
1185259267
1470343938
1276519005
1027660357
1507614117
1492334124
1375254099
1441472328
1015792267
1276745401
1305721329
1407660036
1210600231
1176837
1375025998
1433197205
1015809147
1307255502
1198152
1332140010
1115374009
1082607379
1310088548
1435873211
1397077564
1384078985
1224836216
1266741970
1485335317
1108947182
754114
1483413631
1098741767
1445384700
1424292752
1424167013
1288137686
1310630776
1446712813
1476215749
1287743911
1421364489
1445375911
1393450107
1258949334
1176846
1307732146
802362
1309113493
1182824718
1232448213
1196707775
1144401581
1480725577
1481298468
1244270905
1196593413
1112112067
1252139455
1438888457
1509324347
1499893882
1446416560
1145820747
1208126033
1371557206
1116035003
1318136393
1142184452
1332506
1426836075
1427609534
1445378624
1332511
1252970963
1381622843
802355
1464277700
1084459573
1438770178
1228003939
1434587767
1368976749
1330822253
1470455595
1159311301
1198153
1384689475
1244109385
1112621102
1015808415
629361
552418
1331818789
1543831097
1212881
1481817719
1114762020
1484148183
1434298569
629376
754116
629368
1521899762
791304
1447299387
1134933491
1509338620
1501311540
1509844195
1058841
1058845
573072
629359
644185
730451
743821
629371
1332484
1332490
1458453695
629362
743811
1059978905
1204038845
1238031676
1416162793
1433950565
1243033230
1106816260
1388000210
1182847669
1314993303
1143776190
1231312928
1518131173
1025259022
1112629446
1331098920
1526412846
1073382031
1423683842
1474697913
1179172520
1485236901
1073408554
1103822994
1434724447
1360102408
1444491632
1245623810
1088715204
1264256354
1015809186
1192156867
1217877565
1381627488
1462191120
1025238483
1169119756
1332494
1045118507
573069
1024260416
1272330449
1310175084
1533816687
1015808804
1535223418
1016104841
1337844933
1538782704
1030601869
1072780182
1084981635
1378393854
1480532756
1025401313
1043045696
1045340575
1098724998
1257605757
1283585069
1537937578
1217874951
1266761949
1016294370
1024264529
1070470398
1088711825
1532003628
1354634429
1015808779
1056869327
1103199271
1112654904
1167744414
1260740527
1302799232
1379587328
1072487042
1196691733
1328378124
1486399852
1015821583
1045137622
1480552390
1016294559
1031469588
1358527218
1144411506
1145833276
1174712320
1501462087
1015809185
1088683573
1190381949
1202474076
1204262769
1419360421
1527279110
1111320117
1118941971
1259294612
1285462300
1304081430
1030600738
1372310603
1106582602
1464432687
1412602558
1028826248
1196959764
1032613743
1106219527
1187065435
1198352583
1282728518
1290844592
1321939508
1331820384
1522468180
1529108801
1016103035
1045783303
1057863952
1529435184
1278364166
1323077787
1298451346
1457607703
1502706873
1024265056
1227390264
1445664525
1457158534
1059977255
1332497
1031382026
1118001385
1077037388
1456854551
1499118002
1543034059
1031597276
1206581635
1438835926
1228943498
1474099463
1503218402
1026303006
1438478833
1454112599
1484842313
1489875088
1505116853
1516724790
1032042213
1235423177
1459571997
1461738014
1524492416
1539798433
1025263618
1112604376
1235387791
1383172504
1483265318
1024263154
1050873435
1050901920
1430437114
1546349702
1026040291
1028386665
1050868408
1227361802
1218207000
1443755739
1432806374
1432812536
1474392914
1508360046
1522977598
1525553058
1532336634
1540580646
1016172721
1110415921
1204138076
1307819095
1324227171
1360937914
1391354308
1398680768
1415107754
1444510875
1444526250
1534778146
1030035004
1366973188
1433785811
1475660074
1533260583
1043051279
1112599155
1230186899
1428207342
1431743587
1435547335
1475005519
1497007402
1508239969
1533051790
1026227597
1045141740
1045324425
1051395376
1088615694
1174713145
1220198870
1223720721
1268690974
1320374319
1343234036
1363020453
1369933580
1432112759
1456544777
1481898328
1486383793
1494230913
1525837033
1542614977
1022118291
1025395678
1028039630
1045786656
1050388089
1050965854
1060281067
1111753076
1112999781
1204363967
1236547920
1242561167
1242562619
1246953822
1252398539
1268860724
1271831739
1278203051
1324028806
1295409542
1309408155
1324219573
1330264870
1331890325
1333069130
1361750388
1382286916
1382600645
1396802828
1398888566
1441470987
1457254010
1458480310
1475310692
1473471773
1474050818
1474289004
1477366894
1479110778
1483173937
1494468177
1513506747
1516465015
1530185673
1530282539
1534796021
1539994887
1544739703
1444376608
1444978971
1442770082
1043042626
1045351877
1165122530
1107697460
1107503634
1117890042
1259656463
1267721572
1367848018
1445386355
1431713853
1433207276
1457499232
1462078493
1463827506
1478475972
1483649962
1502811404
1530022056
1179268911
1229882929
1336787700
1390111891
1370717584
1401361508
1431641421
1469557500
1474702728
1026303653
1192789636
1230459300
1484373128
1326747552
1371210494
1475935727
1379628297
1392071512
1419360659
1423321203
1462076466
1529902487
1545944631
1208795
1051071155
1202862741
1085562834
1101077045
1143904260
1171931235
1313133476
1438741297
1321394111
1408163631
1411050105
1431741047
1434568623
1434643008
