154996
748944
999254
573068
652809
999249
591688
1253967
1024959386
927183
536960
573076
271554
743664
1471398
730415
792996
716565
632576
1467602
1311435626
1230656258
1022824034
552359
598668
1467580
913652
672548
927186
871072
730424
944249
927190
1407027294
591692
505047
1120869805
1261438558
154966
1074595871
1013659875
1024953412
433903
730420
1185613333
154962
1245518717
1178279739
598639
743804
1028298903
536964
1511476201
1467561
1028498825
1230928099
1273617413
1504775567
1024181509
1223928906
1504826769
1395108075
1504798841
1272290
1024181639
1357779609
1468406
1026253599
1437429
1468395
1468407
1395131280
1504860329
1022829497
1002947423
1545986581
1004761017
1548723101
154960
672473
1446238764
1059398648
1058612635
1059356149
1059339565
1059535246
1059544322
1019532677
1450143583
1058554915
1058641047
1059632147
1059604956
1059557815
1059379388
1534355946
835960
186677
186675
871078
871069
835959
871081
703467
632558
766931
536966
871380
871077
372440
871076
802350
871378
871393
703422
703432
802346
791282
871397
871383
871377
700708
871385
871392
871382
871395
871398
871387
1424221072
