1503373764
1113800778
1475206039
1424662900
1474147227
1210693431
1543499133
1240369765
1545468349
1015543626
1172444995
1470298783
1505409714
1442098605
1505410305
1015016620
1542093261
1539679013
1176975996
1225109605
1482942433
1505471614
1544740806
1347091901
1444545162
1463951090
1544671645
1164866344
1545210415
1390702639
1086849961
1378674968
1505472323
1086115771
1391134225
1456921097
1031176417
1473324912
1279516332
1208176807
1357465086
1033772216
1545135917
1375018454
1408208082
1479382411
1544692534
1390100411
1545555381
1036392802
1164345913
1383996272
1014526932
1471806789
1096832480
1456701281
1416288474
1444863944
1479388887
1402250576
1390209280
1084165654
1205814836
1378652200
1196880403
1096873971
1378039419
1406942989
1424957897
1475205798
1185346688
1389885772
1031652825
1229058644
1457731995
1006481998
1178186346
1477374066
1411516425
1411187147
1243759942
1510064565
1209105894
1112744533
1033387200
1096822600
1108797773
1124501039
1017939912
1220348284
1539806921
1031690110
1190584663
1175592193
1451431358
1366251698
1045784268
1308928295
1178455690
1021401014
1164890197
1475720821
1198619012
1314572395
1034150968
1397155827
1279390311
1389893827
1462600541
1494299285
1006475464
1075023062
1096189359
1123050724
1470820325
1036631704
1136639305
1165118185
1485196980
1218294004
1510064565
1197391795
1198429700
1243759944
1162075928
1034099798
1218294004
1334768275
1462600541
1330895115
1006476872
1059859224
1067714084
1174946908
1407919535
1163931511
1338807791
1393260182
1477146553
1509624401
1475720821
1118592949
1202520577
1164890197
1131353005
1034298268
1408782531
1431592591
1442899719
1112807107
1383008266
1406826901
1296188243
1423752454
1458127191
1077353685
1218327023
1472429030
1282182831
1481041168
1086578919
1345437661
1331551518
1218157376
1250561494
1122636104
1128642820
1115468035
1342736321
1467935970
1287961179
1353044361
1385716489
1339681440
1470415994
1474116337
1507316309
1275805615
1434611188
1068597057
1471806790
1212413429
1251186821
1403681286
1476959379
1098877764
1140880850
1406936310
1034281906
1414599701
1095332238
1162747152
1504800739
1411576978
1031110558
1409171278
1483924041
1136612447
1416273612
1413356151
1081689981
1278637798
1517129478
1376832071
1523168658
1306426239
1351787180
1467945711
1033652230
1433739006
1393092256
1542087413
1192540811
1188633300
1473313861
1416271697
1499998469
1510832055
1316474326
1500493379
1482223169
1486027227
1163724679
1108791680
1031301495
1205682027
1198843661
1473345437
1033607626
1413366857
1044876262
1031178891
1433027796
1451367695
1135697468
1125460250
1185346689
1505470594
1470247841
1306508440
1081037451
1108791680
1481664178
1487943045
1427821011
1163724679
1500493379
1221180289
1537368288
1499076774
1532510117
1292162865
1444536965
1473902594
1460112407
1483786447
1034123802
1174869805
1186920083
1178163723
1086576427
1115858124
1481604076
1118580862
1284246029
1430807138
1367148587
1028398027
1535507515
1210322656
1027686646
1096176203
1035513382
1218232669
1289522847
1350488737
1133388663
1448469711
1012484663
1499033479
1103494083
1279635798
1370209165
1118699322
1121222625
1074354809
1332244016
1079588902
1463116255
1015415616
1383028908
1470243411
1477146521
1015531460
1174585379
1439981940
1084756208
1031074238
1503890942
1474163559
1086605407
1161888092
1346962204
1163665700
1489835107
1317083168
1006471542
1109743697
1059354325
1513722939
1473733665
1036886775
1479487202
1243036427
1142020165
1043081873
1058163719
1033820166
1035435614
1131826868
1094610203
1424642853
1484255638
1294664376
1209772228
1417726505
1431572405
1068181624
1015540231
1209881858
1334533034
1166077641
1383684780
1163877323
1338774130
1280857103
1006402431
1070676242
1019489242
1223116855
1087463539
1279506532
1121492417
1111799031
1197028132
1378545780
1017797101
1028397574
1095398957
1391134218
1431583682
1164982106
1037671360
1058789382
1355721287
1015533252
1034272722
1491479409
1423810496
1332251332
1086111039
1408048680
1006604024
1372205493
1279373711
1059364324
1391843416
1333622375
1029176090
1316772317
1034493348
1041215551
1031455984
1058604076
1445546262
1018016520
1192486600
1367892093
1207077986
1295221516
1396892649
1489990146
1025655030
1502946186
1279673507
1123084033
1037827827
1334912303
1166055843
1408372624
1483750143
1194508112
1283430049
1002767082
1109575656
1070646217
1310742234
1005419207
1029190725
1417215280
1403639682
1244212716
1041198749
1016134349
1403915537
1270372931
1018008742
1207846393
1030516931
1079422756
1532998295
1173625861
1499987532
1035510830
1218212468
1084751208
1481462696
1341051715
1076059605
1237076651
1482201316
1007077050
1028000794
1298060618
1088135010
1278572399
1124504483
1417178774
1197392690
1073791651
1018122741
1068241284
1408012446
1031073793
1015025682
1231493202
1056723244
1425974267
1450572681
1271661844
1492646879
1018193098
1023823487
1191465612
1073529622
1218353046
1204464513
1383028912
1242503406
1035430989
1184756911
1014731067
1019896644
1532998684
1045192216
1298149281
1474142937
1183584099
1086081942
1216386359
1396861613
1176596160
1418002336
1279418108
1029277859
1458109323
1381321488
1393646074
1199548252
1479365436
1033788639
1144462501
1176964085
1038482890
1470377017
1218344082
1477146909
1400508668
1481581885
1423877391
1006475587
1003051657
1086110165
1345285955
1376771539
1070670457
1260496675
1107168750
1350732216
1416704784
1502028388
1533017735
1019676926
1406951174
1459702233
1190439060
1509620877
1479022598
1089778458
1241439292
1294647610
1421196147
1428338056
1345336654
1376739689
1444509942
1011685009
1015552807
1242350861
1041345090
1006446871
1003300208
1025613682
1204440664
1243002717
1118443214
1252130829
1058636655
1473666712
1065844882
1260761570
1019817659
1081024187
1335698701
1454097576
1132852350
1218423300
1015586041
1223281040
1089847452
1157161180
1174672066
1038580089
1332273378
1385840146
1069973413
1034149408
1068240364
1237026244
1043063397
1006446871
1003311165
1454097576
1252130829
1075929464
1094472179
1058799209
1205883472
1422535011
1065844882
1141842873
1470758091
1314460596
1043063397
1255068323
1292828469
1174821077
1411637263
1437649672
1473284118
1538998315
1289602621
1232946630
1311418427
1348174232
1102273385
1398143740
1223225991
1197880830
1470164278
1006400907
1057433738
1075082756
1429539371
1546299999
1295321659
1416050347
1533005454
1366505555
1028344931
1141929682
1472176174
1376771537
1429468198
1095464666
1079735491
1293807387
1331551523
1195394866
1309961840
1220427635
1374480728
1270414299
1069935676
1348245033
1256167169
1467935971
1470940082
1479937921
1481021747
1006468106
1007077444
1015830934
1006467777
1013464788
1006468227
1011316104
1014656955
1014731894
1015830936
1006476246
1006475059
1007509996
1015830458
1456729051
1006402391
1014730307
1163940082
1187832100
1247739061
1006449480
1020057314
1106327331
1014439894
1070670925
1014729461
1006472296
1015519196
1031079170
1163914876
1278034382
1012086086
1069379359
1031428577
1081855207
1471836550
1115836464
1195394866
1288947295
1299597368
1359536343
1004106470
1070666301
1081745739
1208121060
1296158687
1070676201
1108505892
1441222894
1015515896
1036645594
1166793026
1029217661
1029286092
1070674127
1073961363
1279634712
1200386359
1256167169
1273245530
1391092158
1459732318
1459770140
1014573379
1279311913
1163728203
1192184423
1218427260
1349481381
1420401425
1494155573
1020055367
1024625061
1029574688
1165220534
1194258438
1194268151
1069956340
1031725315
1060043999
1279638275
1190416088
1253424245
1481021747
1481492510
1504854358
1508501816
1532701135
1017964271
1019913772
1029174441
1029389625
1037711281
1042368586
1056709125
1081728926
1279182853
1279201917
1173593496
1219348060
1251052828
1291114926
1332070279
1376211513
1383069390
1417191898
1461082799
1467984866
1505944938
1015415244
1019825993
1066818480
1044907968
1081895567
1081991564
1103826159
1123076447
1175599328
1230944522
1242716884
1296612249
1334678672
1362464265
1418027461
1439955715
1472169622
1489663752
1503346100
1011951059
1012893762
1028508744
1031426623
1034313029
1056676912
1075232952
1086511974
1113887743
1279306019
1293843806
1124503278
1247989693
1198835429
1221143131
1347562783
1423600405
1454131038
1475384830
1481610073
1509904862
1015610892
1072622442
1079579361
1178460973
1187840591
1279185606
1279552739
1311207442
1314024607
1347316579
1383375571
1430814656
1471891192
1458948602
1471583163
1488055504
1017187343
1014144293
1031448709
1067736743
1037678088
1042848949
1042873573
1043122441
1071703856
1081008438
1084766859
1088222331
1279658395
1117458625
1141597357
1279212629
1162566857
1228630407
1314973836
1316746781
1384982766
1392412967
1392482605
1411556187
1430786561
1003416534
1016026853
1017780408
1027195894
1028398386
1029178601
1031663640
1037714213
1038517544
1040697289
1040699252
1070676484
1064443351
1155392616
1077351366
1122680101
1176957191
1190361820
1207134307
1212198670
1245115190
1246578493
1247480340
1254021680
1292106861
1295258427
1299738068
1491499401
1331541093
1332346521
1351693979
1383391686
1383785000
1411145991
1417204211
1450555710
1472139626
1015435471
1023014476
1040712761
1070663558
1067663623
1070711027
1095444411
1135655784
1140794214
1229819661
1230915165
1234978826
1237032033
1408339458
1409212762
1424685860
1034296184
1058592621
1094368378
1096791194
1298087602
1153896960
1189339312
1198589236
1296626786
1338117759
1359649159
1383839670
1420044356
1485199470
1459926918
1015549077
1015552178
1025653962
1018821823
1018990502
1029231389
1037838078
1042406360
1043025470
1061433474
1070484002
1109578729
1112025743
1279319204
1139134617
1165954696
1243781447
1313949094
1332015424
1399431703
1408789852
1409705643
1416270117
1417901477
1459500514
1483747422
1505326903
1523478804
1038523237
1016125469
1028370760
1031303787
1037732844
1037787665
1067667906
1068604160
1073528487
1123059633
1141073210
1251658853
1190600155
1219684111
1332015424
1399431703
1408789852
1409705643
1416270117
1417901477
1459500514
1483747422
1505326903
1523478804
1038523237
1016125469
1028370760
1031303787
1037732844
1037787665
1067667906
1068604160
1073528487
1123059633
1141073210
1251658853
1190600155
1219684111
1237029247
1348292035
1383858312
1408884074
1415103049
1432860316
1533001784
1031446852
1029290719
1031111361
1034401040
1036884730
1042350028
1042462019
1070646431
1044888240
1326044047
1062528961
1066874748
1106332027
1081793497
1471828171
1132562636
1136629402
1162777060
1175583956
1211331301
1219723463
1264881167
1289628404
1310417707
1330884069
1382584175
1484121202
1459757812
1004051329
1315059524
1332080103
1345415934
1351505054
1378075155
1384812895
1394295344
1422619618
1444827850
1461440322
1480001377
1497385274
1016120217
1018784334
1031672278
1045193043
1251659695
1342782368
1419254095
1425895760
1505431735
1015415769
1017851122
1060052446
1088208714
1124611186
1135730102
1251661070
1189392631
1228644362
1445147678
1450572687
1459664075
1461586269
1017944321
1029232651
1040705385
1065262527
1067719149
1084614308
1112689640
1126683065
1154625237
1190610661
1218360216
1332261608
1345354210
1432872185
1432970287
1444713127
1002739558
1029366842
1034116053
1038683011
1343330034
1536847050
1449259142
1006519472
1019921409
1070948598
1017944321
1029232651
1040705385
1065262527
1067719149
1084614308
1112689640
1126683065
1154625237
1251588251
1190610661
1218360216
1332261608
1345354210
1432872185
1432970287
1444713127
1002739558
1029366842
1034116053
1038683011
1343330034
1536847050
1449259142
1006519472
1019921409
1070948598
1029190176
1029377364
1512534885
1031730045
1038023984
1044894483
1058491622
1060050816
1081772228
1096163600
1279400982
1279317709
1190623935
1212419229
1218259669
1263967724
1282648211
1293820030
1309970461
1331842341
1333582292
1413575694
1416245314
1471843641
1460904630
1470722033
1492556778
1502201218
1016133217
1029057710
1029221473
1029225481
1031066301
1037824135
1037937608
1038585734
1043109733
1043118580
1070645927
1045313897
1070668939
1057428444
1059249128
1060048080
1061699300
1062299705
1062303748
1062322190
1073786248
1086631487
1098906368
1279421061
1118744643
1132167975
1190676160
1196624754
1541859022
1205410354
1211488223
1228601257
1247518303
1255109109
1284471651
1296951232
1349682034
1359690804
1362450106
1391092156
1391190947
1396621998
1407395709
1424877601
1430796068
1437667841
1548294025
1299640866
1016130767
1019507834
1019508360
1019559538
1019831822
1019953423
1106573376
1024591738
1024654610
1024658548
1027083086
1029284023
1029339340
1029607215
1029609562
1046520588
1031663153
1068186541
1031733612
1035420076
1040703556
1042894118
1044765218
1050342992
1058586871
1058896277
1062327433
1067631863
1077569306
1093688291
1093769273
1094405502
1094495622
1095515484
1279372936
1139003061
1141111036
1251652931
1194372043
1209813832
1218200978
1220153079
1219731688
1237049670
1548268001
1254347872
1264975161
1293317572
1296563018
1293839494
1299757434
1351299336
1352104224
1355698770
1376681555
1392337712
1408884076
1408357020
1413836837
1414832703
1416682374
1431569359
1434308054
1434438416
1439563607
1466323463
1471923921
1472488452
1475007879
1484932452
1504749235
1504854359
1505472539
1038541911
1069933328
1416371140
1483967749
1305715439
1279666395
1237037298
1289648416
1017930817
1042411837
1015541194
1031701898
1278543959
1538923411
1031078356
1384039090
1194186860
1218931561
1257851539
1282128892
1357485158
1434592825
1459558517
1470372889
1532715900
1338210174
1459569893
1463218735
1506371818
1512397109
1532423371
1016324561
1031074847
1066834598
1139334514
1141071944
1373391898
1393401649
1471889253
1473338430
1485436121
1537194948
1541602655
1015388580
1036442477
1074632770
1075209009
1095457725
1102186224
1367494748
1239156226
1252568437
1314516954
1366444026
1408666873
1500181292
1515612582
1002655417
1015547673
1075086342
1252648093
1298656231
1298725648
1314449025
1383345205
1432988384
1433624604
1445734424
1450326705
1462045588
1487719806
1489726009
1499895226
1505226272
1514559347
1541369997
1059781242
1190517699
1246564997
1314195003
1420044357
1461085995
1503164550
1049298246
1162762626
1383018480
1396876855
1424498519
1431628943
1456544285
1481222007
1486136238
1500377391
1505083505
1542715264
1016132639
1074642425
1075004958
1113989818
1127676647
1140991645
1152590243
1162870631
1196898833
1212186420
1244294789
1247117766
1248083872
1411173737
1435258493
1444445815
1444679416
1463392129
1470401789
1478989786
1487523747
1488506153
1500389602
1500397125
1510359051
1516345141
1545437019
1003405409
1050982908
1384129584
1441224872
1434553075
1443517096
1477695198
1483448224
1500460139
1530166126
1540539117
1540597390
1029333963
1070672540
1076050685
1081016409
1195326101
1198470021
1218333766
1289664025
1483796110
1313964779
1338100149
1339158330
1372532626
1385057060
1411662248
1422505692
1416508844
1429214034
1489037432
1494680018
1499164732
1499225900
1500004966
1502463160
1503313631
1506490879
1507113820
1542730095
1010754571
1081861111
1109810467
1110567035
1279329660
1154540899
1157098520
1160865943
1187894883
1253984352
1342566823
1345420175
1350186261
1355398404
1383866293
1383869172
1411647958
1433667870
1434639108
1454244355
1467546060
1471888781
1433667870
1434639108
1454244355
1467546060
1471888781
1470381266
1470941112
1476648430
1482577345
1487675026
1489487981
1498977156
1498983983
1499901534
1501251389
1502255203
1503490851
1508492259
1531993546
1539020005
1541851473
1545329847
1019277059
1141033919
1154519403
1165152587
1188630423
1215571499
1218285927
1243046708
1258533869
1289036799
1295228007
1314095190
1398213145
1408860570
1408801088
1418100068
1471880459
1445136670
1453571691
1459707387
1482405878
1499154407
1502273424
1503201288
1523085794
1532355128
1532367432
1022570732
1031658405
1070676266
1077647001
1156854629
1084733636
1100596766
1117465825
1131175229
1133171441
1155101445
1157105198
1220423703
1220166955
1222668302
1247241583
1252536665
1289660085
1308832502
1471842116
1384059655
1384542324
1413309836
1422435721
1416287403
1429230373
1433278144
1433903546
1450349347
1450512324
1470361794
1471589216
1472386482
1482364859
1482482090
1494386296
1499850991
1500002834
1504641883
1505119731
1512413036
1541850235
1014739593
1022620282
1031447339
1028583473
1065899504
1075266219
1110781152
1164208830
1263691751
1223835109
1231867954
1242751244
1245634051
1247477977
1247479571
1265240521
1283484724
1314061015
1314491318
1377320553
1384147467
1400309927
1429305448
1436932100
1448106308
1471887334
1450504580
1450508610
1461058158
1488581368
1508100166
1511275344
1528194074
1530711691
1531935615
1015634339
1016120085
1019510062
1022983698
1065894744
1131448825
1136620737
1160634334
1165057915
1166032248
1166839634
1194247650
1212439726
1237034364
1364945703
1422113555
1421242296
1411653903
1412837603
1413660964
1471882743
1433177259
1459743739
1487892112
1490488905
1498683309
1499211043
1499905178
1500364695
1500447769
1504735530
1507138976
1507575018
1513629444
1528264207
1540282963
1541625551
1023035626
1069619116
1031714119
1037675666
1037844433
1038506406
1040714309
1042346327
1044845943
1507315266
1062317091
1074618436
1095498260
1279382375
1194146724
1194173859
1255869535
1247985231
1211600148
1247478644
1251080173
1253995852
1294990203
1471838283
1339194814
1348175308
1359483694
1364673100
1374422806
1382999825
1383795335
1384118119
1385675430
1396843953
1405813294
1406977880
1408649093
1408710232
1411107591
1414765267
1416272602
1471875200
1434422786
1435369363
1441953527
1444413677
1449128090
1460862390
1461056559
1470435172
1470474427
1474175734
1485783085
1486803785
1487683522
1488628840
1490011888
1492610470
1495783518
1499021342
1499881821
1499968797
1503607583
1507219309
1507869739
1508430165
1509629525
1509638193
1510600568
1510796348
1528207244
1530948493
1531824127
1532408988
1532475101
1539795101
1539810201
1539795101
1539810201
1540187432
1545464809
1023395277
1030552854
1136192672
1136405485
1141119088
1151109378
1163908790
1166855488
1183618192
1242845973
1244165932
1284544222
1289622847
1309994842
1314190617
1350256270
1364806636
1364934729
1374504763
1382617862
1384667774
1405819450
1410149104
1414959786
1459667883
1467536437
1470483293
1476722006
1482948506
1488189646
1494146821
1500207465
1500448879
1501246400
1502048093
1535286020
1537982702
1539155243
1541780885
1541948906
1545466703
1028582403
1032287247
1153864800
1155038187
1171456732
1193866345
1190787994
1252598531
1311375249
1332409618
1345304764
1364750747
1383270161
1410107398
1414734333
1449970557
1470354282
1475491915
1487686248
1489515717
1495803759
1503211351
1506012586
1531842039
1539807897
1540124231
1542695393
1006402306
1012064733
1028585485
1029211983
1030552757
1031509855
1441446413
1075011753
1172381063
1228787128
1238112213
1246573309
1314098530
1354979098
1364796972
1372517171
1382603875
1383851729
1392401960
1408803713
1412399560
1426622733
1428943243
1429240644
1433636988
1434446200
1439977377
1458146816
1458908164
1470407457
1471834161
1474480455
1475454993
1481062352
1483947875
1484017192
1486069516
1487277389
1495997255
1499026085
1500415178
1502712318
1503537345
1503614514
1505200866
1506689475
1507131586
1508111643
1511162729
1515338136
1540615821
1545441385
1006520321
1015416102
1015415421
1015612321
1019276650
1025316105
1031081113
1031223339
1037654281
1043047236
1044869106
1070670865
1474075072
1066935976
1066944226
1507318215
1075061625
1075214198
1075236679
1076074151
1076077961
1076210312
1102183224
1123114709
1123545823
1126918457
1128426241
1130530058
1507318093
1135666712
1138955636
1279213414
1165114135
1165131245
1251601029
1190318921
1195511560
1205426097
1218056976
1242626187
1245118966
1247111458
1252852089
1271580228
1395938163
1296764282
1301811394
1314986585
1315048257
1349535345
1349598336
1354881902
1355739227
1364166000
1364654888
1364767974
1364166000
1364654888
1364767974
1378658490
1384951616
1385686444
1387095549
1405842202
1408852588
1412790850
1422506265
1414740649
1416438317
1441223071
1417606468
1418869633
1439971993
1445851023
1458956031
1462158591
1466696261
1470287930
1470297860
1470357019
1470374888
1473667377
1475799525
1483796949
1485817516
1488526895
1493115682
1494040229
1495950964
1499192625
1499936972
1499939913
1504692746
1505067759
1508267189
1508406220
1522543445
1528291586
1530935307
1531218807
1531266122
1535121087
1539802922
1541855855
1541782975
1545100745
1545442779
1038521316
1015415821
1016132351
1017932244
1019276297
1019830968
1507307950
1022552052
1022622955
1042842034
1069602892
1049303739
1069271422
1068644612
1057179109
1058891363
1401604318
1062342638
1143661067
1072632209
1079571218
1082689589
1093725887
1101444854
1103489990
1108303488
1279394606
1279331716
1124386295
1125419556
1129404710
1471838261
1133394026
1135694873
1136304813
1153494253
1187890007
1251661059
1191345162
1196611518
1204333743
1205467926
1205504939
1207584337
1211620954
1214329959
1218367048
1221888493
1228725610
1229088607
1229451822
1229453006
1237064251
1242773490
1244274407
1245060102
1245101563
1253971011
1287711229
1289123924
1295098834
1298731749
1303756505
1310491615
1352994259
1335067377
1338984882
1351536036
1354315551
1335067377
1338984882
1351536036
1354315551
1354357091
1354919784
1354967290
1355751768
1357603888
1357682870
1364840027
1372537284
1373960269
1374065882
1374339583
1377138579
1378004961
1379594748
1385228462
1385229626
1387119262
1400274331
1407401893
1410131063
1408835841
1409111933
1410114453
1413393051
1413706989
1416235879
1416301413
1416595915
1420004589
1422398053
1429302773
1429672251
1430065610
1430777466
1432885798
1433683280
1434337078
1434351444
1434427849
1459571139
1461171122
1471903676
1470227022
1470272898
1470305681
1470384992
1470403892
1470432151
1470458270
1470839954
1473578508
1473882810
1473880778
1475226271
1475616246
1476569482
1482927367
1483747621
1485976538
1486617560
1487272682
1487643441
1487888418
1488399107
1489230712
1489365158
1489367497
1489613819
1489993683
1489994325
1490000644
1490485256
1492529709
1494886300
1495867656
1499961632
1499990453
1500478806
1502639911
1503323055
1503462928
1505319985
1505714587
1505727316
1507219801
1507908724
1508961791
1509744548
1509940419
1510710206
1513657367
1519114066
1530925162
1531810615
1533026324
1533076686
1533116361
1535708516
1536241449
1537995538
1537999795
1539131201
1539142017
1540102725
1540573367
1541471099
1541834939
1542624311
1545028171
1545443737
1545449795
1019280007
1023056413
1031446493
1031584441
1031591414
1068607329
1068288552
1058810592
1072734521
1533004174
1074616142
1081706886
1081903640
1086648747
1098799583
1103421283
1107210104
1128348892
1133188831
1166844323
1194038180
1196597614
1196804868
1253584268
1250994991
1296996695
1342945566
1349621612
1402952742
1351246749
1353775416
1358132760
1359556244
1364782937
1366416982
1372522567
1377204546
1387048183
1391115791
1409219281
1421259247
1413706902
1415194807
1422238040
1422408180
1423230467
1427418775
1429203169
1450464033
1459542144
1459714262
1462215814
1473356353
1474536302
1481649125
1484017096
1486397108
1489368954
1495993746
1498848751
1499106686
1499878048
1499938223
1499949437
1508290374
1502335075
1504619784
1507904047
1508214168
1513622645
1522497007
1524448578
1531175928
1531653378
1541851057
1541908028
1542653725
1545468349
1020050030
1022607135
1023036635
1069938969
1067772705
1069619117
1031692662
1041969330
1043120217
1045357921
1058559493
1086113165
1086114511
1279384754
1132668028
1138986742
1141649392
1195396924
1208622923
1218312354
1221160025
1229101561
1249922974
1250430738
1252386069
1265278896
1282109813
1288158864
1293916731
1299802725
1300130039
1340490797
1345342545
1349645429
1358013686
1374372768
1385711728
1471880478
1449110711
1450422700
1457425431
1470436681
1476379573
1482715798
1485241588
1488680500
1489999255
1513622645
1522497007
1524448578
1531175928
1531653378
1541851057
1541908028
1542653725
1020050030
1022607135
1023036635
1069938969
1067772705
1066800224
1031692662
1041969330
1043120217
1045357921
1058559493
1086113165
1086114511
1279384754
1132668028
1138986742
1141649392
1195064371
1195396924
1208622923
1218312354
1221160025
1229101561
1249922974
1250430738
1252386069
1265278896
1282109813
1288158864
1293916731
1299802725
1300130039
1340490797
1345342545
1349645429
1358013686
1374372768
1385711728
1471880478
1449110711
1450422700
1457425431
1470436681
1476379573
1482715798
1485241588
1488680500
1489999255
1499862671
1499980468
1502409751
1503699357
1506133892
1508452653
1531575594
1533016937
1534817036
1541860242
1540154484
1541548567
1541643636
1545446636
1003297186
1015830781
1014729650
1022573857
1023004785
1024646418
1028431799
1029210914
1030908703
1031067865
1069924901
1069972034
1069967805
1031563037
1031599893
1031650426
1068190196
1038685080
1041358511
1069592795
1069601283
1050390867
1068654859
1401563237
1401570380
1059787016
1401602270
1065879434
1293782503
1073957524
1075205302
1076060867
1081102202
1081973154
1093734379
1094390579
1279675299
1113644401
1122610310
1131116700
1131374803
1139294722
1140950973
1141633893
1155282735
1157094067
1157152025
1163734681
1163862588
1165137514
1171453962
1174536725
1251658852
1255992505
1255949798
1205377117
1209743320
1212535636
1218263814
1229452598
1240409497
1243741649
1244398993
1245406775
1247478669
1247479963
1249924903
1249926610
1252424194
1254359253
1287991306
1293699428
1294658088
1296570168
1296940809
1296968173
1297056937
1305959280
1308918014
1309977310
1312770346
1314229274
1314438064
1317299759
1317738159
1331827605
1334865767
1339411525
1340577771
1340862124
1354297795
1359546767
1374092549
1374496878
1377236129
1383846422
1384555158
1384629506
1385680343
1396759458
1412443254
1415405451
1471843681
1441218610
1417524943
1423152189
1471880465
1434443044
1434488886
1438502029
1441218610
1417524943
1423152189
1471880465
1434443044
1434488886
1438502029
1446035686
1448112200
1450371708
1471888815
1460916466
1461028915
1462018681
1462031723
1518563752
1462592530
1463970725
1470303474
1470366151
1470415245
1470814762
1471595811
1473339476
1479530563
1480727505
1482384606
1482822462
1485436536
1485468168
1485809205
1486362504
1487275373
1489355826
1489369130
1492590288
1492591488
1497245280
1497420138
1499216091
1499889037
1500357937
1500429852
1500454899
1502026130
1502269386
1502297653
1504875016
1505959421
1506302053
1507875533
1510947707
1509607414
1509615191
1509619685
1509950747
1511214409
1513972764
1517104726
1518810104
1519283384
1519301044
1528229244
1528252865
1528306767
1531759591
1532555727
1533001972
1533143563
1533191336
1533216055
1534802382
1538000769
1538431154
1539040249
1540018335
1540023951
1541853881
1541854138
1541843994
1542515247
1542677856
1542777843
1545449080
1545467856
1038521689
1015416126
1015415682
1015414839
1015545378
1015513978
1015635367
1022612041
1023011798
1023035860
1023047311
1023047146
1023420340
1028485445
1028506650
1031071174
1031178115
1031564724
1031668879
1031716824
1042292508
1042389175
1042390742
1042424253
1042865013
1045336072
1069219357
1068621517
1057184414
1067618816
1067586158
1058813144
1401577965
1401728536
1401639451
1081985949
1093752523
1094433986
1279316410
1129359236
1483784615
1129705900
1132150793
1132372699
1132385203
1134537802
1135686546
1135700941
1136132491
1136196094
1136221981
1136249902
1136394696
1136525167
1154656536
1155253200
1157200083
1158137557
1170031831
1255995258
1189923706
1251589979
1192192585
1194133775
1194197403
1255765370
1196813995
1196966717
1207755034
1211527853
1212272302
1214405342
1214429523
1218317938
1229075227
1229452965
1230944394
1236149513
1242706879
1242987927
1245389694
1247479624
1249920875
1254004854
1254125644
1254388705
1263596748
1274993839
1278130126
1278577348
1293361919
1298213901
1306412558
1311345694
1312755190
1278577348
1293361919
1298213901
1306412558
1311345694
1312755190
1312785574
1331816535
1331848839
1351632958
1355727930
1357901137
1359721357
1364958679
1366130095
1366460447
1372528658
1374082859
1376653696
1377153282
1377169415
1384018105
1384912814
1385213310
1392320373
1392379233
1393347225
1393514518
1397355193
1408801000
1408205565
1410143905
1408414564
1408894809
1408727181
1408792845
1409129598
1411108431
1411106912
1411459415
1411524576
1411583804
1422506074
1422439840
1414797885
1416576859
1416710728
1420002553
1420020347
1423810449
1424633224
1425867072
1429219534
1431792437
1434341168
1434436938
1438810276
1439965843
1444554023
1450600048
1458150238
1458925570
1459076692
1533008042
1461096274
1463367876
1470304140
1470408802
1470938092
1473883481
1473878918
1473887121
1474228404
1477779085
1480366381
1481201737
1481908528
1481943478
1482376812
1482557720
1482666007
1483472306
1485283668
1485458347
1485812017
1485812784
1486355456
1486379942
1486405646
1487275172
1487892102
1487895876
1488510946
1489365813
1489368964
1489508728
1489996885
1490488195
1492588424
1492591462
1494391230
1496070188
1496283468
1497234104
1498956681
1499095748
1499944873
1500007012
1502599514
1503641025
1504432684
1504864748
1505228470
1506219689
1508313214
1508471850
1509813336
1509829481
1509902491
1513623708
1514216016
1517603738
1523809866
1524447330
1531859055
1532622918
1533008235
1533100104
1534801862
1534802677
1535020462
1535791492
1538382175
1541860342
1539116495
1539802340
1539840782
1539857314
1541856075
1541486063
1541715873
1545099108
1121429021
1015561443
1015638979
1507321084
1022532091
1031661011
1031679054
1031722923
1034778679
1042406612
1401583733
1071705905
1078328420
1093775953
1094579862
1095349476
1096796686
1102342474
1131440902
1134500915
1135708505
1136264322
1140949215
1160541952
1160639689
1165157083
1255940358
1229048148
1245014403
1245470898
1249920251
1252663662
1286949729
1308648912
1314333555
1331813116
1332280506
1347687014
1353098129
1354908947
1355410586
1355715120
1383856678
1385000195
1385221129
1392547357
1423910502
1393425218
1393526862
1405880729
1412748608
1416082020
1417147662
1417253197
1422284914
1427899836
1429651710
1443162360
1446758838
1449137719
1471891734
1458139418
1470369464
1473959896
1474289967
1474630563
1476249991
1477296008
1485067571
1485129022
1485279959
1485462823
1485465847
1485468251
1485807611
1489509127
1489992719
1489996063
1497385672
1498556177
1498948561
1500407594
1500474664
1502140204
1504450195
1505430821
1508696176
1510807686
1513628605
1523320365
1530894678
1532563601
1534800910
1534891347
1537992519
1540200967
1542766378
1025656172
1041377405
1069596862
1069586586
1058887383
1061271888
1062315603
1067679354
1068149374
1068262299
1075245883
1086121053
1100160384
1109766421
1124424401
1131327022
1141565774
1143628224
1163752328
1174728942
1251602821
1194251177
1255798153
1205539401
1242738255
1247125093
1249920409
1249920696
1289571383
1296137702
1296837738
1299638129
1314015069
1314961355
1317289767
1333788478
1354864737
1383981679
1411129515
1443492227
1414888286
1416220308
1457123518
1461052568
1473915446
1473075229
1475400982
1475563391
1476126956
1487272657
1490482747
1498938968
1503584875
1503626674
1503927200
1508228883
1509829623
1520192742
1532484287
1540608273
1015597131
1016091858
1019006263
1019961899
1022536201
1022559845
1483805377
1031601836
1043105228
1069534854
1069594608
1068278467
1068602286
1075067567
1135746013
1136580265
1157107900
1157152141
1251606282
1190722739
1192390864
1255815554
1199645251
1214379533
1250434834
1311491214
1314953142
1336100635
1354893754
1364829114
1365981185
1366143059
1376777383
1384596470
1390202298
1400655962
1536844797
1412427627
1414907067
1419339667
1440743885
1444483745
1450488699
1459676387
1459704597
1467544907
1459891783
1461046952
1462268089
1473883075
1474337592
1474489214
1481232262
1481983570
1485462780
1489362326
1494446124
1494562946
1497251736
1497409640
1498900999
1494562946
1497251736
1497409640
1498900999
1499983617
1500370687
1502689599
1503665699
1504929614
1505916667
1508028624
1509876273
1509923575
1510879137
1513857244
1518827984
1528182561
1528222960
1529622222
1531279587
1534817564
1537991747
1538990973
1541774813
1542457386
1015415239
1015413481
1015413100
1157258448
1015596868
1022594210
1023010141
1023011221
1029250380
1031431549
1031680388
1044881817
1069523296
1069145741
1069140076
1050350343
1064789165
1067446878
1068114970
1533003836
1077593235
1081724607
1110496636
1128655094
1138926899
1139022229
1163856429
1165180489
1251588520
1251604932
1243829555
1247478565
1247479938
1249925561
1249927504
1292807366
1293324543
1294752403
1296271519
1355955733
1348177207
1357993138
1366113678
1366121423
1374389274
1383877645
1385709530
1391200634
1393370279
1416234282
1417560256
1429235072
1434324480
1459529669
1461043865
1461101886
1462123096
1463952279
1486603619
1487276446
1492592782
1498842617
1502954113
1504426367
1505763204
1507963453
1508022244
1509634949
1509811577
1510899555
1538512351
1541855402
1006515837
1038499262
1441429253
1015830780
1014142552
1014575038
1015532470
1015542239
1015551765
1015557217
1015558917
1015559215
1015652350
1018782864
1019278062
1022548152
1022587153
1022987245
1023035921
1023036242
1023046168
1023406577
1023429934
1483805723
1030911639
1069933716
1069937256
1069945522
1068148251
1069915668
1031568887
1031649694
1031656868
1031663960
1031699477
1031700661
1031702937
1031704828
1031720860
1037918307
1038025131
1042434736
1045348150
1069235949
1069178596
1069142471
1050243136
1058575075
1058884756
1058904765
1401593391
1062323868
1401634833
1401657782
1068248866
1068599737
1068703088
1533003725
1422197294
1073790752
1075087795
1075211253
1075284864
1076051370
1076073103
1077352629
1079593765
1084593763
1093702930
1093759312
1094350982
1094396850
1096256435
1100880236
1296740314
1279677018
1112748437
1415050713
1113542616
1113849461
1116579616
1121095467
1123092094
1127417027
1130119964
1130125674
1130133870
1130153536
1130514760
1132199500
1132404943
1132840285
1135625488
1135716936
1135762717
1135768703
1136374715
1136507978
1136548162
1136633155
1139306728
1141542737
1147935038
1155264286
1157090300
1279219145
1160522168
1163746537
1251662052
1251644278
1251597870
1251593158
1190536534
1194195141
1255848767
1255887848
1255972232
1196574889
1196810788
1202546242
1207742529
1214389300
1218401469
1221623037
1222080031
1222682223
1228797945
1229453156
1239077359
1245096318
1247097489
1247477114
1247478446
1247478506
1249924404
1249926234
1251021359
1254079467
1264949388
1270324987
1276752196
1278168038
1287935619
1289586210
1289609049
1291083657
1293334978
1293372515
1293384267
1293406927
1294691377
1296585172
1295248144
1296188296
1296614915
1299575544
1299623990
1300256580
1308543894
1309034311
1310076156
1310126133
1317311021
1324542636
1331808661
1331834550
1332043412
1338133390
1339242002
1345416027
1343424783
1343443602
1348224857
1348228742
1353159884
1357640409
1357859810
1359608416
1360163914
1364985156
1366350184
1366498300
1366510809
1371722524
1372542722
1373975377
1374264444
1374504791
1377144023
1378995886
1379003867
1384646001
1385659584
1385719014
1391369111
1423872513
1393555254
1400246209
1400794793
1405858653
1406821725
1406990530
1408839416
1409697542
1410140263
1408573482
1408816625
1409203464
1409234922
1413531127
1422437262
1414859047
1414994952
1415339767
1416092604
1416200696
1425026698
1471845329
1471875190
1417142698
1417210734
1420124097
1422251493
1422323900
1422520757
1423553374
1423826652
1423937406
1427438865
1429523320
1428937166
1429258723
1429627319
1429637215
1429660923
1431765692
1431779181
1471883824
1433755422
1434456107
1434571233
1434622006
1439569246
1442101648
1444144743
1446046665
1448114311
1450541458
1452496060
1458161984
1459111137
1459427120
1459479228
1459505239
1459659127
1460664650
1461033325
1461058970
1461066963
1461112166
1461622475
1462039959
1463764402
1463969630
1466713581
1470277309
1470290001
1470399685
1470817115
1471536805
1472172421
1472173385
1472353509
1473343279
1474480798
1474919603
1476375096
1480530831
1480662097
1481422561
1484007043
1484027541
1485328314
1485460299
1485463478
1485465776
1485813659
1485814689
1485832055
1486416894
1486582250
1487275143
1487276773
1487629401
1487895655
1487895866
1489265120
1489359322
1489993304
1490488977
1491314768
1496033563
1497248792
1498850236
1498925547
1499127456
1499923549
1499930214
1499951131
1500996931
1500992120
1501982032
1502394678
1503311657
1503327684
1503737202
1503905119
1505701169
1505737021
1508341271
1508558780
1508701495
1509532521
1509859395
1509892889
1511150759
1512676574
1514357735
1514563394
1515132168
1519039926
1520145548
1528297460
1529494300
1530451392
1530462868
1530839291
1530914128
1531491580
1531789262
1532485514
1532495294
1532594214
1534817996
1536404603
1536597408
1536833761
1537739540
1537986498
1537991449
1537996039
1538002654
1538973642
1539799673
1539886864
1539913360
1540110372
1540136753
1540153588
1540190030
1540200955
1540317329
1540636767
1541724143
1541752315
1541811603
1541957617
1542597699
1542660289
1542672063
1545098177
1545339177
1545435971
1545450065
1545451673
1545454538
1022589803
1061916173
1069525765
1050314744
1050994143
1401610255
1066324443
1067468077
1075218426
1075239882
1076074973
1124395692
1132179602
1140039942
1157102172
1163656597
1251635757
1204248707
1207745420
1218388961
1229451727
1229452883
1229453759
1230945595
1276958670
1247530454
1249924774
1249926540
1278721379
1296375029
1306437925
1317314410
1332238130
1359525346
1359754597
1364866327
1364963605
1372560525
1384771292
1384936237
1385662884
1385694321
1408876483
1411526001
1413822420
1413877562
1415950800
1416231596
1416582116
1423146399
1429311532
1461098103
1470427516
1473699225
1473948016
1473959746
1485455292
1487277378
1487279139
1488604617
1488626179
1489997383
1492593140
1497251953
1498530478
1500147986
1500989816
1498530478
1500147986
1500989816
1502313534
1502418538
1503661133
1505194767
1505692075
1509799168
1510350453
1513621384
1532587783
1536834234
1542497603
1542666064
1021204998
1218409745
1003416415
1025612552
1015415947
1015416151
1015415192
1015415430
1015413755
1015029152
1015640663
1015642375
1016085994
1016122150
1016124393
1016330511
1016824765
1016824970
1016827278
1017805973
1017867746
1017945644
1017983808
1019484577
1019486969
1019495556
1019496175
1019505377
1019506893
1019557023
1019904931
1019910665
1019919541
1019928134
1019960219
1019975730
1038584331
1021174994
1022531375
1022541725
1022557302
1022564637
1022606939
1022612265
1022617015
1023009660
1023013037
1023013509
1023035889
1023049207
1023425915
1023432984
1023437374
1024628434
1024632709
1206284595
1025283121
1031443357
1031443727
1031448511
1031448107
1031447406
1027296778
1028146684
1028366339
1028453555
1029087703
1029087939
1029088121
1029223746
1029360851
1029568162
1053970485
1029604405
1031077834
1031087106
1031197780
1031198706
1031219009
1031220950
1031222818
1031265313
1069929425
1069931199
1069949146
1066852118
1031579200
1031589193
1031594350
1031597031
1031648916
1031651802
1031655617
1031658145
1031659320
1031667903
1031675446
1031675835
1031679210
1031681295
1031690172
1031690965
1031693514
1031694186
1031694958
1031697168
1031697980
1031705767
1031706688
1031708960
1031710400
1031711386
1031712715
1031721857
1031723918
1031726983
1031737076
1192564755
1070089261
1035417832
1035433190
1036393653
1035511161
1035511866
1036392249
1035518407
1037645504
1037672524
1037799381
1037805348
1037813061
1037818946
1037911037
1037942429
1038021012
1038028132
1038031753
1038681788
1040707263
1040722538
1041347202
1041371041
1041372178
1041947541
1041973138
1041975374
1042332157
1042347099
1042360162
1042402131
1042404152
1042408639
1042417565
1042421005
1042496865
1042498798
1068748463
1042847123
1042853065
1042869008
1042997770
1043027450
1043058802
1043099641
1043111171
1043027450
1043058802
1043099641
1043111171
1043119358
1043139290
1043400006
1070647888
1044748098
1044836469
1044839777
1045352084
1047538361
1069599069
1069591119
1069583732
1069578983
1069574852
1069603895
1069521086
1069519214
1048748743
1069486243
1069267612
1069241138
1069159944
1069171279
1069150069
1068709671
1050235659
1050268448
1050311323
1050321383
1050337136
1050339546
1050347727
1050352876
1050355724
1050358770
1050364853
1050370666
1050376328
1050382939
1050386623
1050835126
1050840209
1050844955
1050864218
1052346100
1053590431
1068666721
1068663082
1068658802
1068648884
1068641868
1068637847
1068634412
1068630791
1068624865
1068619289
1057176729
1068290940
1067628285
1067616334
1067602288
1058496731
1058564988
1058641118
1058644457
1058647528
1058650730
1058790360
1058801858
1058808039
1058809844
1058811692
1058812480
1058882321
1058901671
1058910715
1063135754
1059254076
1059257196
1059262135
1059350855
1059373817
1401575639
1401586831
1401591996
1062297081
1062301507
1062302722
1062304877
1062306570
1062320819
1062325179
1062329487
1062338530
1062490123
1062490587
1401612450
1401618760
1401646656
1401647838
1401648515
1401650880
1401651206
1401655613
1073410323
1401663077
1066863507
1066898701
1066905060
1066918820
1066972700
1066995237
1067000277
1067006183
1067435562
1067438065
1067441309
1067454974
1067475214
1067492034
1067500359
1067512437
1067522888
1067528435
1067533430
1070891997
1067625426
1067628673
1067683355
1067687852
1067694916
1068128912
1068134117
1068147471
1068151397
1068154449
1068236685
1068256232
1068273874
1068611347
1068592174
1068593087
1068594162
1068595151
1068717456
1069144806
1070079426
1070717600
1473628009
1073785294
1073788297
1073793438
1073950284
1073951421
1073955154
1073956478
1073959904
1073960653
1074630658
1075090245
1077359220
1077361452
1546299999
1079562097
1081809167
1082188211
1082613111
1082658090
1086063489
1088235071
1093674535
1093790940
1094414525
1095396589
1095436463
1095520720
1109792956
1109832124
1110570690
1113860423
1113904998
1113967761
1279371678
1279333176
1115820365
1279321182
1279320308
1118744247
1121092713
1121097879
1123993597
1124374348
1125431787
1125472607
1125477977
1127549921
1128514392
1128533432
1128785801
1129430988
1132079344
1132097451
1132106456
1132123004
1132191177
1133175155
1133178581
1133180513
1133182296
1133186804
1133193101
1133194173
1133214865
1133228394
1133237904
1133249412
1133294428
1133504286
1133599660
1133638411
1133664717
1133673790
1133692166
1134506881
1134557675
1135629818
1135671864
1135679120
1135681754
1135690313
1135703878
1135766522
1136133798
1136144225
1136181887
1136185397
1136199170
1136204391
1136207877
1136209836
1136216129
1136226548
1136255039
1136259141
1136279199
1136283347
1136286809
1136508105
1136508696
1136552101
1136559334
1136562727
1136587968
1139406248
1140854823
1140949115
1141079733
1141094944
1141109544
1141525709
1141615687
1145228631
1149346919
1215273853
1163849360
1163894687
1165201079
1170021505
1174491237
1174513170
1174925137
1178141670
1178169196
1178181442
1251658854
1251644316
1251647044
1251657084
1251647120
1251662110
1188715876
1189435122
1189447390
1189762745
1189921266
1251584307
1190006613
1190018468
1251584486
1190393330
1251592663
1251602623
1190792628
1190915607
1192688298
1193556913
1190393330
1251592663
1251602623
1190792628
1190915607
1192688298
1193556913
1255830621
1193716494
1193803911
1193990713
1194065742
1194079820
1194093512
1194099384
1194106103
1194136890
1194159118
1194187934
1194385805
1255836882
1255861525
1255879069
1256204409
1255930636
1255943451
1255946849
1255951224
1255955399
1255957731
1255958786
1255966479
1255975045
1255978514
1255784944
1255790683
1255802123
1255808208
1195080727
1195101296
1195169823
1195311954
1195376287
1195409711
1205974067
1205493704
1205513414
1205553524
1205624422
1205728446
1207608617
1208571487
1211314151
1211349381
1211361418
1211506976
1211543245
1211572138
1211646252
1212367766
1212397012
1212479121
1214399131
1218211522
1218270738
1218304834
1218322537
1218947895
1219709088
1219747995
1219759643
1221169495
1223809219
1228607262
1229449023
1229452005
1229452978
1229453768
1230945192
1230945620
1236157478
1237097872
1242365712
1243026648
1548268001
1245027664
1245179355
1247088326
1247102935
1247477027
1247477480
1247477961
1247478183
1247478294
1247478525
1247479135
1247479114
1247479155
1247479656
1247749939
1247862183
1249509223
1249918089
1249918673
1249919408
1249920289
1249922488
1249922851
1249924266
1260482632
1264807630
1264815580
1264960222
1264968959
1264986339
1265192084
1282864555
1283687126
1284520670
1289023322
1289051619
1289638517
1289674161
1293330399
1293343749
1293352605
1293357779
1293381006
1293389809
1293398077
1293430120
1293437979
1293716172
1293725969
1293743199
1293790916
1294629620
1294640458
1294674895
1294714920
1294742425
1294955257
1296621221
1294994480
1295061469
1296618977
1296618045
1295116760
1296610397
1296609343
1296606730
1296602685
1296599549
1295238579
1296597549
1296586488
1296583182
1296582346
1296577355
1296558965
1296126263
1296145143
1296152232
1296171486
1296198361
1296234739
1296288740
1296332862
1296349014
1296361489
1296600122
1296638935
1296664941
1296785960
1296902524
1296905840
1296919591
1298934051
1299603931
1299616361
1300104366
1300118095
1300146108
1303704618
1303710667
1303732135
1303802090
1305942213
1306381091
1306477753
1307494698
1309971568
1310187065
1311208327
1311258976
1311351248
1311381945
1311450277
1312741408
1312830242
1313972637
1314012084
1314021396
1314091884
1314441677
1314521959
1314524223
1314527508
1314532733
1314536335
1422903336
1314540518
1314545903
1316704569
1317284526
1331286240
1331803522
1332242168
1332292978
1332385497
1337845692
1338127176
1339216234
1339371822
1339425447
1343089872
1345458792
1345418476
1345421360
1345421416
1345414153
1343442852
1348233345
1348239717
1349554070
1349609255
1349631876
1351741164
1352075081
1352801018
1349609255
1349631876
1351741164
1352075081
1352801018
1352811857
1354334036
1354938324
1354962538
1355719864
1355776097
1358088776
1359770317
1364877543
1366152188
1367875224
1371686905
1372531082
1372539847
1373854254
1374024305
1374209076
1374504433
1376767626
1377164467
1377260324
1383987472
1384095330
1385688828
1385704363
1385711650
1391134277
1391154061
1392333189
1392343856
1392353570
1392395603
1393076976
1393147848
1393330254
1393385290
1396744098
1398411586
1400323723
1400454125
1400483785
1400494346
1400516962
1400527052
1400535953
1400675229
1400690965
1400736097
1400754463
1400780936
1405803713
1405811052
1405855385
1405866142
1422901530
1421568743
1422906950
1422216547
1422246235
1422266378
1422276582
1422297067
1422304448
1422313723
1422355084
1422457085
1422533687
1422568964
1423114118
1423122550
1423127187
1423136432
1423157007
1423183172
1423215720
1423620959
1423677727
1423715337
1423813824
1423821298
1425953441
1426319365
1427452251
1427852410
1427906732
1427859276
1427866701
1427868519
1427899448
1428929368
1429175472
1429195619
1429222513
1429250997
1429252385
1429263852
1429290132
1429302371
1429302794
1429311553
1429311559
1429632825
1429642677
1429646128
1429700522
1429716964
1431555546
1431647757
1433654040
1433779749
1433973233
1434288943
1434298663
1434320737
1434329710
1416342987
1416352342
1416686737
1416722570
1416728959
1417428328
1417760256
1417808178
1417847259
1417995347
1418008881
1418010083
1418018056
1418064443
1419988066
1420009904
1420093501
1420108987
1420115923
1420158128
1420185601
1420191063
1420193993
1420200306
1420218057
1420268873
1421568743
1422906950
1422216547
1422246235
1422266378
1422276582
1422297067
1422304448
1422313723
1422355084
1422457085
1422533687
1422568964
1423114118
1423122550
1423127187
1423136432
1423157007
1423183172
1423215720
1423620959
1423677727
1423715337
1423813824
1423821298
1425953441
1426319365
1427445640
1427452251
1427852410
1427906732
1427859276
1427866701
1427868519
1427899448
1428929368
1429175472
1429195619
1429222513
1429250997
1429252385
1429263852
1429290132
1429302371
1429302794
1429311553
1429311559
1429632825
1429642677
1429646128
1429700522
1429716964
1431555546
1431647757
1433529047
1433654040
1433779749
1433973233
1434288943
1434298663
1434320737
1434329710
1434495003
1434647980
1435252346
1439933804
1439988002
1442872476
1443553568
1443556750
1542489323
1463598268
1447678237
1448116786
1471886788
1450287855
1450318911
1450333886
1450334391
1450389218
1454109655
1454962184
1459494603
1459513397
1459708038
1460426175
1460445289
1460668720
1460865494
1460869469
1460872209
1461020967
1461027050
1461028957
1461032978
1461036644
1461037688
1461045802
1461049514
1461051037
1461065982
1461067816
1461089907
1461098919
1461104946
1461106137
1461107224
1461111695
1462020967
1462021609
1462230550
1462560040
1463385143
1463961350
1468747376
1470292889
1470358824
1470412888
1470420828
1471599016
1471618242
1471843500
1473316187
1473882328
1473882953
1473729509
1473882357
1473893498
1474113611
1474491524
1474964219
1475064965
1475089268
1475770695
1476067760
1476143677
1476168871
1477629788
1477876174
1480625914
1480705884
1481233677
1481243886
1481292907
1481296683
1482695169
1482714877
1482854907
1482937429
1483747411
1483995334
1483994638
1484079195
1484703625
1483994638
1484079195
1484703625
1484932452
1485075134
1485139450
1485213292
1485312750
1485433802
1485439858
1485443041
1485458398
1485458569
1485460098
1485460377
1485460506
1485462128
1485462155
1485462184
1485462813
1485463249
1485463853
1485463971
1485465154
1485465455
1485466629
1485466749
1485523325
1485547698
1485581656
1485808623
1485817506
1485818412
1486315852
1486318160
1486328835
1486333368
1486605258
1487015828
1487271326
1487274908
1487275162
1487275187
1487276427
1487276519
1487276799
1487278240
1487279002
1487279355
1487279650
1487279743
1487279861
1487852721
1487888323
1487891628
1487893602
1487893695
1487893705
1487896179
1487897343
1488010662
1488088069
1488461976
1488629137
1488620005
1488624289
1488625972
1489186039
1489361728
1489361824
1489362090
1489992709
1489995324
1489997116
1490001151
1490001647
1490002334
1490485632
1490475704
1490478999
1490479485
1490479628
1490479798
1490479916
1490483436
1490483586
1490483823
1490484390
1490484451
1490489255
1492594330
1492591301
1492591741
1492591974
1492593581
1494189540
1494199405
1494211357
1494275524
1494281387
1495748786
1496042414
1496314198
1497240419
1497241282
1497242985
1497244184
1497245086
1497245267
1497245381
1497249645
1497383197
1497383626
1497384361
1497386558
1497918891
1498840219
1498842350
1498843769
1498843812
1498848813
1499205709
1499225901
1499235419
1499303751
1499872636
1499915337
1499939272
1499939287
1499939313
1499945781
1499946906
1499949778
1499972693
1499992663
1500004441
1500010897
1500195439
1500989622
1500996636
1500994252
1501222349
1501941155
1502010358
1502485456
1502595748
1502724672
1502978946
1503176978
1503207210
1503263152
1503277960
1503313630
1503339190
1503356326
1503529654
1503576848
1503686207
1503717438
1503846799
1503892968
1503916453
1503939575
1503951652
1504409911
1504415704
1504423934
1504471458
1504655033
1504718409
1504990597
1505319434
1505319466
1505409827
1505410033
1505430713
1505431614
1505707332
1505760935
1505978115
1505978115
1506121326
1506162577
1506196479
1506328442
1506367886
1507868127
1507879939
1507883001
1507917744
1508248185
1508362207
1508381813
1508511223
1508703781
1509584447
1509642429
1509684197
1509869222
1509877922
1509885570
1509922631
1510378378
1510867967
1510955006
1511024977
1511349403
1511852842
1512740967
1514078314
1514327027
1515043861
1516544590
1517116157
1520072835
1520598360
1520612856
1522866533
1523086180
1523271408
1524405781
1524450349
1524458857
1529261110
1529338485
1530002316
1530368210
1530562239
1530617320
1530813938
1530862735
1530863135
1530884790
1531013085
1531232102
1531388837
1531490691
1531967604
1532424937
1532445485
1532457405
1532550315
1532568622
1532580909
1533040644
1533671065
1533675420
1533675913
1533677594
1533680055
1533681775
1534798023
1534799702
1534801795
1534802203
1534804056
1534805650
1534807874
1534807951
1534808741
1534809508
1534821268
1535000285
1535016160
1535022971
1535806213
1536217498
1536287323
1538939092
1539805080
1539806003
1539865678
1540146779
1540563607
1540579703
1540611534
1540632641
1540654470
1541632638
1541854583
1541853302
1541852778
1541997739
1542190246
1542190454
1542193666
1542201043
1542211532
1542216903
1542224903
1542228992
1542235466
1542246828
1542252006
1542263852
1542265994
1542266094
1542270269
1542280903
1542282033
1550794224
1550803496
1550804671
1550806197
1550809236
1550806614
1550806626
1550807059
1550808043
1550808362
1551625184
1551672834
1551746197
1551875847
1551935369
1552022213
1552128250
1552275190
1552363226
1552365763
1552453711
1552496823
1552536093
1552651816
1279399174
1298601616
1398614317
1218942686
1331822580
1218416569
1454114860
1474127206
1043039584
1081693688
1483791090
1332206617
1028490562
1232875475
1399479193
1409240145
1416052214
1031307826
1401348254
1411077328
1095369522
1096149431
1477350879
1498049113
1166847821
1508476750
1293769466
1476381992
1031736225
1038677473
1068716511
1345690422
1379440549
1412558586
1229885658
1244086906
1547363124
1547374327
1547451399
1547463915
1547505903
1547520655
1547546529
1547569375
1548294026
1548803602
1548923861
1548933650
1548939476
1548954683
1548963044
1548972320
1548979094
1548985363
1548987123
1548995413
1549007403
1549012031
1549022927
1549045194
1549060796
1549229871
1549250040
1549298951
1549323827
1549327665
1549342014
1550260177
1550494640
1550528778
1550745793
1550794224
1550803496
1550804671
1550806197
1550809236
1550806614
1550806626
1550807059
1550808043
1550808362
1551625184
1551672842
1551746197
1551875847
1551935369
1552022213
1552128250
1552275190
1552363226
1552365763
1552445029
1552453711
1552496823
1552536093
1552651816
1547463915
1547505903
1547520655
1547546529
1547569375
1548803602
1548923861
1548933650
1548939476
1548954683
1548963044
1548972320
1548979094
1548985363
1548987123
1548995413
1549007403
1549012031
1549022927
1549045194
1549060796
1549229871
1549250040
1549298951
1549323827
1549327665
1549342014
1550260177
1550494640
1550528778
1550745793
1550794224
1550803496
1550804671
1550806197
1550809236
1550806614
1550806626
1550807059
1550808043
1550808362
1550811480
1551620403
1551623704
1551625184
1551628126
1551630440
1551672842
1551746197
1551875847
1551935369
1551952027
1552022213
1552128250
1552275190
1552363226
1552365763
1552445029
1552453711
1552496823
1163883537
1229839207
1450244973
1276400941
1477532763
1247722806
1539129952
1027048641
1081711905
1412903657
1413809372
1483556145
1483566451
1019478653
1211472715
1024629125
1027094638
1081871352
1081887553
1134492554
1242887246
1413474388
1413552290
1413799729
1414955251
1483533057
1483540670
1483559144
1483570906
1483574485
1483581939
1483585256
1540007312
1540934457
1550797627
1554113744
1098424468
1069867908
1125450527
1069251251
1077594568
1098216076
1098421974
1136148083
1251636521
1187899854
1483549685
1070361770
1071344860
1448102389
1018685855
1029666558
1247746237
1384690531
1473588675
1246570780
1413620279
1043398977
1135645748
1031875213
1035884981
1083781905
1011853774
1246561783
1069257250
1314599125
1120187059
1313597295
1070671746
1029177169
1314596034
1024587997
1029172071
1540577901
1260505449
1535518449
1387167963
1450358649
1070669565
1059473136
1069254005
1037717844
1070668936
1459026651
1483492828
1028450519
1509992679
1024626306
1135727323
1082419132
1313598928
1523154664
1135675814
1038012424
1038478957
1512012504
1523133877
1086118064
1019511735
1163883537
1229839207
1450244973
1276400941
1477532763
1247722806
1539129952
1027048641
1081711905
1412903657
1413809372
1483556145
1483566451
1019478653
1211472715
1024629125
1027094638
1081871352
1081887553
1134492554
1242887246
1413474388
1413552290
1413799729
1414955251
1483533057
1483540670
1483559144
1483570906
1483574485
1483581939
1483585256
1540007312
1540934457
1550797627
1554113744
1098424468
1069867908
1125450527
1069251251
1077594568
1098192470
1098216076
1098421974
1136148083
1251636521
1187899854
1483549685
1070361770
1071344860
1448102389
1018685855
1029666558
1247746237
1384690531
1473588675
1246570780
1413620279
1040677200
1043398977
1081890413
1135645748
1413507152
1031875213
1332430222
1251650478
1028179149
1132514320
1251599266
1414978516
1132378066
1190400844
1510354759
1542087000
1542088551
1542105631
1542099790
1542100688
1542100697
1542100728
1542107732
1542102472
1542102478
1542102664
1542102696
1542102773
1542102778
1542102784
1542102887
1542102914
1542102971
1542102981
1542102986
1542103098
1542103162
1542103365
1542103372
1542103382
1542103420
1542103767
1542103772
1542103879
1542109629
1542104154
1542104444
1542104471
1542104518
1542104926
1542105065
1542105073
1542105078
1542105391
1542105416
1542105424
1542105444
1542105468
1542105955
1542105960
1542105985
1542105993
1542106238
1542107433
1542107445
1542107522
1542107743
1542107820
1542108035
1542108876
1542109434
1542110146
1550811480
1551620403
1551623704
1551628126
1551952027
1555699556
1555845065
1555855050
1555859573
1555908391
1555930740
1556219513
1556303660
1556469973
1556310446
1552534940
1551737900
1460573456
1433723242
1016692099
1380245599
1132201173
1523110652
1003405873
1245507620
1081966077
1245366601
1029144477
1041169176
1135650416
1245122334
1462241932
1041441180
1224805248
1028186618
1028424458
1135642485
1149077861
1245433373
1245553187
1132403890
1449246789
1538992638
1188712943
1047216871
1133165845
1050924948
1227375467
1293690540
1417194040
1132544117
1424696264
1132368592
1253483181
1483988206
1132435464
1133118839
1187907244
1140978994
1038010024
1014229201
1073951215
1174497073
1556873753
1019489952
1029267474
1480397486
1411980450
1029329188
1128661437
1013128086
1498879173
1189631200
1028135079
1484309694
1029061889
1253475382
1037959605
1028144155
1017985209
1025191317
1038059953
1002739189
1348634465
1026895921
1357491958
1136598231
1219151979
1025285243
1036124331
1449368658
1003667677
1223911251
1132497686
1174504860
1001859667
1296628266
1003277093
1081945460
1219139805
1305898379
1415086606
1374718018
1484329581
1019926465
1038526473
1081712125
1187884928
1481306639
1010831770
1016381058
1018100774
1018153627
1019558304
1034760099
1034765973
1034771987
1034788758
1041209288
1374729515
1444837619
1004055202
1016377963
1024618396
1135736364
1019964029
1059781241
1242519162
1264859167
1029252195
1250442903
1019497158
1219174819
1516338456
1003310539
1016828383
1027087850
1030599018
1037637530
1050919515
1079402930
1444499381
1004052319
1016825563
1484324302
1064153139
1038694001
1225304118
1079409069
1115207635
1024608803
1024612908
1029060656
1050967157
1275080997
1394265108
1460324125
1065823919
1163682314
1558654649
1054123861
1192435703
1004599540
1273117066
1037669761
1409702327
1523114259
1132427192
1054127537
1062518882
1141011174
1059056403
1479438538
1483933402
1029545100
1473456328
1190929803
1132190237
1162560752
1238079633
1016380155
1127116270
1132461491
1234974777
1453540232
1504824307
1085277758
1207775260
1448297936
1458888906
1030996171
1207775260
1448297936
1458888906
1030996171
1219168006
1205701778
1238086054
1037707782
1472393434
1545033036
1019932415
1019979416
1028191913
1029141796
1085866702
1081856088
1296737736
1132133983
1133161710
1135637986
1136123136
1138801538
1214339049
1214344506
1219146342
1483998013
1515017963
1540330282
1028339134
1070071240
1073794915
1081703709
1070092865
1017832730
1017848352
1019952424
1019961054
1024824043
1037648671
1037726622
1064155856
1081690564
1097042033
1135707446
1188314530
1190911126
1214371996
1214384358
1214398449
1317402203
1540623015
1542495184
1545095478
1219164233
1454275501
1024586541
1038700966
1081913622
1040701648
1190641116
1019975009
1024581985
1070968025
1034793961
1004853508
1024592257
1026489597
1038694420
1043049728
1069260162
1190410270
1224800562
1549438022
1030739571
1033338201
1456921073
1028194023
1031881371
1020410596
1192469960
1132388766
1054115518
1064079308
1079393656
1190932324
1380144983
1439602518
1010841602
1456923513
1071346670
1204388350
1034786448
1050916249
1038558187
1071339468
1132506130
1545096950
1004100868
1270336841
1016325094
1181184227
1016318745
1252144092
1062535160
1038019392
1081917589
1294323549
1194075338
1141571334
1132501933
1037650487
1016325965
1029056374
1132396563
1002463823
1190928422
1231861983
1498802236
1014334933
1455225803
1072727578
1031109148
1068608938
1273179899
1016320239
1038055423
1506462930
1017834377
1035351434
1446802459
1028141322
1132487804
1455215645
1019954214
1041435606
1082408423
1133127807
1002606905
1132476068
1455621847
1540641441
1255114591
1275038220
1449116816
1503830199
1030593969
1230920119
1497186941
1540627452
1260486989
1019918859
1035868231
1035872167
1050970937
1069268860
1079411862
1190934068
1270364767
1534519109
1078466130
1350728519
1016827966
1037952540
1271266090
1476054001
1480379205
1002464434
1081687608
1484198025
1038669014
1016322834
1016324283
1016327460
1021592972
1071340954
1071342378
1081876326
1237572863
1253461190
1409363015
1237572863
1253461190
1409363015
1479431149
1551790685
1549471581
1068616409
1002655416
1081697057
1293377956
1370746571
1449651246
1010755841
1038228211
1041448775
1029054921
1002655412
1016316300
1071338371
1081892662
1190913740
1002500963
1035861698
1071343606
1081682310
1240962232
1313195154
1043035989
1054112059
1054130423
1054135816
1070145490
1071352610
1202559602
1484291890
1293305504
1392494758
1473546639
1544439984
1515621227
1018146085
1461027404
1031167110
1034787708
1447926088
1024615534
1028188602
1179086207
1447946558
1002464631
1029150910
1189647985
1271563406
1542570707
1446781302
1020059741
1501660861
1237563859
1335726777
1424150422
1484251194
1028193699
1145954351
1218375272
1473394479
1173485321
1118546806
1424691118
1028136050
1056864293
1132508282
1148617406
1540582874
1025379726
1159901129
1132481901
1052673294
1002500933
1025188513
1034699670
1050984230
1234992372
1236182850
1250449330
1019832418
1061683552
1031879528
1274947775
1050982077
1019903290
1027302801
1252124431
1499313932
1025923788
1071349389
1018505898
1018134954
1024579992
1071351680
1447880980
1108912881
1028145820
1401353716
1028186621
1247378163
1026408662
1192465681
1271607601
1054166127
1081796447
1252136039
1000572081
1037954520
1133156332
1189627130
1081678367
1014229494
1033329834
1002389707
1047339047
1048623294
1112702100
1173464862
1313264458
1133134250
1484271059
1447768955
1017761663
1081699641
1427316237
1484230029
1466730169
1228624470
1455654545
1479435293
1028190045
1041438527
1108912856
1539151106
1017856135
1079988008
1232738443
1079407082
1079399337
1484341560
1455677989
1025804179
1456924343
1445833032
1214652252
1473503116
1020050648
1028137954
1140915019
1295122551
1484252073
1029241984
1043050039
1050978622
1081968093
1240959214
1267798334
1275059564
1374756483
1425614934
1449273639
1554198015
1004686274
1038052100
1028180839
1028183566
1253471348
1485175873
1116800578
1018112073
1079388308
1108913013
1041957211
1054118243
1484325107
1189084037
1388454713
1392423215
1018147221
1019926161
1028134151
1028142913
1028185914
1028191198
1038676444
1229287708
1234982409
1010748831
1499191813
1064144563
1445423048
1019389706
1041238220
1019391289
1043101968
1046940764
1054094679
1062283299
1076192435
1409683516
1018513396
1087326627
1112749449
1089982424
1455687788
1447941782
1031566980
1003924451
1454672519
1313176132
1018130162
1447935073
1460196123
1177984651
1024629853
1133142196
1452077452
1048675052
1108988021
1506158532
1463864318
1028148778
1084372499
1029982323
1020437339
1091186027
1392341695
1445424218
1018507154
1181323869
1229805548
1232730810
1479413624
1179096724
1207766095
1238717847
1038678830
1024577095
1016376864
1033334938
1076212805
1132493776
1237568179
1253836642
1445887667
1189630705
1181202615
1192403317
1484276641
1013307099
1024517397
1024517547
1025087537
1034774160
1070338403
1070342521
1084375838
1173407083
1188684390
1238714670
1253465014
1255128332
1484261862
1445428285
1451900320
1479422204
1479423398
1479423717
1479426921
1479428305
1479431375
1479431451
1542125780
1545409104
1453602068
1545254773
1016326391
1228630417
1125845691
1239136822
1479438629
1022298032
1247368593
1381342034
1014621832
1497688468
1004728230
1038230290
1070340329
1207761671
1030504119
1177978639
1479434207
1479439748
1485317902
1485317902
1003924069
1194133786
1018021672
1171295769
1173455014
1390674088
1108912921
1390599488
1041430056
1116810823
1152140223
1388372801
1473530288
1479429211
1177976888
1479437433
1193957072
1484267329
1453537974
1473486085
1007460504
1028132686
1463783772
1205843385
1374750631
1445422449
1202526714
1025396335
1028192405
1202295145
1247467998
1479428506
1479429484
1014228861
1177970266
1181169408
1540702192
1271543679
1479426583
1007576881
1190495586
1202352360
1294268078
1037781955
1116580734
1445436825
1018366948
1061687991
1202577295
1129087655
1247459424
1028177627
1019905808
1146969263
1532001219
1085061905
1028184653
1484222725
1497710075
1247358232
1270392092
1094096835
1236170609
1116801927
1020675520
1028187627
1116798512
1190573218
1204028960
1479427295
1479431358
1177971902
1335644851
1202390312
1455646663
1203950741
1027258850
1037343054
1179101568
1371787022
1018930677
1193867394
1202506599
1231179467
1229273358
1028172890
1194035655
1202464330
1037957749
1026495275
1028189471
1038041090
1038666268
1108930693
1479436360
1029985269
1120479072
1173229843
1031873361
1294315853
1479430226
1412207198
1177953276
1108912752
1463753034
1018785669
1127004141
1502606187
1017739258
1018512063
1479431582
1193991994
1171210384
1355856415
1459734770
1192251977
1034752869
1116793040
1439714598
1439714598
1120262315
1277873938
1192593623
1250945657
1462270524
1479434931
1444723868
1192484751
1194114679
1436773066
1501235676
1010835182
1076371252
1484324260
1484222340
1467237782
1502661056
1012516631
1192360522
1277848054
1024870663
1041444367
1124547840
1204202701
1479429487
1479431586
1497747942
1020682630
1204310296
1116633288
1188652460
1024841536
1053773701
1204363293
1436770264
1002843846
1037976900
1029145014
1138925844
1204533760
1348243243
1540654283
1116592826
1204339931
1231864585
1336911923
1203920415
1462263558
1010782793
1026300992
1072758548
1455230899
1159751950
1453597176
1479431196
1194100416
1204002406
1204486787
1225211348
1436772631
1540697562
1010833773
1018786322
1024840560
1085420937
1134477315
1294260547
1542880517
1370734893
1016379478
1024840910
1024881129
1194123033
1239041782
1436770150
1479425824
1479426291
1479426429
1479429445
1479430151
1479431626
1479432317
1502543683
1529201164
1529724101
1540625324
1179093643
1479437634
1507860011
1179102966
1015309168
1018509967
1025385613
1159115969
1195506170
1010733553
1072759846
1085466392
1118415451
1019933672
1061691248
1084374346
1178013100
1195493897
1061710294
1116796431
1051884855
1189588386
1076210193
1027168191
1192599857
1509210996
1024623515
1181192968
1479439147
1456920823
1024624720
1117367369
1251032445
1019392710
1189547033
1146945738
1427259315
1037257640
1250962204
1108884685
1179126179
1388394560
1189665500
1192468517
1178006392
1321637896
1463371534
1022098735
1062295606
1200369228
1388407718
1172774759
1116569858
1273942929
1076371746
1294326114
1057249700
1079501873
1479440341
1108914153
1190962896
1038672006
1086934950
1342818498
1181162646
1034973362
1086931713
1335709425
1014396101
1018365412
1229295741
1343296291
1014444849
1463748045
1052517786
1007108837
1126837334
1427276027
1485175456
1027255259
1173431959
1177989464
1155325471
1227369571
1273990132
1054070715
1085483527
1152150795
1454693935
1479415104
1192520456
1154026630
1207759387
1543712426
1041432862
1042412101
1085431225
1388436700
1017812038
1019967965
1085444257
1436766925
1463374299
1503807208
1523482555
1534520189
1012681454
1463748424
1028182160
1011600342
1014392151
1024866812
1028193260
1118433941
1196840385
1250966528
1540710503
1025401368
1029141935
1173205373
1453589060
1461488982
1014395782
1017746035
1189096301
1069329530
1159513519
1195571939
1253203386
1277870287
1426878299
1426910501
1479417611
1479425758
1479428375
1479429451
1479430436
1046596916
1484320415
1025018515
1116803024
1164778065
1515561499
1515651656
1085477899
1211549580
1463890348
1445419630
1034334701
1028176537
1336875217
1167851732
1484327766
1463890348
1445419630
1034334701
1028176537
1336875217
1167851732
1484327766
1116766742
1038695493
1054158244
1062294198
1255168655
1146013847
1116825703
1444719413
1522258189
1094095662
1159795418
1484284435
1515614765
1108913051
1471557579
1031772495
1138933403
1143998566
1268171580
1436768774
1189647276
1116575547
1030496372
1501519781
1425627066
1085393989
1139356773
1251172585
1436769420
1484228516
1189570735
1255194028
1189560411
1189548339
1262856122
1192456213
1029074578
1085453959
1095541016
1393342050
1028192935
1084313844
1016853354
1108912742
1300352769
1465835061
1540678911
1030212877
1085397026
1159925155
1462182820
1484220816
1085480812
1206735902
1484220816
1085480812
1365953569
1424919594
1424922375
1424954634
1424956195
1424988707
1425080138
1425089410
1425091721
1425099031
1425102644
1425611583
1425616725
1425616986
1425625151
1425630265
1425632783
1425634868
1425638587
1425643157
1425645394
1425658985
1425662036
1425663623
1436766787
1462182820
1479432194
1523173521
1532027484
1465917882
1023003365
1360953506
1027265025
1055361845
1116763008
1468106407
1085428939
1508567529
1015310978
1177980962
1180334333
1188261162
1388426303
1422411452
1484226544
1515628675
1123016173
1205729667
1250958156
1442044305
1014395466
1192553934
1308941879
1388447667
1427307892
1426095868
1426885850
1427079415
1479421091
1479426912
1479429055
1540618901
1545339652
1312645000
1545299431
1040737310
1484292492
1358189690
1108913950
1124561521
1251014362
1024827385
1113868337
1311218941
1353131301
1479431997
1117357595
1479439536
1016853729
1046690536
1412054446
1479431477
1364132889
1013307121
1189598943
1196941174
1439272704
1507368437
1018511963
1247466009
1255152323
1467351003
1029143791
1108884584
1444719413
1455640562
1095497341
1196796791
1511170123
1194000925
1192592605
1040917587
1479423329
1173473555
1225315389
1376245256
1061712676
1448137305
1014395077
1188742346
1298735116
1373445078
1003822169
1046334885
1144017916
1146865081
1484322659
1166170292
1229281353
1433998925
1484326336
1484230047
1447936134
1523216265
1189609664
1192561435
1034307375
1192477434
1192518933
1084353048
1357964940
1189548945
1030502799
1159765941
1033040475
1116734256
1261951709
1455731728
1471510235
1024835301
1029075114
1030165287
1030236363
1192535825
1192521454
1061687157
1070993089
1188668319
1056142177
1144437179
1146980250
1484327081
1471044365
1479432977
1046715182
1161285151
1313238992
1484324788
1501312197
1061789216
1029038180
1225341216
1033091564
1179074103
1474222777
1189666654
1030588367
1052382115
1057686836
1179864561
1388484829
1030133372
1192566360
1522962883
1061693654
1014621761
1024650272
1179886757
1188712820
1196915520
1251184862
1277891452
1454676525
1029074994
1120249636
1194045009
1196979825
1484225223
1108912790
1164764005
1225192812
1441888369
1118561614
1207565012
1497641420
1030245607
1463821434
1073823401
1159912631
1194073842
1231172750
1410960319
1424808465
1426868540
1463725705
1016851679
1117373551
1431626680
1438751503
1484333659
1030503069
1180319314
1304506009
1315405762
1018141665
1189560759
1030110243
1180749921
1335703067
1030444168
1441482769
1511172131
1010833620
1463845254
1051481592
1177960948
1365286202
1390578047
1180008615
1192467348
1392481258
1061698599
1195487441
1197067680
1427274695
1043384097
1118564151
1427274695
1043384097
1118564151
1454680879
1108914126
1225255868
1478970950
1108912759
1116755969
1225173348
1247470015
1463838397
1255160477
1094092838
1095386998
1118413108
1152856975
1315409912
1003285715
1030590225
1056123589
1042680981
1052519217
1108914237
1511177972
1098888556
1148620809
1300321611
1446778453
1003309961
1192478438
1091213483
1366082624
1052521269
1475437895
1029986971
1034305835
1152830338
1369139690
1108884812
1136594292
1165177106
1196826741
1479417323
1196947179
1238098193
1409331892
1455216728
1501245682
1059493620
1100038140
1116804469
1195465391
1196807680
1390650068
1407203366
1030225975
1046332117
1192471442
1120244761
1120522067
1427309600
1479437629
1507256954
1522953392
1192619824
1030126700
1159148916
1195515780
1497946032
1010729414
1463750620
1055999072
1220221430
1189615255
1463732014
1253909914
1273958963
1374768288
1446831234
1515644857
1025393631
1087254407
1118549708
1196863877
1250969401
1411516518
1522185131
1522204098
1042409537
1162545215
1315409131
1030279160
1043387698
1046093694
1046601017
1047508148
1047511656
1048141358
1048153362
1056137014
1056991304
1087275874
1087292944
1087298786
1091567163
1091578911
1091581094
1194050700
1314621074
1314621254
1314621172
1360055522
1528977487
1027990150
1116601457
1146977394
1314983208
1473799511
1189630069
1055361148
1085962757
1091701627
1108855065
1118410294
1174816395
1195528476
1214644636
1461159445
1010761662
1011070148
1055984401
1102327275
1478328269
1068654135
1155322705
1159155539
1159519053
1193990702
1194089241
1225187591
1247433883
1247437175
1247449813
1250905891
1314622189
1359981159
1401361346
1410188209
1427052014
1454084466
1479422130
1523180378
1523184608
1546185971
1551893156
1552781844
1165210341
1478985410
1177967260
1192598449
1108913372
1115888580
1223879172
1251205481
1144537234
1251204095
1427320422
1017629865
1085949316
1118585087
1367834443
1195455805
1217170285
1251198553
1425675630
1488159496
1195444191
1251171272
1497664771
1502668741
1108930462
1424827001
1424847361
1424851223
1424886088
1487265501
1520526371
1046304382
1010734619
1188620626
1268220365
1427271900
1030115179
1030181577
1200928244
1409339245
1531842976
1010734768
1101015402
1179174233
1179888470
1202241678
1448999532
1311238451
1484329839
1511180133
1123861941
1484225748
1463734183
1473785612
1502476169
1046291537
1367739197
1484302220
1027167056
1311040485
1177963988
1118407985
1118545511
1172817658
1026049830
1188717498
1255139138
1189637468
1126840270
1197041406
1381225910
1056126622
1304557401
1484224492
1154041272
1207563481
1064918805
1174869879
1342638915
1484228633
1001674662
1040925309
1178018765
1046606112
1172821234
1314622309
1381223249
1484292495
1477575703
1192539510
1172791156
1242381128
1247419414
1503381718
1192470234
1108914190
1424673871
1108912855
1180890417
1200784800
1311271320
1392469050
1410981868
1484327313
1441890377
1189539840
1225218194
1030252252
1189527442
1226444026
1255145030
1348272297
1479437829
1484201392
1118419072
1188742031
1245038601
1314622828
1543190137
1474418968
1055990044
1479433315
1010761458
1192557054
1046330836
1056009401
1194019353
1314621302
1381544137
1484323365
1501257392
1506482107
1511994034
1463844198
1032939126
1542642255
1055981014
1173211148
1195522860
1010777539
1046310946
1046712348
1048099599
1192463006
1108931032
1154038961
1226448664
1277852891
1343366837
1362408239
1426874794
1427067453
1445866531
1479436032
1516358525
1555722799
1189646079
1226476827
1189306721
1046604415
1449667928
1091183472
1118420684
1177975235
1085973957
1091191593
1225121242
1117380052
1171274471
1294133170
1427326356
1461569382
1539276222
1059119767
1091187570
1091209876
1179176168
1523217939
1192388069
1051473497
1192480414
1085976076
1087374329
1180805537
1217176712
1226473951
1314622360
1314622252
1389172139
1424824327
1192549402
1046299856
1247446676
1472310728
1087307403
1202047040
1374775420
1046048099
1046606811
1047516780
1018181981
1189647517
1085959455
1085961200
1314622318
1273980563
1040739490
1046315743
1312642981
1003310169
1011068502
1192399377
1053673820
1250992152
1192430581
1040741727
1091564192
1108913493
1188737435
1409319622
1030241727
1116758647
1229291572
1350190929
1466692988
1518083414
1523399729
1044245487
1533214919
1044264449
1046609924
1108912860
1261960215
1346359671
1410174234
1484203342
1530195809
1463755488
1030276321
1154037893
1251544353
1367519420
1449601175
1018150279
1026878177
1108913780
1273451431
1315403041
1522176953
1533024995
1463758251
1030232690
1120513928
1247454036
1251206863
1439200997
1192355526
1030231671
1046301007
1251175122
1368991812
1192418764
1478977537
1523223875
1044270268
1045338327
1146957061
1462206003
1189640773
1030147601
1108914143
1179859594
1523024702
1523321205
1017760808
1192388080
1044276010
1045896814
1045900291
1047501700
1145985768
1179170510
1251011416
1298697020
1391217993
1463757398
1030292961
1043377818
1046107434
1251161351
1410633668
1497906892
1502408244
1030233201
1192475647
1225235726
1300435240
1334368742
1514392422
1192459299
1056018863
1159779444
1178021969
1189646053
1217196901
1277834914
1313667865
1388535654
1390610624
1410188241
1531928024
1399539054
1501226508
1520127990
1085944649
1118597485
1010755546
1046602785
1108912841
1120521242
1205736872
1410647961
1545090531
1189635323
1108913625
1247430250
1346259422
1427251828
1446790634
1277838647
1311259957
1078147992
1349472411
1497939332
1500344298
1045887781
1159857998
1159876468
1226453658
1247442599
1250885131
1261961996
1277839967
1277879199
1303138729
1388129831
1410752841
1411009339
1427042263
1446818002
1458726010
1546419597
1485964464
1495677021
1502561048
1503237300
1503253005
1511173518
1059492322
1146017682
1171468026
1188725539
1262870776
1075284000
1087343872
1189664404
1030450037
1045885568
1217204592
1464535237
1463736318
1463890452
1192252013
1056023471
1108930883
1362382604
1192605576
1046319350
1189622591
1192360246
1258514688
1047077458
1091583486
1047077458
1091583486
1410263478
1426041872
1426049454
1426129131
1427047013
1427070762
1497800464
1497898464
1040740905
1189614731
1010832618
1030135217
1108913922
1523302612
1046608818
1192482277
1086672824
1086684618
1086687791
1091205486
1091207708
1314622165
1314621313
1314621303
1268203827
1546419597
1010836396
1030151686
1085919918
1116789208
1120483041
1046296605
1052395438
1094091599
1116760889
1374772231
1189644622
1146950147
1115929072
1261966555
1523283486
1543015555
1192511230
1463853980
1189658534
1192252414
1044888095
1192484725
1085408535
1312630358
1192369053
1030282750
1087283028
1464533809
1087347231
1154034695
1192416213
1189663164
1030249033
1192515570
1189439704
1046302854
1118415527
1196813948
1314621367
1409475358
1444324842
1189661727
1030138028
1052299624
1054669256
1159124509
1219618760
1458762290
1521458276
1523331845
1030232222
1192547745
1192541197
1046598516
1046607580
1046708086
1061711417
1087369807
1101288874
1190963588
1251178017
1408220893
1523389385
1011017210
1030234836
1264726676
1390694237
1409693109
1523231501
1533078202
1029825381
1030246486
1192557524
1087330629
1146020226
1159071314
1201935871
1473802589
1473805747
1010833987
1192631018
1059910761
1188721120
1219239040
1225287890
1030235689
1043061940
1049656871
1441493407
1188678543
1416139920
1030508053
1043849858
1046120476
1048152037
1087262650
1096488245
1146939952
1189672968
1196817793
1204423770
1300170566
1321628869
1484352080
1533472284
1533581491
1057688756
1410962903
1439558613
1030511285
1042684786
1046053970
1046599794
1046605504
1181145910
1196811265
1251067126
1047518468
1179947165
1188706307
1411111242
1502460086
1506527209
1533062799
1192607251
1048096081
1242386175
1055911611
1045880065
1314622794
1369969902
1043821624
1048145506
1056995313
1075294347
1075296749
1091202826
1091575885
1093387356
1120494315
1155274614
1155378011
1159111369
1159137622
1159507982
1180860022
1188627887
1225137472
1225322409
1226458869
1314621354
1314620983
1523226890
1026054300
1460974672
1030226520
1479439443
1543132426
1463799940
1045894374
1085931606
1380638913
1381230006
1011021096
1046314290
1073820593
1076370179
1108885294
1226438419
1438768623
1448864261
1464536760
1030578258
1152773195
1154021057
1204397903
1045346544
1189169905
1523269281
1010734791
1046111394
1046959038
1061690289
1145977164
1146965970
1190966183
1217201779
1245028896
1396890770
1473809127
1498844261
1522998608
1550204478
1035883669
1046306124
1179175994
1180240159
1251174321
1044239999
1045892824
1087351507
1030504772
1033021514
1046064657
1118600152
1187001787
1408228539
1189606790
1043400638
1102797922
1251008038
1028992403
1251008038
1028992403
1030122772
1030144003
1030283986
1030505693
1043372749
1117365188
1155280694
1195236389
1471052083
1501207936
1523016773
1463859118
1027365720
1118601928
1181292176
1217211832
1084794993
1102779824
1018593020
1192383597
1189551280
1189549702
1189548878
1029657513
1030249033
1192515570
1189439704
1046302854
1118415527
1196813948
1314621367
1409475358
1444324842
1189661727
1030138028
1052299624
1054669256
1159124509
1219618760
1458762290
1521458276
1523331845
1030232222
1192547745
1192541197
1046598516
1046607580
1046708086
1061711417
1087369807
1101288874
1190963588
1251178017
1408220893
1523389385
1011017210
1030234836
1264726676
1409693109
1523231501
1533078202
1029825381
1030246486
1192557524
1087330629
1146020226
1159071314
1201935871
1473802589
1473805747
1010833987
1192631018
1059910761
1188721120
1219239040
1225287890
1030235689
1043061940
1049656871
1441493407
1188678543
1346126291
1416139920
1030508053
1030589592
1043849858
1046120476
1048152037
1087262650
1096488245
1146939952
1189672968
1196817793
1204423770
1225071956
1300170566
1321628869
1484352080
1470630140
1533472284
1533581491
1057688756
1410962903
1439558613
1030511285
1042684786
1046053970
1046599794
1046605504
1181145910
1196811265
1251067126
1047518468
1179947165
1188706307
1201943792
1411111242
1502460086
1506527209
1533062799
1192607251
1048096081
1242386175
1484222406
1055911611
1045880065
1314622794
1369969902
1043821624
1048145506
1056995313
1075294347
1075296749
1091202826
1091575885
1093387356
1120494315
1155274614
1155378011
1159111369
1159137622
1159507983
1180860022
1188627887
1225137472
1225322409
1226458869
1314621354
1314620983
1277842796
1351741546
1408214322
1426068228
1426130703
1426142773
1484326206
1446822396
1448218877
1448929675
1448938010
1462517754
1479410996
1479428368
1503454515
1515674777
1558691836
1189553012
1030118326
1056028480
1108884778
1117377106
1120492578
1196822215
1501321952
1087361221
1251205440
1314622504
1300337977
1346119303
1503376290
1047514344
1086658978
1100056692
1108988149
1116737546
1154023837
1179077876
1300226528
1507853630
1192421092
1143591207
1173412442
1225396076
1251027979
1479431228
1030510585
1192555887
1087367138
1108987911
1145993077
1154028590
1226442541
1242374978
1251192365
1346198929
1381294245
1410988111
1484298116
1523208175
1251075869
1539126233
1029609594
1030246906
1086648304
1091200400
1091211778
1108987898
1171417255
1181010068
1188681690
1314622380
1314622429
1314621580
1314621530
1410764734
1410996427
1427045809
1473792945
1533249621
1533517203
1027366697
1030510052
1046684359
1189541794
1201872725
1251194410
1314622376
1350216168
1421774469
1108884741
1116771026
1084530253
1424694239
1448080039
1030124637
1180999369
1188648066
1346115498
1346317515
1422228058
1501183701
1045478527
1046683003
1202129838
1250939771
1335985956
1192614357
1192596275
1030233951
1047070184
1075289016
1436983524
1192552212
1046729915
1102814449
1188619851
1410743081
1501281778
1030495348
1030575395
1075292540
1101018485
1118414519
1346341277
1385901992
1030145731
1426037298
1520159710
1192538856
1042614381
1045483486
1046051272
1098990735
1118577682
1159094158
1179873297
1188630337
1225242835
1228163380
1258521353
1305994644
1321506800
1403092860
1424742919
1017815723
1189554125
1250994012
1410190630
1017815723
1030445457
1030586268
1046016753
1047522662
1250977495
1410190432
1030139916
1229300813
1448225307
1045341774
1047503509
1192478298
1057690688
1093394526
1179879417
1410187576
1484302484
1485103030
1523186110
1531707223
1533118175
1533170163
1030248078
1108914188
1336001472
1515578786
1189606564
1043060848
1057684220
1085943179
1217188705
1477231797
1479432301
1485121156
1048142329
1146896624
1351715430
1409316952
1409335180
1503452046
1506531204
1523197438
1523204197
1189554724
1030173098
1040439328
1192607877
1189551902
1048097448
1057228869
1102805292
1102809734
1116777627
1179071656
1202109557
1373384953
1430400069
1484323609
1471523239
1189615479
1046070514
1046091585
1118439242
1245035908
1435369556
1471776269
1189561653
1030289183
1030293467
1030507170
1192466064
1046076010
1048149888
1189310660
1030288053
1045891588
1047476875
1048142351
1190966944
1205750862
1400267948
1485263786
1501246020
1463802099
1192600980
1030236991
1116596321
1179882115
1179892400
1188720150
1503398763
1189614789
1030170552
1042673719
1043057406
1068679221
1180173450
1188715586
1204363276
1346189316
1380629388
1381461441
1426015823
1426052308
1426074532
1426076880
1426083206
1426087683
1426120805
1427290877
1448859344
1478335681
1502643709
1192590505
1192572181
1189524941
1043373700
1086924442
1117363542
1191250352
1205708919
1294286859
1378328651
1448624928
1189596682
1030503839
1042616284
1042682924
1042686286
1046072262
1046082027
1046086118
1046321157
1192467391
1188674198
1189670870
1422615903
1424742632
1445918538
1448920801
1503310004
1503409704
1503446978
1523258605
1533684331
1028189993
1046329575
1085945417
1484222698
1030103219
1040916778
1273971274
1381439933
1555722799
1029616621
1189531797
1040437408
1095387658
1463379889
1479432301
1030153456
1116589443
1531671765
1030298097
1040449331
1060050706
1098931324
1308564647
1389174777
1427281491
1501239668
1192625053
1192514056
1267468218
1503270589
1189543547
1046049844
1046056269
1048143253
1048143253
1188679883
1294169060
1052676461
1245041125
1381366931
1445950227
1446793366
1171393742
1466693700
1043817337
1180098705
1484313391
1470708954
1200853125
1472301176
1508466714
1030238689
1192571689
1045401726
1096403643
1225181225
1189535077
1192559346
1192548960
1108885370
1410661343
1438480418
1441207804
1473796654
1503422240
1522899209
1552419105
1189540027
1192544101
1048144112
1101239156
1125273309
1468118855
1030234555
1192517646
1108885373
1159530331
1251184922
1258512537
1508474777
1537979691
1192598306
1192595398
1189545223
1189539900
1040450544
1045882700
1046333593
1057255619
1103413467
1115901292
1118573649
1171342069
1171383849
1179091862
1179868760
1201883247
1228154225
1247381591
1247390021
1251022428
1343280715
1346141457
1346201718
1346312191
1380598751
1380621994
1400257173
1409325572
1410737730
1441468668
1449606038
1502269001
1502549689
1503294919
1503413217
1523241802
1523247208
1523247327
1027368676
1196908219
1381490209
1192592697
1192589225
1192590385
1192608369
1192604023
1192621363
1192589142
1192622185
1030503503
1040443957
1046096348
1100982308
1098909654
1099079010
1099106671
1159165413
1159526408
1159620208
1202095001
1225263419
1225309249
1409531295
1410617009
1471564518
1543176688
1501288591
1501335582
1501953477
1532141461
1533143157
1192594936
1047526250
1438488363
1484226563
1030503241
1011022205
1046066692
1410189096
1192609222
1189557008
1046690840
1180136705
1519081411
1043059529
1043395483
1179892054
1181052267
1228146762
1228151130
1250890217
1346166020
1410187891
1424716125
1446826021
1458742640
1458767643
1501940452
1501979830
1501991275
1502029768
1030587246
1179863747
1200900727
1264697369
1381280559
1192606588
1030274911
1045329134
1120497975
1188598680
1247391767
1247396130
1385908325
1410188349
1410189101
1502377888
1508471034
1532115791
1539031904
1441499856
1471561822
1518884004
1030207763
1045355132
1189690079
1251200330
1264693093
1189563121
1189605197
1030294297
1030250266
1078784777
1068728107
1103408937
1177994656
1189558571
1192515096
1186988389
1523368873
1192480191
1118441618
1382057003
1422090461
1422193556
1422382573
1458130605
1462520162
1503426514
1523192114
1192511305
1040450245
1048108265
1102444262
1181120482
1381413126
1432905836
1189555614
1065647587
1192557380
1192519776
1192512938
1497830594
1539013146
1060049157
1181019024
1192601784
1030295634
1030587225
1045350962
1047475234
1108931305
1118435964
1188720580
1247386245
1247401940
1247403195
1409327365
1030576185
1202221665
1251195999
1264688437
1438547636
1030155636
1192553032
1100040319
1030578695
1030581189
1040448422
1471793592
1500331688
1502290150
1503264231
1189541052
1108884772
1181182791
1463758422
1192608916
1192562857
1192513550
1172784905
1201896402
1202085983
1366161450
1399546577
1422371039
1422402448
1422422778
1422427750
1423560902
1438658014
1471772132
1471792372
1471802806
1540625830
1545770188
1547703910
1180787336
1423566250
1030574713
1101255265
1172797657
1503317427
1189528004
1118432398
1171446600
1172801405
1188664722
1010834906
1180290866
1438515195
1501964591
1101264237
1030235111
1046068163
1389158283
1422153940
1422391397
1423566328
1484328719
1523177963
1551601406
1307902460
1422189249
1100043365
1189531737
1475631143
1381421758
1381441176
1405044948
1422108708
1422140598
1422183163
1422140598
1422183163
1422230286
1422236395
1422395645
1422439544
1472317942
1539380702
1030160523
1192551644
1116732478
1228173774
1472328975
1478962011
1523170976
1189541094
1189534181
1189526944
1471748504
1530538166
1189537605
1192542667
1032257639
1192517108
1040444947
1484196953
1503273595
1503300699
1518898423
1535097194
1189544434
1189538839
1189530835
1179867366
1251046519
1460191197
1192601748
1030111787
1172802697
1172812168
1179862468
1225294556
1438578378
1438579317
1192630280
1192623453
1027373423
1231612407
1251197584
1438462814
1471808646
1502013080
1043392915
1176754157
1475622743
1533116414
1030509629
1102825214
1116783604
1479415094
1555722798
1555748627
1555771216
1555845065
1555859573
1555908391
1555930740
1556219513
1556303660
1556469973
1018805209
1021206334
1424662900
1189547033
1116569858
1313264458
1181184227
1408782531
1431592591
1487943045
1171295769
1481604076
1507316309
1196915520
1311238451
1294260547
1533024995
1483786447
1040677200
1484203342
1424642853
1079588902
1028000794
1046104071
1083781905
1427276027
1192607200
1454097576
1031167110
1207563481
1163940082
1247739061
1416704784
1422535011
1046299856
1108501200
1359536343
1157161180
1296628266
1194268151
1029389625
1463853980
1081945460
1230915165
1253877204
1313238992
1189543547
1253483181
1264881167
1295458570
1031201659
1034587071
1035844792
1011666341
1011710614
1021364611
1028484115
1029649744
1034942120
1062288260
1065869660
1011633142
1011719679
1021204608
1021380083
1028481264
1029631666
1033101451
1033309118
1035832751
1037110985
1011607956
1021352004
1028321344
1028486423
1029625578
1029670105
1029862130
1031246501
1031252511
1037123267
1042997823
1052353539
1011630950
1021715973
1028353692
1032334110
1029644436
1029945010
1031691691
1032713627
1037117061
1011665167
1042750643
1018804218
1018810169
1019213463
1021223583
1032698046
1021641151
1021724346
1028350727
1028362190
1028494769
1032657306
1077589119
1011640343
1072975815
1018801664
1018805213
1019209220
1019686139
1021653977
1028348579
1028439898
1028993841
1032741831
1036447490
1036577655
1042983350
1043100840
1065839214
1070342530
1013392057
1018505636
1028343004
1028363892
1028504230
1028995420
1029005115
1029072858
1048144231
1031250978
1031257126
1065864604
1070372606
1028340922
1028368002
1028422839
1029074367
1029628422
1031651068
1033165683
1049552160
1065772432
1067646390
1077354398
1077582643
1077617096
1011577293
1011683591
1024300954
1028346942
1028923131
1028998617
1029120511
1031654722
1031688647
1036437506
1036442379
1065875712
1070415911
1077357998
1077365107
1018360832
1021614721
1024297400
1028360197
1029087335
1032730592
1084383457
1033162702
1033399158
1036435712
1037103674
1042330977
1042351349
1049469502
1049492807
1052343657
1052986279
1070385578
1077596712
1011590912
1018798066
1018799782
1021617983
1021636466
1021719559
1028430511
1029073640
1029088469
1029623307
1032720118
1036449758
1036452585
1052302512
1054174665
1056349057
1070348038
1070368477
1070381822
1028338284
1028355306
1028427174
1028507736
1028945738
1028314390
1028479978
1028505681
1028586496
1028992579
1029123640
1031653610
1031681167
1032717084
1077579777
1090692019
1031656226
1031202232
1028323385
1028425902
1556873756
1556940904
1557508800
1557620381
1557675625
1557761171
1192384685
1019913772
1485582525
1485583170
1502377888
1551630440
