1312394532
879778
1076074436
901104
793004
1297836
1366699638
763214
1109354044
1245573209
1461594415
913608
1101442151
1184951213
1466722264
1132216505
1111148806
1264277937
1380680782
1237779
1065652155
1457403986
1435730503
1452924084
1312447065
1022672022
1149064728
1251061961
1164804832
1457388419
1211383887
1258571716
1312390374
1120495442
1478143660
1027170218
1060274227
1457412386
1070417219
1506530213
1311433145
1497184185
1081808302
1148714014
1100028708
1436211873
1197076497
1506529908
1312455051
1370720851
1511398915
1499211175
1031564771
1457428081
1159660163
1223943952
1321488949
1496323322
1361821744
1401498022
1109351191
1340513680
1446333654
1463151684
1482550511
1111160572
1340543063
1477996414
1480963760
1354304528
1312398861
1341227274
1492939467
1281115533
1289482398
1111200956
1444835703
1340303353
1450046389
1492942380
1312377830
1341054462
1020591982
1181147864
1258547195
1312336178
1369442735
1304640404
1385484273
1457416124
1109511938
1341384761
1476169990
1481482328
1159588406
1312344482
1368131700
1223782571
1248072901
1339881869
1111190885
1341333977
1234976320
1478153285
1223792949
1312428357
1368999059
1354297547
1306553771
1477983553
1111171481
1370696991
1502319730
1322956746
1234545655
1419606762
1457174024
1498957725
1497681899
1111211192
1312438080
1244596119
1109570700
1114511880
1109096757
1450301196
1463846293
1470615914
1475658565
1111183192
1484510531
1312443041
1341119799
1523482346
1100902994
1362909122
1261921398
1307981502
1372951015
1499192978
1340944953
1342566652
1399935944
1375285340
1375292731
1385773295
1401534714
1433028769
1438648531
1370791873
1444852722
1444869794
1450277113
1466179895
1471932990
1474228976
1485389734
1444890635
1505817396
1506816430
1509134751
1110483400
1550313430
1530824632
1533827751
1537537154
1538505155
1538518644
1539375110
1539389440
1539426375
1539448200
1540056587
1540741150
1541896287
1543712585
1545996414
1547611948
1550920783
1550937747
1550978469
1551374169
1551376533
1551377708
1553103470
