927422
835967
700701
609023
802369
644169
1284898
609019
598630
1379867469
1419432258
791255
754114
1178110798
1289107
802362
1332506
1332511
802355
629361
552418
629376
754116
629368
791304
1146347633
573072
629359
730451
743821
629371
629362
1398827097
1364494401
743811
1436372314
1336931411
1332494
573069
1025628179
1197089177
819265
1332497
1298676449
1432083397
1020440542
1451863884
1210572833
1084943639
1162155506
1236150547
1134409549
1315728905
1413042776
1182942130
1398825523
1398826992
1398828861
1451904822
1547942657
1551282801
