1458414776
1470928017
1398050608
1506925201
1455856799
1237530237
1226884141
1538751915
1538721167
1026800310
1311060268
1429515007
1311075074
1041246567
1472706055
1324967321
1364904410
1537733834
1538703291
1509560818
1426908034
1234403978
1475605616
1509567677
1538789304
1028213608
1507525949
1537574044
1543163051
1217655326
1349680312
1538412830
1509508609
1537551352
1112971898
1232862533
1509896143
1226881563
1232862690
1334313053
1537278032
1538378622
1249619442
1464333737
1470931412
1510034520
1538473725
1538508781
1538768090
1538811611
1543148331
1543157943
1544410004
