927422
835967
700701
609023
802369
644169
1284898
609019
1256933
598630
1176837
1005546751
1198152
791255
754114
1289107
1176874
1446824488
1176846
802362
1332506
1332511
1198155
1198151
629361
552418
1212881
1223531414
1025045278
629376
754116
629368
791304
1043971925
1459154385
1459156736
1076025872
573072
629359
1029935937
730451
1198141
743821
629371
1239166017
1260837
1332490
1160461369
629362
743811
1161218236
1295152873
1460688609
1458985138
1332494
573069
1077020410
1012264510
1041427433
1232044143
1160812391
1332497
1018496473
1097027630
1208795
1041433797
1475656134
1348827653
1535512244
1238937317
1137852907
1076609368
1458973907
1460230372
1208807
1160454278
1263595667
1447490860
1458956426
1165960757
1470727270
1475662934
1144995809
1307982282
1308827819
1447492536
1458963424
1459151300
1459156926
1501356777
1542485074
1551753141
1551784340
1110297645
