1215835
1232356
1427231278
1104174326
1421671852
1375100005
772348
1190866656
1215834
1231354
1463001374
1201307432
1232365
1215828
1275659341
1295106001
1143804
1378398108
1446511258
1073683333
1486188508
1398775506
1500250820
1473197459
1382194800
1075975227
1052317792
1462248215
1075980940
1395099759
1275404946
1275070523
1447316953
1398175847
1486950041
1384299141
1433752135
1380711999
1446794214
1037014266
1447303766
1465034169
1028400561
1164001217
1275015966
1275453585
1057413150
1275618409
1446775908
1447296848
1380866576
1274956061
1037015178
1398164050
1275038996
1399945534
1274974487
1275035943
1275502264
