900391
1489653726
1099438
1284898
1488662026
1099439
1256933
1359928
1198152
1289107
1443672679
1338915
1332506
1478148802
1332511
1198155
1198151
1046807334
1212881
1369424083
1132051481
1060121674
1198141
1221974124
1332475
1332484
1260837
1332490
1338035942
1332488
1332494
1332497
1539870426
1478202032
1208795
1309707280
1202677222
1229516751
1216301188
1174787721
1208807
1447558267
1458482178
1503893329
1236671844
1207589540
1309711616
1451645514
1452501220
1481335573
1497144665
1167420758
1389623331
1427343376
1478211288
