1144535147
1409420963
1431882114
1460591214
1496015494
1474077679
1263203431
1376900411
1255646317
1524373253
1076037715
1330924428
1198356814
1220883417
1485059032
1076268358
1334389210
1266638143
1461524590
1504489460
1443767772
1437085666
1355052581
1171799419
1092587465
1518969347
1456355288
1451605670
1449396164
1503214450
1282697432
1380153494
1253095820
1339882737
1505574981
1146719385
1290826958
1290741684
1147855189
1457104582
1509600315
1255888784
1381255584
1446758632
1394623694
1264107243
1413059824
1500433245
1076369106
1409137783
1350202921
1541814462
1522181706
1521945351
1477728728
572973
743807
1025955540
1085488508
1475696900
1370780660
1512747341
1344648031
1416039432
1469853150
1286496592
1507843191
1018513706
1378909141
1443510188
1091581527
1329540753
1339148719
1535948823
1444044176
1312463004
1055899359
1091571262
1303768537
1076039437
1282868670
1349455872
1513197447
1061855388
1451317232
1407682680
1060278169
1144538519
1203691860
1120273502
1500149221
1113110793
1181268646
1326609650
1355049997
1303775371
1130116470
1261934853
1303772991
1180712452
1253889272
1457387003
1446983203
1267566420
1278296216
1148749100
1500469119
1492840659
1543316607
1529252110
1152704249
1504498381
1287326110
1522866528
1541086630
1145377732
1436474375
1457549188
1520567818
1339882941
1476187648
1238835308
1287282943
1399175155
1532575298
1045338753
1182799772
1337805611
1457540834
1461516647
1475075043
1504046130
1504506134
1543876273
1034623629
1322964328
1406366090
1430370911
1539128691
1511842911
1535244081
1113956779
1144508198
1177303087
1307072808
1312547735
1332803264
1388977353
1446980359
1512750580
1104222938
1126787536
1133269039
1182807232
1240383358
1252433941
1261934349
1307905019
1370860524
1375351515
1378408601
1432920263
1437448562
1453618895
1473872686
1474151934
1474535919
1527293292
1533000058
1113926366
1154583581
1250959656
1253879311
1329811772
1288768902
1362695513
1337997928
1338115966
1353578188
1378433946
1406286152
1414740014
1437323137
1438581772
1452883345
1453097674
1453564164
1457545222
1463157559
1475001933
1477447512
1513442034
1543715749
1545908581
1100283966
1113973958
1180725199
1407673645
1393625663
1416380397
1432916445
1453747214
1427121554
1091576522
1126776578
1278014037
1295865587
1416465276
1410933527
1414705317
1464255312
1494673515
1180703740
1295830504
1331345939
1338460339
1376715035
1436531095
1535900950
1019121569
1053370218
1139974926
1263999643
1331583702
1332704085
1337875418
1338453810
1398567909
1453981170
1457540726
1466331216
1474538472
1523521374
1528129217
1015821631
1020899186
1034216190
1060278183
1060278450
1097877097
1105017165
1180714762
1180727306
1145708800
1217564985
1222945459
1223040023
1230740913
1264801479
1267534563
1427202864
1286481015
1293411416
1293451251
1288772864
1296852411
1316355068
1316896353
1328366837
1330105671
1332806768
1332839064
1333769617
1334296979
1338397129
1339077783
1339664974
1339828332
1339918834
1352587616
1369027109
1369142606
1372359468
1376435704
1376447105
1403310447
1430344579
1432923147
1437086995
1441225173
1444900585
1446380302
1447490744
1454323630
1457549723
1457653514
1459666238
1460784466
1461440027
1463154034
1466746670
1470308940
1473174908
1474266047
1474546221
1475115029
1475313566
1478083776
1478947048
1543626094
1266724739
1336830223
1395935070
1409629143
1495962998
1531390534
1251083078
1316940937
1406911511
1440175813
1443556291
1454411743
1470252403
1527683115
1533523602
1436398099
1436946503
1528175488
1303774639
1334704934
1339559513
1367171781
1420014251
1421807794
1424632682
1447627488
1480329245
1545973790
1489131078
1489149402
1033887909
1217561375
1260686987
1261932916
1261933988
1273630851
1305818529
1484435634
1330438337
1332983387
1336769550
1337579095
1340248050
1347573930
1367160679
1379207627
1398674917
1417011846
1421692437
1430589214
1436974069
1457546568
1461388696
1466295677
1466750140
1475620179
1477592967
1505071137
1507809889
1528238685
1287280602
1395931924
1180732896
1166563948
1177052033
1182803590
1190812009
1192504520
1217556949
1234562869
1269278999
1269279215
1269279034
1269276772
1269276905
1273626769
1273619025
1265007568
1265224652
1266818952
1307797066
1323161020
1288771584
1313309656
1317766448
1327075715
1328079943
1321990840
1325201535
1326560857
1331004133
1334614836
1336034562
1337404424
1338239452
1338471718
1339010200
1339561168
1339672252
1339691180
1345436365
1347589774
1374996134
1374994348
1374997645
1381251926
1368674564
1353189541
1353202282
1354333804
1355048334
1364677049
1372887569
1377321682
1378594150
1384649485
1384660323
1390031661
1391334206
1396814441
1409244178
1409380734
1409419288
1409465273
1409509721
1409543025
1409600499
1414891607
1420122037
1420115709
1421062531
1421666574
1425878956
1430392018
1431891783
1440047959
1443107689
1443781454
1444889492
1445042851
1445615502
1446756464
1452782874
1457827953
1457540925
1457546783
1457548934
1459986941
1463864862
1463871185
1464252033
1466744744
1466747498
1469827917
1470243520
1470245942
1470250002
1470254498
1470256020
1472426264
1474101072
1474245396
1474431286
1474973862
1474996226
1475150285
1475327009
1475461095
1475559079
1475612370
1475690359
1476003387
1476101228
1477458018
1478446748
1478586557
1479105524
1479395499
1481239857
1482633893
1482723822
1483312217
1484218473
1484389693
1484548194
1485170518
1494423652
1501034060
1502785575
1502787774
1502790523
1503891401
1505425925
1505741221
1505899288
1506531624
1507697735
1507760882
1509545787
1511849779
