1282758714
1330869098
1255976104
1282847536
1102156407
1290283404
1308850995
1289111
1073613942
1341211625
1104067743
1159705315
1348570535
1117316954
1461532866
1475043331
1445712560
1341237461
1087970743
1195073301
1264262916
1229925019
1307715182
1502603222
1161269969
1450510716
1096732916
1341246554
1416036794
1401749515
1307650190
1450512325
1045341781
1327469305
1341478474
1416326867
1486644824
1383899295
1477485302
1479178448
1223697970
1401486636
1476126928
1307674707
1217312654
1389871206
1415111578
1443022102
1306027775
1193556401
1341489741
1478603994
1485362556
1011312281
1058975356
1306009591
1307635448
1385030565
1420175502
1457133377
1458919950
1485206522
1106155355
1327021408
1450500434
1450506161
1479138725
1165131320
1513515466
1401871399
1427579938
1165115814
1165119686
1307100168
1307640539
1223804195
1361201619
1388947099
1388949617
1388960281
1416139890
1417286870
1457963120
1503847095
1085244071
1104081250
1104168058
1165127131
1182775850
1307824110
1305936706
1306056599
1306043596
1307621382
1307580951
1307658599
1307661118
1307570563
1307646646
1307608433
1307610770
1307711529
1307716024
1307751920
1307757090
1307763701
1307807458
1271995946
1341484563
1327418319
1378921016
1383905774
1383905985
1384606917
1385032744
1388952636
1388957349
1388959092
1388959104
1392192403
1397735163
1401718861
1412226467
1421042830
1415980878
1416010117
1416045180
1416068928
1416259122
1416380797
1416452439
1416528379
1430327640
1434667964
1448871569
1450508501
1451711232
1468276556
1473752510
1474364933
1474662624
1475166422
1475491518
1479188365
1480098939
1480229358
1480546323
1484463086
1484516560
1485264809
1485349858
1485878080
1486988440
1491432608
1495653392
1502555208
1502588062
1502685154
1503192889
1523334990
1526695654
1526708953
1533383438
1550814108
1553025175
1553027392
