1517332063
1389293347
1023100627
1197428389
1502885259
1082972793
1022463185
1212815211
1506594715
1186169401
1520726243
1484058430
1483010542
1080254667
1471317454
1018582035
1369433347
1170502522
1091887465
1048289019
1276735732
1484248251
1479128509
1177980737
1088226148
1421757749
1424129328
1013631070
1284111116
1182618546
1415501503
1223202806
1313033493
1419521102
1086992027
1421317820
1237407887
1343398495
1419531773
1090661196
1479668829
1416191813
1419523495
1017723101
1305324505
1234261047
1006944465
1097723746
1017766240
1113101418
1083434015
1447327349
1174741976
1176937044
1253892082
1383159149
1091223895
1455347149
1354590062
1205914548
1253916719
1354820368
1461567893
1498195605
1062515615
1402699439
1097776445
1181193302
1475389832
1218922336
1222261738
1218225184
1330936609
1206981815
1332584555
1189204913
1072695599
1222661893
1277062657
1461546925
1257070090
1383306421
1159163962
1271838663
1322059032
1307291263
1276808634
1344681236
1460831306
1519348527
1429390654
1485560538
1301002168
1440415513
1456906418
1084474530
1519113826
1501452069
1484722914
1271895743
1121625482
1159472
1485557680
1473157807
1228211366
1181124977
1205490046
1133572045
1227693582
1112357908
1194572838
1124877014
1487985346
1136855590
1450600901
1125673724
1515638841
1152430858
1523232217
1193629947
1368451373
1461558196
1382895225
1276792364
1170467414
1136194557
1022582563
1230929909
1326209394
1356700305
1017809795
1393777814
1179160655
1054495322
1073730979
1226530945
1378988259
1064162849
1309035347
1351583038
1463032158
1088205394
1382908910
1434375375
1468879371
1522517968
1064148795
1522341087
1537721215
1425015223
1461657310
1480463579
1535958349
1335761071
1456608635
1461677542
1469952613
1470613379
1337199590
1505331510
1341192663
1351546012
1378960851
1460861627
1230950388
1483125257
1442992392
1514058044
1452568184
1015825925
1087617840
1174712243
1217187310
1401672699
1119100964
1234237177
1090623255
1313177867
1029646188
1088246699
1097743061
1180257242
1275948566
1015827293
1119101752
1196909387
1015721757
1016484207
1133741975
1393955882
1015809173
1054804718
1221946667
1248043589
1118577257
1054809538
1159627482
1397841971
1016395399
1019703527
1159113273
1461430893
1336927868
1376886566
1462884300
1108589501
1406650647
1470156885
1282998766
1382911729
1354957493
1413548996
1460851067
1468876093
1468885308
1361066211
1351526376
1462082538
1284129059
1284066941
1462211491
1470608973
1282705671
1410417397
1457957806
1470559156
1475063839
1514961475
1083445468
1214386373
1361083604
1284115834
1401427475
1425586249
1470614001
1284111954
1354139542
1414665995
1462903528
1470360323
1335827008
1338840534
1344692794
1401450488
1462093188
1503311173
1084824377
1513663047
1122319397
1362937233
1470606144
1241589957
1244153671
1462084545
1470159964
1470218390
1470381033
1355872053
1191534343
1412146271
1401472916
1411099835
1462077020
1462877312
1470611646
1282707462
1282694575
1317260680
1444200459
1368436498
1523470747
1219024168
1380996391
1413484451
1509551552
1284126440
1284115878
1332409449
1435540286
1495569576
1523473436
1111447578
1316813049
1413578030
1436430263
1458965658
1470606365
1333579973
1334652583
1335808577
1340994821
1390219886
1461618179
1463051683
1463073053
1470235563
1223063755
1229077759
1253717176
1333629517
1090535422
1142423756
1174746919
1473406031
1316561231
1230491167
1253886332
1334111562
1335713429
1351570322
1409173555
1425867518
1450451678
1462073603
1462873614
1470154490
1471215817
1475655972
1494242801
1323169195
1379389910
1458130557
1462907942
1023097891
1065795353
1091612835
1205853773
1220306171
1341057656
1461687389
1497730394
1087206635
1282697002
1265187782
1276833705
1304391181
1308006000
1333590536
1341254704
1345206525
1351618454
1401442791
1401481168
1420695015
1458119248
1461667777
1470159000
1470643318
1476148223
1483954527
1506904774
1218395486
1202554793
1220240397
1241117708
1283857779
1318870086
1351958334
1432896943
1436513882
1439590255
1463021889
1543048970
1502815978
1515104643
1054806293
1102321595
1159123399
1160640628
1205742367
1234441206
1253834975
1300457286
1314512049
1314533928
1316792485
1322997165
1338853462
1342745539
1344673996
1355772886
1379315627
1413491261
1414698613
1441259894
1446171192
1457970576
1461571876
1462895576
1480280166
1470361722
1475560016
1475641028
1523334011
1523405452
1542809968
1332558408
1155310189
1265268714
1282986412
1284049310
1286635387
1332275072
1334326091
1335796028
1340953576
1524876152
1064154114
1087627685
1476179345
1128437724
1215188762
1216104716
1242749697
1259769856
1263861884
1308882573
1311496646
1374939665
1397808673
1434378617
1457135085
1457170829
1457174175
1457965860
1468915098
1470156180
1475944468
1503627991
1520617749
1538853128
1015707813
1164960819
1167590996
1181403505
1230232680
1235100564
1291709218
1382895214
1340846881
1401464381
1445562091
1457952825
1461653729
1466824319
1471595099
1475950451
1503561671
1526050738
1084385805
1128285176
1129230306
1174546314
1252133312
1282657090
1282701833
1282708851
1297312875
1311479609
1316537815
1318856902
1338865075
1343120500
1354857080
1391597465
1427413114
1434324528
1437193964
1458181222
1461662725
1461691761
1475937983
1515282087
1520624555
1523678166
1524867224
1051246733
1306228027
1235215724
1241579777
1282690415
1333551282
1390519973
1457948646
1457961489
1457976084
1458186194
1461704305
1462868083
1466487258
1470376676
1483092192
1528905420
1052424396
1398632330
1214440256
1286030178
1335705127
1416236277
1457168917
