1029659419
1145626
928364
928344
696001
1112670014
692561
1428828
802277
609021
716431
1109993
856194
1185592256
696011
696005
1307759
716428
1284890
1078628
1284903
1428807
927416
944874
1309179
927424
927423
730390
1297995
1145623
1099206
1284912
1497572807
1408461
927418
1298017
696013
1014707
696009
1243734910
1450027374
1091331
774513
856183
1478089442
1298012
944263
1323201819
1082767989
927415
1126054514
716427
745933
856205
1242119
1408161773
1428800
1081729886
1147395
1474743038
1013572488
1214357065
1006703994
763204
1380275
1019852695
1234627418
927419
1129873301
1169207732
1298438639
1298015
1124097417
1478858413
1176876
1429659324
1024192824
1206164
1399874024
1165155
1520562261
1530348631
1520574597
1200588053
1238356694
1481297566
1243740601
1521558204
1426964789
1480079141
1248061
1214358661
1082744350
1309349073
1012770822
1467050554
1169270387
1424762111
1248115120
1147349
1366759124
1021822889
1297024761
1228982465
1490026293
1492537878
1263732482
1507074427
1507932562
1148942267
1444434261
1492452328
1507942261
1531891410
1437575
1120473856
1333622651
1490051577
1504549528
1543045427
1544124070
1368654118
1469884845
1546264505
1148941900
1492516484
1229011762
1471369480
1520673670
1507965200
1416950680
1219077324
1422407689
1427187223
1490036646
1505576839
1156022978
1444490756
1169246074
1191664474
1265751151
1444108734
1465293694
1521024487
1548550766
1550496718
1552804384
