927422
835967
700701
1411241712
944305
1376603428
1058835
1036879260
609023
802369
644169
1284898
609019
598630
1192901994
1353170366
1231121835
791255
754114
1289107
802362
1332506
1332511
802355
629361
552418
629376
754116
629368
1003049285
1424964552
791304
1003047173
573072
1543916290
629359
730451
743821
629371
629362
743811
1003046625
1003046490
1231378100
1391084101
1245130141
1332494
573069
1245129026
1003049310
1049825588
1003048646
1003051067
1003051201
1003051208
1003138794
1049040451
1315729860
1003046727
1003049359
1003051049
1456683263
819265
1332497
1003135235
1411239403
1421043320
1506388500
1003051138
1024325995
1381179576
1003139623
1003137325
1415955261
1417278706
1500043337
1436193745
1411522821
1416059244
1003047476
1003051004
1028734962
1050822786
1379512812
1393019090
1406973319
1415976835
1448780570
1544875795
1546203936
1003046811
1003048418
1163043506
1411243067
1413043064
1427293193
1326577298
1496207741
1003050852
1003051204
1024348952
1411241883
1416763907
1024318262
1003049071
1003307367
1369056041
1451616440
1467339687
1003050855
1049038389
1544403239
1543112658
1024327375
1162168447
1218156748
1411241713
1003125128
1024350328
1049044789
1246875007
1328489845
1331443969
1375333450
1411241188
1415961190
1381171189
1381283817
1411238414
1432565211
1451626033
1451692965
1485254971
1551648803
1551686721
1049010970
1049039100
1003140591
1049037487
1550783277
