856217
573055
774510
935672
573048
676188
972893
573054
1332410
1123736
1159248
879726
730431
1162099
1266269648
1014753
1293220
652867
573064
676191
1213365207
669609
1332414
676190
1335685
822670
573053
856231
1332171
856228
730428
1293223
692504
676204
1266340746
692509
1131948
913654
856242
1335686
774508
1332191
879732
879739
652901
644186
652864
644187
609032
652821
644192
856201
1332194
730412
1397602609
609024
856220
1492512312
1332168
730443
856226
753184
856240
716560
879746
913595
676192
692475
1162105
1154764
1332164
774511
913653
676193
716555
1213353854
1159249
1213403793
652859
652872
1428799
609028
927426
716434
1447528267
692489
1005459897
1179548813
754119
1166039468
652856
1255280410
692456
1096175629
716551
695997
1084474830
573050
1192520254
1178389716
1268684257
1500233398
1146700050
1222019919
1185482335
1437245
1437878
1161159598
1385327574
1110488710
1354731258
1410974767
1362685717
1437893
1428801
1074445404
1437844
1437879
1206356
1252777990
1341652412
716540
1376703857
1373146351
1437518
1437870
1411034941
1437923
1180069804
1523102957
1437251
1476026497
1437317
1275645063
1317736509
1400393835
1410933574
1534598873
1206378
1437283
1436928
1437309
1255119264
1437376
1437942
1245695120
1255136889
1433562692
1457989411
1488448279
1242620
