1180722404
1309972916
1417234452
1203870629
1083181983
1493153880
1470320575
1221929866
1286729898
1275816327
1345532152
1006823787
1124406099
1232125414
1435650788
1193552008
1037946516
1174879013
1385065277
1308119863
1180032461
1408199887
1409366417
1434890534
1471416332
1367860012
1409451084
1198490970
1433024895
1456347180
1526379256
1095462126
1432085574
1189667045
1391857047
1430939389
1425713905
1434929357
1480086188
1493171987
1501419356
1232180851
1293933641
1510051779
1518204161
1023629773
1148571530
1216660975
1232163747
1345619794
1408184801
1489967898
1454486951
1462001347
1180345685
1233017236
1232108300
1037908498
1180351440
1180330038
1180327929
1175516265
1307231094
1332466723
1392520614
1392539862
1437113583
1448148433
1452855694
1480509924
1465705862
1466192674
1547496462
1550638613
1550673900
