616384
1428829
708466
1110018
661333
1323115
573052
1428833
1206160
1323120
772369
1322629002
1428841
1406672423
1196980815
1323129
1345220
1040178
758131
1428852
748930
708465
549865
766949
767121
785855
856203
1206166
913598
1333167
1428849
1017891
1234170382
1516410759
1215871
1154473
1215850
1212903
1345237
748936
1442127007
1306634
1309770644
1051327161
1215849
1038648874
1372268240
1035407889
1145628
1028430539
1206167
1345225
1344866156
1234550287
1390068382
1262609
1487571744
1180340084
1051341996
1085879299
1169726481
1277918329
1212904
1186315255
1470556453
1421612024
1479491980
1215848
1020028906
1051356850
1065862786
1011916934
1255647923
1106897158
1020396839
1178010215
1384049168
1144895756
1238167568
1221719111
1040436932
1021579452
1179250632
1176599732
1255564335
1015822155
1051361845
1470744775
1234631034
1023078219
1144386968
1207609699
1462197167
1021578753
1306636
1454075943
1463862864
1107713687
1020028397
1319466969
1237029299
1214388428
1206170
1295102936
1023315008
1323060870
1476455317
1412097292
1480097396
1108511893
1019733543
1195275142
1496734756
1498203421
1319388265
1513433339
1103729959
1158024639
1159167323
1030737726
1412012794
1489158633
1021573145
1068385640
1069203158
1086805565
1107605583
1028428800
1223680278
1356029807
1509128850
1140310629
1031141913
1112977397
1325147404
1454123302
1395914500
1524779514
1167109171
1289556996
1482688508
1496695231
1100149093
1124883488
1168807465
1171133131
1217278696
1223769789
1322982195
1371800127
1443618149
1504935359
1023078499
1140319694
1333079888
1143326744
1024624594
1068383562
1167830366
1023079024
1171444584
1280177464
1173414472
1230328852
1329792540
1385977905
1023316520
1376730226
1379132081
1409329006
1504957687
1409308552
1409312734
1409318610
1329810149
1412090647
1422047092
1457382115
1466311885
1472946799
1475655945
1476896294
1480156129
1385985204
1504996376
1505742301
1063956482
1186325011
1037349982
1255678063
1142185804
1053378485
1051366603
1345236
632477
1051364723
1195513133
1329062768
1421724171
754121
1529665160
1530728137
1532008746
1533139648
1533232039
1533495127
1554067852
1556289578
632476
1215843
1189459676
1177039963
1454953706
1051359550
1329093986
1162098
1321486594
1064487337
1156109505
1064485265
1328425044
1512502325
1036041963
1036036217
1553914534
632576
835966
835965
550121
835964
549868
550129
661378
1204086297
927178
632571
766933
703475
791302
1141744
791281
703479
632532
1141751
433901
791301
791278
605342
605364
605374
751536
605332
605390
736896
736936
703473
736932
791299
