1032303
1333001
1467564
1001335167
1333021
1090544735
1434637902
1014926863
1018087010
1293073490
1484254256
1434690212
1420381338
1012864800
1034202327
1161850783
1019802062
1420959578
1084260919
1012909761
1462037579
1263725561
1419993996
1019803045
1080907152
1012862963
1263643007
1419226094
1462042534
1019797308
1027308179
1012300518
1073993259
1215142129
1326417718
1434652504
1085282947
1095775498
1028739852
1263690718
1023252285
1434716959
1484277613
1015017888
1163760870
1263715337
1082689937
1012874180
1012869758
1449267792
1143378643
1159026385
1014930394
1014933064
1543866257
1242275465
1096188666
1171317906
1253714654
1015654265
1200337414
1518185909
1012879416
1012867330
1232476053
1439072230
1509110209
1227835285
1026825599
1022775934
1479074018
1116914967
1484666091
1085575140
1048670437
