928364
928344
696001
692561
1428828
609021
716431
856194
696011
696005
716428
1137598627
1025540552
1078628
1428807
927416
944874
1021663692
1407963899
927424
1337712966
1239048208
1146429757
927423
1430517321
730390
1297995
1099206
1357634432
1408461
927418
1298017
1067539692
696013
1014707
1024703290
696009
1238752205
1091331
1444548518
1427323943
1269273289
774513
856183
1200391695
1296704125
1462834326
1267924487
1020087839
1298012
1147771630
1082965245
1421355645
944263
1028459357
927415
716427
745933
1033099746
1034992865
856205
1242119
1002565029
763204
1380275
927419
1298015
1035884259
1206164
1121763580
1163602759
1028539448
1007675689
1243930960
1146386880
1238723852
1238698701
1011222867
1238713047
1267918473
1462193183
1097981133
1407148918
1421321631
1248061
1006763473
1532173794
1296719738
1080273431
1035848345
1490680515
1026690570
1217294364
1288826179
1117614654
1390185214
1507512896
1462969412
1035869723
1217294315
1498615123
1475364193
1540265012
1437575
1034981419
1107478425
1160652599
1408063041
1478975924
1035842009
1035851104
1540525666
1397642918
1462888873
1537642791
1544728923
1035825669
1035836057
1516059652
1035880121
1076528217
1378442003
1180180905
1238748842
1259057499
1268139813
1296749083
1339546258
1458430819
1458431584
1463048444
1477370493
1481947577
1455906873
1463056581
1480811610
1173203433
1217602002
1296698776
1444533163
1357611288
1465531995
1540237727
1544400389
1444009456
1475966511
1544124057
1465524584
1035850121
1238737914
1259123469
1462854947
1463064970
1408146289
1035873352
1035874622
1035878645
1102841306
1540062389
1217616976
1223747857
1347757330
1430559162
1437486514
1440931376
1462864387
1462964862
1465665767
1474676891
1475291937
1480618520
1517964451
1532037197
1532231254
1546461641
