1542595355
1220275197
1078359970
1474307470
1509754135
1151360339
1537280453
1541219327
1536486677
1079067350
1533024983
1266723907
1311027155
1502391986
1150662096
1544002511
1094767957
1465732349
1096434192
1518554445
1501499981
1541344060
1364162672
1499095176
1525673861
1466682701
1503188454
1293935529
1497394621
1089152877
1516773414
1160455848
1100886688
1468027599
1506633884
1160602751
1339423304
1425671763
1338314381
1079457540
1531270364
1233396265
1117534172
1502180900
1492382012
1525246601
1505279483
1085984785
1235037900
1522381231
1520916007
1242730757
1469805712
1515285606
1515729724
1131583242
1531814122
1390375713
1497397300
1072629015
1316570763
1079113129
1515729724
1507372244
1530846798
1502236093
1059866081
1534678444
1523174827
1505166901
1043424828
1538337186
1085262720
1458911691
1339435219
1469805712
1531814122
1072629015
1073251946
1116852464
1323275598
1435551947
1533608705
1096415869
1504949331
1451616797
1484018817
1493195215
1508773253
1527437922
1467006154
1079111898
1508747774
1497277279
1531255216
1286752797
1006123905
1085974115
1540263933
1508004610
1101002354
1470685852
1531254146
1481831045
1526425626
1527406262
1532856288
1475341534
1089221187
1512917034
1318566693
1485716690
1471692394
1102597900
1530248112
1239042590
1533670168
1508195732
1509771585
1031264756
1164848436
1508747774
1123830895
1540325037
1504996211
1507608766
1481831045
1506575481
1079037239
1504909542
1366433266
1100862633
1525452261
1507433599
1199469947
1464480102
1279553513
1364196446
1472825843
1479941474
1061867243
1497398366
1528884057
1486438936
1538710702
1065754157
1541423323
1530868569
1452213336
1118524299
1484005883
1510906615
1259666877
1517783168
1528042855
1345338700
1489955649
1480195436
1080190320
1507350291
1366456854
1263738438
1484788399
1514708590
1085970652
1541847844
1465855859
1533319603
1504572933
1522673964
1057854818
1111471741
1495209704
1489040845
1493144727
1543895361
1535763637
1443371675
1525280256
1485428675
1464955956
1457524932
1510878336
1506200368
1179533302
1465550696
1159748396
1511028732
1287983513
1532882873
1057985539
1489984172
1481570069
1504984282
1523188894
1529705206
1538358442
1089953281
1511185356
1116915813
1529864939
1459874569
1507989981
1209841691
1367810447
1532411271
1083873954
1159845319
1502716817
1117302039
1085987696
1085478798
1525627700
1318050548
1027420288
1498060461
1345358370
1473186995
1158061819
1222785521
1043415155
1502575650
1480096229
1096421740
1527345124
1529720357
1228662700
1241430631
1242508726
1341396527
1043904789
1520563594
1526460053
1288267504
1065345602
1273286105
1475333868
1267488870
1503330172
1078126108
1316583427
1526930407
1534678447
1425682650
1111987894
1275534956
1532884396
1294766175
1078341989
1510305686
1518378626
1505274630
1084849447
1466293342
1085981761
1294789076
1493098276
1087527445
1474646188
1177925727
1076095829
1514046842
1013769039
1110419163
1538467335
1478394981
1481220369
1100927598
1276928321
1288172149
1076031018
1518148207
1129121222
1430889972
1105078897
1504920784
1507504962
1345351830
1078376536
1540317002
1529680567
1270784229
1079405897
1490431555
1217433098
1292337273
1362972919
1145291142
1217725837
1384146829
1443601610
1472340041
1085296284
1382465400
1459463018
1535914597
1367781799
1221850309
1425106759
1494149370
1142753788
1506210448
1465352659
1525643797
1170729772
1493201250
1345351830
1505274630
1529714948
1043073272
1085981761
1294789076
1079405897
1159805764
1535797080
1262216749
1367763093
1078867674
1221850309
1425106759
1494149370
1523062849
1382465400
1473165608
1234088756
1481866527
1511468363
1474549717
1184880260
1502282032
1011722196
1057196373
1482461240
1144709919
1259677121
1249920574
1234086797
1269177339
1472011598
1070047220
1538313001
1166143859
1082991721
1296591629
1455526077
1463930971
1474812976
1102940926
1493414212
1474718888
1296911747
1315225566
1037054608
1298353943
1242961529
1306362570
1249513202
1465612710
1467255332
1528155459
1231105559
1504999690
1466897038
1116469227
1520695775
1504537695
1043518126
1345367433
1471527442
1505282055
1118590542
1219206972
1540990082
1282148544
1011722803
1083846927
1118733303
1283045858
1115550675
1425099378
1450780869
1472341112
1085612696
1364036817
1234499296
1465634335
1485677168
1544266455
1241531861
1474040406
1453366172
1129463648
1425012813
1112035347
1090649739
1469810882
1070000307
1162729951
1504423202
1549857485
1091268377
1084842333
1178034100
1186390321
1011723071
1265140504
1062260801
1243371008
1084977245
1425099805
1308966607
1321010388
1367089348
1362628156
1498050080
1465883478
1387737981
1538403729
1232440856
1550812612
1201914593
1514019051
1497949906
1234708449
1005419180
1345435587
1078344036
1159771139
1532831559
1084862356
1273419640
1425108759
1076270074
1508663768
1364362492
1011719750
1102977034
1297063934
1549859546
1463057813
1466512587
1538455218
1532063346
1499863904
1222723428
1266612613
1166840287
1150555392
1233474480
1504670274
1477657303
1480427091
1465369949
1529126538
1467632347
1251282698
1108378205
1472014423
1491012123
1084750745
1541350866
1425108052
1056053087
1495244075
1367893437
1011723803
1102624867
1549457519
1549860712
1239244855
1263612190
1496903154
1388034965
1443582690
1458791699
1143614523
1509639976
1137578931
1520985644
1541781398
1137460743
1424910951
1504999690
1467632347
1368462986
1251282698
1043507147
1298011947
1160542911
1082998430
1273517667
1367893437
1425101703
1329927725
1491012123
1388026094
1480147953
1529447078
1178359655
1493420287
1498024578
1542312972
1521804204
1102584243
1456758937
1437495950
1318759853
1464508225
1477517745
1490405767
1495347700
1498073058
1501991026
1170731809
1504679599
1159886224
1100869509
1540150452
1186133603
1079103470
1409328991
1384641655
1425109340
1361623612
1490782262
1450831002
1464965798
1514588553
1516130290
1527079915
1442206250
1542314957
1516871434
1398968013
1061876007
1177151969
1292326600
1142773050
1523610821
1475965998
1516871434
1523151126
1519702847
1368462986
1253420005
1100869509
1275847787
1542020323
1180809484
1273517667
1084744847
1425099127
1549856372
1233511078
1388026808
1542309616
1450930875
1490405773
1061876007
1398968013
1177151969
1475965998
1478408997
1482085026
1501283002
1515687452
1526586219
1536632373
1536666943
1541599238
1292326600
1523258248
1446156955
1142773050
1105078896
1077858377
1364668286
1225181679
1364349169
1391398131
1205533545
1478517190
1509012381
1265460920
1523610820
1542309513
1540259738
1524522568
1179218523
1097947809
1335470353
1516639593
1241024326
1481837559
1469540418
1484431466
1522426347
1523343283
1484644690
1546166208
1516963047
1481825499
1516809392
1288845329
1465349659
1516833294
1335430036
1523439034
1516723912
1442219305
1516694015
1465352383
1442231945
1268618926
1268549771
1112704044
1153814203
1424906704
1307659213
1442133007
1482656616
1464515644
1424984384
1516991275
1489341418
1262009537
1465369020
1524534935
1490400873
1505113531
1464513031
1439036626
1516981799
1465361149
1522917323
1519687566
1142769073
1514046338
1230440299
1545371688
1458330065
1482875368
1184651985
1425728732
1516882584
1514067242
1516746238
1262136086
1464962266
1502017449
1523167748
1514082771
1193510721
1465158811
1465174563
1547132587
1458944091
1113004418
1516861012
1523382381
1539759306
1523473392
1391373964
1171132856
1523536888
1259227613
1318732579
1524508430
1171163622
1442245549
1152563591
1307582132
1230926383
1481220307
1342988680
1522936684
1268579330
1424914608
1244092164
1137609717
1430896047
1523078910
1523048559
1248146863
1163644181
1289206283
1425670521
1465365551
1124843489
1289275716
1316693457
1425652044
1178339019
1430544175
1465359071
1192554628
1392323767
1307593852
1547123738
1268593802
1282682248
1465116992
1161455409
1160376171
1184702281
1184704001
1368418598
1424985544
1069989918
1097942637
1100926905
1184700526
1193439363
1043124331
1356547111
1379191838
1464947267
1497999655
1112999424
1230451328
1289145108
1458321440
1372964899
1465165923
1206647137
1118543473
1235705301
1142781287
1150840024
1193434238
1201951358
1379186485
1425018461
1097931163
1230459752
1241012892
1368640063
1465364281
1465367376
1488806809
1068190036
1075074979
1113641336
1132683392
1137538825
1316631368
1464492007
1457910489
1458140140
1465039935
1160600408
1463784843
1516915357
1137365024
1157957682
1288861272
1335423560
1516685741
1318769035
1120300808
1158187227
1421005973
1307510326
1356259320
1516661077
1097950886
1118561709
1178181172
1242948369
1373004573
1373025053
1043953800
1058002953
1124654832
1149889906
1171162910
1179191238
1241265333
1316592300
1316611952
1378413812
1439023907
1442211063
1449276234
1475147803
1043939814
1130188349
1143615368
1263765665
1425021234
1171137630
1318739809
1372999247
1077829919
1082973680
1356489724
1366493105
1372964899
1526351552
1077871368
1230477455
1318799206
1515000554
1268606680
1318779101
1430540448
1494047592
1335418884
1490920185
1523647675
1230959394
1309733954
1532852924
1272126810
1343152978
1452883518
1171128999
1425077097
1241061215
1522378700
1522401889
1535784031
1543522427
1230968208
1387712694
1466887992
1516944582
1466898907
1514106656
1098896121
1158123337
1532830104
1137629605
1244128265
1299659075
1351689767
1538336568
1541001709
1263706452
1318774860
1342973325
1351667434
1451335477
1464978000
1137597070
1230954731
1342961348
1522977964
1542315688
1230440293
1259685031
1464951034
1469978284
1542312762
1070471175
1318737691
1442236453
1464984574
1489939596
1497971817
1532890775
1541008419
1084884688
1173232764
1307692855
1385052448
1485672799
1514220527
1523786863
1539915177
1231102862
1389365160
1465351053
1465371164
1497982381
1542309625
1546299537
1160411090
1262150467
1361435247
1442236724
1465367428
1490408540
1507195791
1532825840
1532831179
1541708839
1372932897
1384751272
1442250530
1484778680
1484804167
1485683422
1532850759
1535810509
1542314950
1043332317
1108792470
1149586822
1157845877
1343192444
1362640906
1378407377
1453732546
1473608806
1477762448
1481363143
1490405582
1497400261
1497932201
1505912608
1506921923
1507373353
1518209457
1521868487
1525967466
1531594145
1533883034
1533939700
1534841932
1539168356
1539357656
1541696791
1100888974
1103418810
1118581319
1160033773
1180887035
1224029666
1234547850
1297065233
1312337179
1318734984
1331822490
1351689195
1364824673
1381509009
1388026673
1388027052
1388028392
1407215346
1424206878
1425724089
1458795550
1465367191
1493090562
1502740693
1508568994
1514610949
1515488348
1519094112
1519415969
1523706380
1527868309
1530878513
1532830169
1532890578
1537454388
1538782176
1540102989
1508568994
1514610949
1515488348
1519094112
1519415969
1523706380
1527868309
1530878513
1532830169
1532890578
1537454388
1538782176
1540102989
1540188581
1541318041
1541691364
1542316104
1543741889
1546170534
1108792470
1242775251
1269124449
1296641224
1364637933
1367864019
1388026689
1458134307
1465371046
1477480790
1485690337
1486338233
1490407700
1493174904
1496971962
1497196747
1518679883
1547213681
1532881292
1535774766
1085345019
1102577353
1132587279
1335411718
1465160472
1478621231
1482646730
1508796823
1509695737
1516708720
1520203080
1523157883
1523357499
1523455880
1527423284
1529731062
1532883362
1532883388
1535799681
1535806626
1536136198
1497212739
1442162676
1465369087
1466378991
1476870917
1485718150
1488833363
1490408570
1492653085
1493004997
1494219045
1496461240
1497400036
1497900238
1505740183
1511046366
1512814560
1519442524
1523275192
1529562709
1531946009
1532821441
1532829303
1532831858
1532855477
1532890834
1534072449
1534668200
1535799319
1536109384
1536110453
1539384205
1541552941
1542311393
1542313177
1083805573
1111495566
1398913801
1147468655
1178360334
1187895143
1390123472
1232946646
1244363954
1438726995
1316620447
1343242284
1349691059
1356630424
1356676553
1362514319
1364233622
1367969900
1384752472
1387737005
1387737457
1387965163
1388026259
1388026479
1390213744
1433563996
1487285035
1457093423
1464988266
1469928186
1473995645
1478133449
1480160113
1487105180
1489880676
1490404821
1490405183
1490915126
1491221764
1493319029
1496976410
1497439907
1498042637
1498529231
1500924527
1502362930
1504189571
1506564209
1508687872
1510199178
1510267512
1514111901
1515687256
1516781524
1520306357
1520461126
1523366774
1525221149
1525892653
1531827683
1532616214
1532790069
1532817985
1532826468
1532883651
1532884901
1533549862
1534893029
1535096931
1535152828
1536552056
1536779127
1537246356
1539195180
1540106781
1540193122
1541204331
1542015152
1542279647
1542313853
1542314293
1542317962
1084852872
1124414619
1151317304
1172831916
1187920241
1282310341
1283771600
1288280953
1297062123
1297063083
1297064285
1299678989
1361363761
1372945448
1378456330
1379200975
1384754436
1387738742
1388025402
1424988997
1437333607
1458883400
1464948909
1464968766
1465099549
1465112832
1469928166
1474996102
1477109940
1477435285
1490416011
1485675207
1485688574
1490407230
1490404875
1490407302
1490407687
1497216978
1498047411
1501553386
1503179519
1504421692
1515106436
1519287096
1519503849
1526830789
1527271448
1528860655
1528979017
1529740199
1529795455
1532821760
1532822259
1532825238
1532828462
1532882286
1535778565
1535784065
1535799795
1535926329
1536106381
1536110649
1537450194
1537450756
1539735298
1540035155
1541581596
1541650814
1542014492
1542014656
1542312128
1542583637
1543325816
1085304619
1103588746
1117347067
1277809936
1364270728
1367901157
1384954004
1387928762
1462295057
1462858098
1467641250
1476941714
1478544128
1488825451
1488829602
1490750107
1491250864
1497439908
1514282102
1521447347
1521844992
1521956771
1527268047
1527405126
1529684323
1532820851
1532822689
1532825579
1532857003
1532883325
1532885741
1532887238
1533015207
1536110535
1541653830
1542309594
1542315437
1543320139
1544504179
1104706917
1160637978
1390132327
1290173358
1297062905
1297382919
1341041247
1369293957
1433826473
1455480068
1463308277
1433826473
1455480068
1463308277
1477602291
1479225739
1480324490
1480801748
1486901140
1488825451
1490403669
1490405310
1494518740
1515327749
1520173303
1522869248
1547201750
1523715462
1532554542
1532858656
1535916497
1535954586
1536803919
1541003130
1541005535
1541038373
1545588076
1057243210
1164818799
1263921581
1258971922
1305655873
1314904786
1348807849
1356237516
1461050547
1465369615
1482419169
1490408833
1491238628
1500205779
1505256056
1506519157
1521472496
1529042947
1529717125
1532883015
1535919421
1536108702
1540961107
1541092342
1542315455
1543624936
1035000359
1268569119
1277826337
1387737745
1418198709
1438895389
1465365753
1471604474
1542318534
1543460665
1543613786
1544521377
1011721942
1102953308
1103440111
1103444874
1114152607
1118597253
1398932799
1156096398
1173775253
1178370623
1180298743
1187919837
1224011522
1227686252
1229428403
1239460172
1257080461
1267736395
1272300279
1279485845
1287110156
1297063203
1298012132
1298503771
1317528699
1320973416
1348896013
1356310146
1367931023
1369032849
1373012898
1378048561
1378431664
1408492519
1433484880
1433973872
1434680202
1438895389
1442200074
1454326997
1455612243
1462199818
1463048301
1465112834
1465349659
1465367683
1466681817
1478928222
1476269336
1476904379
1478406645
1481496336
1482300473
1482605103
1484090533
1485673686
1404420339
1408492519
1433484880
1433973872
1434680202
1442200074
1454326997
1455612243
1462199818
1463048301
1465367683
1466681817
1478928222
1476269336
1476904379
1478406645
1482300473
1482605103
1484090533
1485673686
1485677060
1485685890
1485717575
1485744083
1488585631
1490405213
1490407476
1490408453
1491239745
1492344975
1492900388
1493207733
1495318221
1495574612
1497398191
1497439505
1497445878
1497564991
1497867662
1500228742
1500923223
1502358602
1511199943
1506516633
1506599002
1506796605
1507702514
1510986580
1511479412
1517355235
1517710039
1519237196
1520139666
1525886529
1525957468
1527710826
1529404344
1529636564
1529802787
1532821725
1532822406
1532825226
1532852530
1532851546
1532855384
1532863965
1532885249
1532886579
1533721500
1534425520
1535782138
1535921054
1535968655
1536036258
1536110377
1536274626
1537587217
1539967393
1541010360
1541655262
1541668065
1542019167
1542020205
1542315036
1542315574
1543177274
1543567994
1545598891
1546171434
1019797018
1281304893
1481496336
1490408533
1490404972
1508763413
1518244124
1532543988
1532849297
1534243564
1539395554
1542630473
1543519501
1544443320
1019775566
1019791396
1019794465
1019796701
1056059778
1076269109
1077026238
1079598637
1085250675
1085285634
1085292192
1090601032
1099109110
1099319844
1100013135
1111495566
1179871922
1100013135
1179871921
1119370477
1398995908
1398998089
1125826184
1126908387
1141944885
1153873338
1157420397
1160637454
1390198814
1160644960
1177931521
1167041874
1167459269
1171188384
1174801620
1178064888
1178344245
1178358213
1390193265
1390175920
1178359869
1178381998
1187920035
1189631602
1189720736
1390106190
1207907737
1210817161
1210818032
1224511891
1227705784
1227943469
1228495414
1228672722
1229430912
1232363809
1234561315
1234763207
1235401201
1236122124
1236179704
1236536788
1236724920
1237745254
1240998806
1241018772
1241057945
1241556880
1242976058
1243007449
1244698739
1246036710
1246059109
1246309623
1247909117
1282092358
1262326760
1262596497
1267082849
1267087473
1295298422
1267954756
1269155487
1272211656
1272232796
1272285788
1547405837
1273912406
1275836360
1279208043
1279492869
1279589065
1281049768
1288118477
1288151218
1288151537
1288156880
1288176928
1288298067
1290544745
1297061927
1297062679
1297062714
1297064032
1297063642
1297063659
1297063735
1297064069
1297064545
1297064666
1298010828
1298011753
1298013830
1299698670
1308059423
1308987680
1310275207
1310487500
1310698238
1312317159
1314330645
1315231471
1315452825
1422134317
1316831236
1317069775
1317527803
1317527812
1317529945
1317528109
1321159234
1323001790
1324982142
1324984374
1324985421
1328351307
1334031655
1335092016
1337703096
1337749000
1338529402
1341039875
1341040460
1341040567
1341041506
1341084777
1341085455
1346890775
1348811729
1348813473
1348815030
1348817963
1348819805
1348822427
1348824407
1348826527
1348829843
1348832045
1348892836
1348897307
1348900265
1348904690
1349119285
1349677993
1349932324
1350325004
1353236201
1357166381
1361400457
1362587661
1362762263
1364772512
1366021010
1366032107
1366365466
1366767656
1367703185
1367992883
1368153861
1368218260
1372226253
1376443206
1376746346
1377429262
1377429351
1377429884
1378330806
1380392204
1427157289
1381460415
1384580586
1384643289
1384685072
1384686106
1384752592
1384753257
1384753347
1384754256
1384758213
1384820699
1384856025
1384857339
1384857676
1384857683
1384858156
1384889527
1384893935
1384899405
1384962814
1384973263
1385041225
1385041394
1385042872
1385042879
1385044641
1385050588
1385050610
1387713540
1387737855
1387738365
1387891375
1387900822
1387926827
1387927706
1387928864
1387935998
1387938177
1387939234
1387939435
1387954145
1387964782
1387965066
1387965157
1387965257
1387965650
1387979216
1388028232
1388025016
1388025096
1388025610
1388028334
1388025696
1388025705
1388025718
1388028129
1388025795
1388026002
1388026007
1388026019
1388026035
1388026173
1388026190
1388026349
1388026357
1388026558
1388026864
1388027013
1388027059
1388027938
1388028236
1388028592
1388035935
1388035730
1388033716
1388034084
1388034089
1388034381
1388034498
1388034792
1388035059
1388036433
1388935619
1388937187
1388937360
1388938881
1388939148
1388939642
1388940039
1389025085
1389026062
1389026248
1389321718
1389331729
1389369794
1389370609
1389371454
1389396098
1389401836
1390076667
1390097190
1390111712
1390118343
1390126204
1390126223
1390128737
1390131117
1390131532
1390135744
1390135303
1390168270
1390185421
1398298647
1398530116
1398531455
1398531648
1398539130
1398537313
1398538008
1398538432
1398568484
1398568800
1398569897
1398572096
1398572282
1398572352
1398572362
1398572631
1398590883
1398590920
1398591354
1398591564
1398593433
1398603108
1398603208
1398603709
1398606064
1398606166
1401053414
1405360775
1405853863
1406608508
1406608794
1406625580
1406625780
1406626819
1406627637
1406672199
1406674670
1406696505
1406697447
1406697534
1406742430
1406743126
1406743273
1406743526
1406743981
1406744179
1406744223
1406744785
1406744869
1406828506
1406830473
1406831440
1406831530
1407215168
1407215579
1407215973
1408484262
1408565112
1408866509
1408876449
1409071947
1409659722
1410520345
1410564186
1412216980
1412751130
1412755177
1412759919
1412771542
1412775351
1442863303
1418197619
1418198189
1418198701
1418198813
1418199185
1433971312
1433971483
1433972093
1433973060
1433973466
1434010786
1434676290
1434688233
1435530271
1437495827
1440413066
1441046514
1441047558
1441047578
1441047585
1441047779
1441048005
1441048023
1441048701
1441048735
1441048878
1441048974
1441049254
1441921773
1442117528
1442119410
1442241577
1442733157
1443352074
1443580974
1446942443
1448212672
1448807350
1450827409
1450828400
1451654232
1457311243
1458842649
1458935989
1459019853
1459135813
1460365360
1460916114
1460920102
1461501173
1462344923
1462846313
1462848636
1462851860
1462856064
1462862521
1462877458
1462919788
1462930565
1463374302
1463645359
1464478786
1465169069
1465175224
1465190586
1460916114
1460920102
1461501173
1462344923
1462846313
1462848636
1462851860
1462856064
1462862521
1462877458
1462919788
1462930565
1463374302
1463645359
1464478786
1465169069
1465175224
1465190586
1465341617
1465357337
1465360707
1465367579
1465975477
1466207590
1466393429
1466890344
1468725145
1469448864
1469495859
1469524255
1469528800
1469929502
1478599991
1478495191
1470790531
1470791032
1472019929
1472500709
1472957175
1472958953
1472973768
1473075880
1473094463
1473134658
1473139508
1473992213
1474667091
1474866588
1474988128
1475000865
1475051072
1475193479
1475194272
1475287819
1475516911
1475740118
1475740783
1476044125
1476207772
1476263426
1478599991
1478495191
1470790531
1470791032
1472019929
1472500709
1472957175
1472958953
1472973768
1473075880
1473094463
1473134658
1473139508
1473992213
1474667091
1474866588
1474955532
1474988128
1475000865
1475051072
1475193479
1475194272
1475287819
1475516913
1475740118
1475740783
1476044125
1476207772
1476263426
1476509569
1476889846
1476929020
1476951349
1476960446
1477000262
1477166456
1477175122
1477475186
1477497630
1477501758
1477592077
1477620858
1477662961
1477687581
1477702287
1477716627
1477828691
1477831286
1478266160
1479187691
1479476916
1479800022
1479875611
1479951635
1479978385
1480007637
1480352169
1480399450
1480531401
1480794190
1485677886
1485678144
1485678242
1485678451
1485682915
1485683408
1485684210
1485685313
1485685747
1485685915
1485686202
1485686695
1485686703
1485686925
1485687082
1485687160
1485687267
1485687274
1485687620
1485688562
1485688608
1485689348
1485689572
1485690147
1485690259
1485709031
1485711001
1485742211
1485745703
1485749641
1485797190
1486643549
1486936344
1487284542
1487285106
1488405171
1488578304
1488580660
1488581004
1488581091
1490401992
1490402159
1490402174
1490402299
1490402772
1490402906
1490403313
1490404288
1490404471
1490404513
1490405488
1490405499
1490405890
1490406280
1490406281
1490406859
1490407243
1490407282
1490407457
1490407712
1486643549
1486936344
1487284542
1487285106
1488405171
1488417612
1488421027
1488578304
1488580660
1488581004
1488581091
1490401992
1490402159
1490402174
1490402299
1490402772
1490402906
1490403313
1490404288
1490404471
1490404513
1490405488
1490405499
1490405890
1490406280
1490406281
1490406859
1490407243
1490407282
1490407457
1490407712
1490407724
1490407840
1490408446
1490408735
1490408747
1490409461
1490420528
1491116647
1491161587
1491162855
1491166632
1491167974
1491180763
1491180825
1491189806
1491191303
1491217953
1491221982
1491226417
1491227156
1491230601
1491230748
1491232994
1491234430
1491241494
1491242555
1491246505
1491246591
1491250137
1497886321
1498039259
1498068460
1498529831
1498517782
1498521876
1498700691
1498724645
1498803825
1499249069
1500195387
1500202001
1500202563
1500207942
1500255168
1500411574
1500930806
1500932408
1500932564
1501544284
1501745342
1501745545
1501743169
1501743847
1501751196
1502673584
1503178786
1503182010
1503185966
1503201660
1503213639
1503234489
1503249183
1503261195
1503277926
1503294438
1503310420
1503405880
1503502655
1503853765
1504415021
1504423233
1504420483
1504594052
1504677517
1504752681
1505415779
1505739253
1505740987
1505756332
1505771614
1505912137
1505984116
1506489864
1506578949
1506883526
1506886409
1506988607
1507628256
1508057016
1508059299
1508445554
1508455267
1508541545
1508655295
1508724403
1508755345
1508935151
1508946675
1508990044
1509080978
1509221065
1509262498
1509506974
1509539827
1509563326
1510074426
1510125257
1510196609
1510349691
1510648263
1512025375
1512134164
1512868466
1512904005
1543960700
1514741659
1515896342
1544950123
1516524437
1516534038
1516891916
1517094274
1517100488
1517136241
1517790196
1517935329
1518565097
1518679680
1519357684
1519377995
1519430232
1519453632
1519462196
1519469324
1519478962
1519491993
1519603170
1519695281
1519706679
1520100312
1520151247
1520174912
1520188030
1520211513
1520244091
1520244978
1520246054
1520336594
1520371831
1525908915
1525921634
1525931609
1525946889
1525949365
1525976468
1525995525
1526017038
1526023211
1526989919
1527400453
1527406143
1527419103
1527422003
1527423863
1527424649
1527722590
1527724820
1527726052
1527758388
1527758770
1527760182
1527760273
1527760360
1527762060
1527867099
1527954769
1527973815
1527998930
1527996854
1528552615
1528560695
1528767047
1529500748
1529514683
1550680734
1530518087
1531841842
1531948284
1532212979
1532247641
1532540918
1532543796
1532545798
1532546928
1532547622
1532547649
1532547656
1532548597
1532549947
1532550686
1532550881
1532552532
1532553118
1532553736
1532553743
1532555732
1532603681
1532630652
1532637160
1526017038
1526023211
1526989919
1527400453
1527406143
1527419103
1527422003
1527423863
1527424649
1527722590
1527724820
1527726052
1527758388
1527758770
1527760182
1527760273
1527760360
1527762060
1527867099
1527954769
1527973815
1527998930
1527996854
1528552615
1528560695
1528767047
1529500748
1529514683
1529562708
1550680734
1530518087
1531841842
1531948284
1532212979
1532247641
1532540918
1532543796
1532545798
1532546928
1532547622
1532547649
1532547656
1532548597
1532549947
1532550686
1532550881
1532552532
1532553118
1532553736
1532553743
1532555732
1532603681
1532630652
1532637160
1532817919
1532818480
1532821729
1532824031
1532820566
1532821743
1535775037
1535775593
1535778138
1535779693
1535786055
1535794416
1535795882
1535795888
1535797478
1535797638
1535797657
1535798294
1535798390
1535799726
1535801244
1535809328
1535842526
1535843093
1535848385
1535849104
1535849107
1535849117
1535849912
1535850860
1535850972
1535851164
1535851293
1535853129
1535852194
1535852196
1535852199
1535852845
1535852847
1535852849
1535853032
1535853035
1535853038
1535853136
1535856728
1535859705
1535860577
1535861346
1535861368
1535922731
1535921830
1535911598
1535911614
1535922531
1535912268
1535912287
1535926736
1535916095
1535916107
1535916110
1535916494
1535916507
1535917879
1535918206
1535919146
1535919212
1535850860
1535850972
1535851164
1535851293
1535853129
1535852194
1535852196
1535852199
1535852845
1535852847
1535852849
1535853032
1535853035
1535853038
1535853136
1535856728
1535859705
1535860577
1535861346
1535861368
1535922731
1535921830
1535911598
1535911614
1535922531
1535912268
1535912287
1535926736
1535916095
1535916107
1535916110
1535916494
1535916507
1535917879
1535918206
1535919146
1535919212
1535919242
1535919245
1535919388
1535919390
1535924531
1535919746
1535919772
1535921083
1535921101
1535921106
1535921492
1535921501
1535921659
1535921727
1535922432
1535922439
1535922459
1535923570
1535923675
1535923976
1535924159
1535924564
1535924734
1535924819
1535924935
1535926140
1535926154
1535926157
1535935499
1535944929
1535941198
1536003833
1536031815
1536035089
1536035097
1536035801
1536037088
1536037100
1536038759
1536038855
1536039246
1536039363
1536105116
1536110632
1536105379
1536106286
1536106718
1536107208
1536107214
1536107619
1536109934
1536108288
1536108537
1536108592
1536108659
1536108686
1536108916
1536109057
1536109066
1536109294
1536109371
1536109390
1536109639
1536109658
1536109856
1536109892
1536109894
1536109965
1536109969
1536110444
1536110481
1536110491
1536110522
1536110748
1536110938
1536110941
1536111616
1536111636
1536113382
1536114584
1536115953
1536133510
1536138584
1539109081
1539300201
1539351584
1539697500
1539778302
1539776280
1539868380
1539888299
1539957628
1539959305
1539961790
1539962819
1540912856
1539967342
1540729962
1539968062
1539969160
1539969164
1539969489
1539971458
1539971652
1539971864
1540097655
1540099215
1540101615
1540109432
1540126640
1540203745
1540403751
1540730831
1540879216
1540961104
1540961816
1540968829
1540964810
1540964815
1540965092
1540965884
1540965888
1540967254
1540967459
1540967508
1540967512
1540967858
1540967944
1540972530
1540968325
1540968549
1540968627
1540968637
1540969592
1540969762
1540969766
1540970149
1540970270
1540970279
1540970555
1540970813
1540971411
1540971739
1540099215
1540101615
1540109432
1540126640
1540203745
1540403751
1540730831
1540879216
1540961104
1540961816
1540968829
1540964810
1540964815
1540965092
1540965884
1540965888
1540967254
1540967459
1540967508
1540967512
1540967858
1540967944
1540972530
1540968325
1540968549
1540968627
1540968637
1540969592
1540969762
1540969766
1540970149
1540970270
1540970279
1540970555
1540970813
1540971411
1540971739
1540971810
1540972015
1540972019
1540972248
1540972490
1540972494
1540972498
1540972592
1540972971
1540974190
1540975189
1540975193
1540975463
1540976161
1540976363
1540995776
1540999536
1541000690
1541003160
1541005100
1541006874
1541007713
1541009499
1542316293
1542316664
1542316695
1546903968
1542317841
1542321485
1542321688
1542322015
1542322026
1542328934
1543315989
1543316891
1543318009
1543327104
1543327613
1543328822
1543332159
1543461075
1543462044
1543491202
1543495467
1543496956
1543526899
1543543219
1543553400
1543557344
1543559503
1543560395
1543560981
1543561864
1543561947
1543562160
1543562485
1543563165
1543566607
1543566610
1543567757
1543568163
1543568683
1543568747
1544113948
1544237631
1544250121
1544442895
1544450294
1544460453
1544460460
1544479981
1544493546
1544525105
1544885566
1544887016
1544889173
1544907304
1545017963
1545037892
1545167558
1545188750
1545696190
1545758801
1543543219
1543553400
1543557344
1543559503
1543560395
1543560981
1543561864
1543561947
1543562160
1543562485
1543563165
1543566607
1543566610
1543567757
1543568163
1543568683
1543568747
1544113948
1544237631
1544250121
1544442895
1544450294
1544460453
1544460460
1544479981
1544493546
1544525105
1544885566
1544887016
1544889173
1544907304
1545017963
1545037892
1545188750
1545696190
1545758801
1545884335
1545975179
1546157970
1546160114
1546164167
1546168324
1546169548
1546170633
1546172345
1546205420
1546527416
1546544332
1546571589
1546606658
1546664035
1546667266
1546909294
1547126584
1547245606
1547266218
1547316157
1547410525
1547415576
1547416225
1549530453
1549531135
1549531953
1549595096
1549596287
1549598749
1549598994
1549599723
1549600723
1549602163
1549603698
1549615021
1549621871
1549625214
1549644950
1549781234
1549786759
1549794820
1549822605
1549828582
1549831863
1549833185
1549838967
1549841534
1549842587
1549844897
1549846806
1549848410
1549850038
1549851515
1549854171
1549856128
1549856374
1549857483
1549859548
1549860717
1549862495
1549864109
1550099695
1550140799
1553970565
1550191411
1550290254
1550591553
1550660440
1550660665
1550660853
1550667048
1550678410
1550692311
1550694207
1550694696
1550701186
1550711205
1550713599
1550746383
1550747214
1550754774
1550794725
1550838816
1550894400
1550997924
1551004229
1551005976
1551008416
1551009635
1551019732
1551032630
1551025160
1551030363
1551069953
1551174950
1551253197
1551344701
1551353670
1551353780
1551356269
1551356370
1551356533
1551359768
1551443522
1551443706
1551443798
1551443876
1551443899
1551444089
1551444512
1551444800
1551445097
1551446074
1551446255
1551446647
1551446652
1551446869
1551594535
1551595084
1551594654
1551593582
1551596787
1551594854
1551594947
1551594946
1551700631
1551693177
1551698637
1551700453
1551840133
1551863009
1551902302
1551992289
1552541256
1552562157
1552603158
1552644204
1552664114
1552675043
1552813463
1552814097
1552814532
1552815031
1248091193
1290885252
1488818366
1535921105
1282214233
1522887872
1523536888
1477815898
1542298706
1118618460
1262140476
1288839830
1324599797
1478243560
1482707446
1496109568
1525048825
1530970660
1536109905
1540967876
1505694380
1508971187
1166147977
1246263244
1417124940
1475198022
1475199436
1477799229
1479988869
1505314411
1508341676
1508801691
1516757427
1535850402
1535852203
1535855795
1535859090
1535861532
1535860864
1535861448
1535861472
1535861656
1535912303
1535917610
1535919153
1535919406
1535919676
1535919712
1535921255
1535921657
1535922751
1535922778
1535922882
1535923452
1535923611
1535923663
1535924178
1535924954
1535925983
1535926341
1535859090
1535861532
1535860864
1535861448
1535861472
1535861656
1535912303
1535917610
1535919153
1535919406
1535919676
1535919712
1535921255
1535921657
1535922751
1535922778
1535922882
1535923452
1535923611
1535923663
1535924178
1535924954
1535925983
1535926341
1535943154
1536035103
1536035887
1536038171
1536046333
1536039379
1536045834
1536092008
1536094392
1536110931
1536095258
1536095382
1536095458
1536096653
1536097539
1536105173
1536106823
1536107078
1536107224
1536107511
1536107597
1536107671
1536107673
1536108199
1536108545
1536108579
1536108593
1536108646
1536108784
1536108963
1536108979
1536109901
1536110368
1536111450
1536111622
1536115637
1545697881
1545884341
1549529322
1551169606
1551906369
1551908816
1551909560
1553223349
1554084190
1554173283
1442226289
1465358055
1541638426
1432538050
1481678849
1540895535
1410765407
1442126991
1458125014
1458279912
1505696181
1464964660
1488840340
1488843413
1491169896
1510719362
1296296130
1316661510
1431791739
1458759051
1510143762
1516705842
1517962379
1458721756
1525857430
1535921526
1538314873
1541415486
1424939330
1506039649
1522958015
1531386385
1333891285
1425092236
1102166066
1262383583
1425653851
1435930127
1464506766
1482367467
1488522823
1493171301
1505011770
1509050010
1524715109
1534095643
1536031091
1536140034
1509084925
1509136161
1525857430
1535921526
1538314873
1541415486
1424939330
1506039649
1522958015
1531386385
1333891285
1425092236
1102166066
1262383583
1425653851
1435930127
1464506766
1482367467
1488522823
1493171301
1509050010
1524715109
1534095643
1536031091
1536140034
1147876935
1509084925
1509136161
1307522568
1343179238
1381852998
1410751513
1410784313
1410826315
1425020669
1425035232
1425063581
1442110244
1442194900
1450819464
1450822092
1458198053
1465145307
1465345315
1481196518
1481799040
1482233533
1482368092
1490404068
1490006786
1491032279
1491033300
1491051464
1491051864
1491147274
1491150761
1491218232
1508996003
1510775987
1513134784
1517007701
1518024361
1540969330
1540973151
1540977152
1544490020
1544495091
1547570065
1549457519
1549689844
1554203095
1124446221
1147876935
1356480142
1550812612
1150985267
1424987215
1104638795
1458305737
1481193234
1149884550
1457994849
1150579011
1523402157
1516929383
1532751137
1424906719
1424910707
1521015492
1214337488
1430503806
1530187302
1282247494
1345404381
1473253353
1077844717
1458112217
1108767801
1343045928
1179214006
1235524391
1237348050
1299665740
1513888700
1544333527
1450832397
1450835702
1466874302
1513293333
1498176223
1549911123
1516843692
1544340086
1543157703
1465352384
1305088606
1335439755
1472586604
1261992594
1299636237
1498018579
1234708451
1077844717
1458112217
1343045928
1179214006
1235524391
1237348050
1299665740
1513888700
1544333527
1450832397
1450835702
1466874302
1513293333
1498176223
1549911123
1516843692
1544340086
1543157703
1465352384
1305088606
1335439755
1472586604
1458949591
1261992594
1299636237
1498018579
1234708451
1282100874
1352730856
1442117297
1442118789
1493258303
1541658509
1543127279
1543180990
1543210769
1543248971
1543276891
1335451992
1458316033
1487566679
1517108485
1517159140
1424915842
1438848596
1442438380
1458251869
1516771628
1073094948
1512937892
1424912708
1525299970
1466919826
1282251797
1495313516
1124683996
1425660316
1268564619
1375101431
1356341465
1540977152
1544490020
1544495091
1547570065
1549689844
1549794820
1554191554
1554203095
1554951818
1555000819
1555986803
1345404378
1124446221
1356480142
1424987215
1150985267
1458305737
1531393069
1104638795
1481193234
1149884550
1430503806
1457994849
1523402157
1150579011
1516929383
1532751137
1424906719
1424910707
1521015492
1214337488
1532461133
1507024650
1503509646
1530187302
1473253353
1077844717
1458112217
1498176223
1282247494
1343045928
1235524391
1237348050
1513888700
1299665740
1179214006
1544333527
1450832397
1450835702
1549911123
1466874302
1513293333
1516843692
1544340086
1543157703
1472586604
1305088606
1335439755
1458949591
1261992594
1520185681
1525951730
1541959671
1515094395
1424975670
1458040364
1491211519
1511922455
1536109359
1536110350
1542293850
1458264308
1230947051
1477515226
1425104637
1303850620
1381340452
1392352652
1396964569
1430498606
1459016705
1465444372
1479228014
1491124888
1491125284
1491129845
1491174265
1491185312
1493190793
1498808026
1498812610
1525710559
1531841267
1531841648
1535853603
1535861641
1535913318
1535916521
1535921097
1535923028
1535923597
1535923641
1535925455
1535926062
1535926082
1535926175
1535937910
1536039040
1536039323
1536042112
1536086628
1536092726
1536096439
1536096688
1536097361
1536097545
1536104620
1536105099
1536105394
1536105804
1076045988
1516714255
1372929959
1424982854
1466880278
1457958825
1527094220
1225315523
1230941029
1524546882
1248519685
1473718546
1505764317
1373060719
1439014191
1076046429
1481496345
1546474146
1324989492
1441923760
1482704000
1512939103
1554961344
1555008464
1536147252
1544392873
1230931319
1242751311
1481811727
1482636054
1491186235
1507007205
1536093509
1536110357
1425019030
1474557735
1491211496
1491109741
1520185681
1525951730
1541959671
1424975670
1515094395
1458040364
1491211519
1511922455
1536109359
1536110350
1542293850
1458264308
1477515226
1230947051
1425104637
1303850620
1381340452
1392352652
1396964569
1459016705
1465444372
1479228014
1553260490
1442141249
1505003542
1517950432
1522835299
1501893167
1467180073
1508582940
1522594818
1522834819
1520216253
1425073230
1535703639
1184701614
1433566034
1522835958
1531652822
1539929651
1540156165
1540974195
1316626385
1431565886
1498029658
1498034745
1171156987
1230922651
1262165253
1465152475
1525441854
1542293810
1542301417
1466868976
1299631693
1314302075
1379182219
1412399457
1434601392
1433486248
1434646939
1436643806
1437846968
1450649505
1451255531
1469510942
1477773660
1481547180
1491129010
1491172068
1491173787
1511935159
1517025948
1517881411
1522541561
1522590524
1525869168
1527350725
1535850868
1535852212
1535852664
1535852935
1536135171
1536137001
1536137873
1536138355
1536138483
1536138865
1536138896
1536139433
1536139640
1536140045
1536143020
1536149029
1536146787
1536147582
1536147954
1536148566
1537247329
1537246370
1539960005
1540695738
1540969242
1540972057
1540977139
1542294067
1542296885
1542301546
1544049185
1544455705
1544491610
1548005479
1548063434
1549509389
1549510858
1549621987
1551174807
1552881374
1553040848
1553260490
1554160455
1554167715
1554187424
1554190102
1554190108
1554190781
1554192187
1554192266
1555251820
1555460828
1555461367
1555464075
1555464608
1555465468
1555472206
1555476531
1430498606
1442141249
1505003542
1517950432
1522835299
1501893167
1458229444
1458102594
1465535603
1458746447
1515687910
1127377724
1356529088
1374820238
1445217692
1462994165
1544429588
1551208799
1553733135
1554189488
1554190166
1554190401
1554191432
1554191640
1554343422
1554343801
1554344561
1554344571
1554344873
1554344876
1554345356
1554346341
1554350243
1554953936
1555164817
1555166649
1555168087
1555168831
1555248798
1555251551
1555358187
1555463599
1555464067
1555712108
1555770413
1555917943
1555957198
1555995425
1556268533
1556428162
1556550295
1556048079
1555983345
1555473571
1556278761
1519193187
1509695731
1482403984
1518773783
1484077154
1484340566
1518760091
1539043831
1484158557
1539765990
1139115565
1536109030
1536108967
1536108982
1536109236
1536110386
1536140042
1536147241
1536148539
1539957622
1539959307
1539967076
1539968253
1540961114
1540965894
1540967642
1540967864
1540969907
1540971246
1540972221
1540972596
1540972935
1540972967
1540974794
1541948402
1541958362
1541958854
1542291979
1542292490
1542296794
1542298027
1542298208
1542299441
1544458855
1546474675
1546624490
1546797004
1546798079
1546802559
1547257909
1548024036
1549508988
1549511805
1549527390
1551549399
1554161329
1554191136
1554190873
1554192201
1554537003
1554952467
1554999121
1555203422
1555463612
1555464753
1556035728
1466868976
1425649605
1397691239
1424912907
1457945880
1424766518
1464482696
1006092441
1205754186
1458229444
1458102594
1465535603
1458746447
1515687910
1544429588
1555711530
1556902816
1557264331
1557785290
1555470204
1518164921
1555464600
1555465740
1555465930
1555463591
1555462618
1555703806
1558667685
1558599884
1558595226
1557317125
1558289287
1557331115
1557337428
1557338335
1557335515
1557330849
1557343046
1557343892
1557334153
1557337243
1557335507
1557338345
1555185724
1555166637
1555186633
1555186740
1551901795
1555162983
1555165146
1555188674
1552865159
1555183606
1555185087
1555185117
1552860883
1552860888
1552864362
1552865669
1552868225
1552875580
1552864014
1552864704
1552869161
1552869745
1552870368
1552872341
1552873032
1552873481
1552897140
1557342877
1558602851
1558523922
1558690193
1559492661
1559635723
1558705993
1559632404
1127377724
1356529088
1523368752
1539897133
1431794131
1524496960
1356288765
1523227419
1324980871
1458295956
1465334960
1536113421
1544453335
1555465735
1093648246
1559679739
1559742364
1559750592
1278743531
1441047791
1442120260
1442120718
1474813144
1425074414
1504477230
1458770189
1458806924
1523239350
1555462182
1124706068
1261979167
1288826325
1432539946
1424986878
1472595311
1438798124
1488798258
1493139600
1465353014
1531082379
1531112154
1074602107
1137335679
1343062067
1230950902
1307609245
1343020426
1475682362
1477092614
1477092870
1479964801
1481219702
1481270269
1481289609
1512360117
1489002969
1491109038
1491266638
1511793965
1511800884
1547112795
1531860641
1535849113
1535850125
1535850656
1536095252
1536095496
1536097337
1536097646
1536109634
1536110418
1536110654
1536113250
1536114473
1536132985
1536135152
1536148839
1538374703
1541689308
1544083844
1544228433
1545321712
1547412083
1548585961
1550477967
1550488158
1553087663
1458010470
1504033233
1508939285
1516693279
1518030494
1528034174
1533505963
1541406666
1451276133
1491341881
1508633229
1539991280
1517942753
1529743142
1536106389
1415017919
1451551887
1465332385
1481533051
1491398975
1500361481
1505011770
1536104804
1266885332
1256545401
1317007561
1425676868
1433997017
1438881705
1461423836
1442239606
1449579346
1491202013
1503131361
1503133350
1503775249
1505564422
1508808692
1531366275
1531679603
1531707437
1535914712
1535921993
1535922477
1535924022
1535944232
1536105214
1536106119
1536106711
1536110332
1536107481
1536108167
1536108938
1536116106
1536138636
1537451783
1537467979
1539966139
1540964153
1540968545
1540971967
1540971974
1540972521
1541446099
1541958746
1541958864
1542043161
1542293814
1542295433
1542295634
1542296379
1542300374
1542301833
1544963052
1546746021
1547695104
1549527451
1551049687
1552722517
1552834937
1554192065
1554192842
1554568389
1555461707
1555462455
1555463495
1555463996
1555473607
1555475055
1555475735
1555476239
1556320516
1458010470
1504033233
1508939285
1516693279
1518030494
1528034174
1533505963
1541406666
1451276133
1491341881
1508633229
1539991280
1517942753
1529743142
1536106389
1415017919
1451551887
1465332385
1481533051
1491398975
1500361481
1505011770
1536104804
1079121360
1266885332
1256545401
1317007561
1425676868
1433997017
1438881705
1461423836
1442239606
1449579346
1491202013
1503131361
1503133350
1503775249
1505564422
1508808692
1531366275
1531679603
1531707437
1535914712
1535921993
1535922477
1535924022
1535944232
1536105214
1536105214
1536106119
1536106711
1536110332
1536107481
1536108167
1536108938
1536116106
1536138636
1537451783
1537467979
1539966139
1540964153
1540968545
1540971967
1540971974
1540972521
1541446099
1541958746
1541958864
1542043161
1542293814
1542295433
1542295634
1542296379
1542300374
1542301833
1544963052
1546746021
1547695104
1549527451
1551049687
1552722517
1552834937
1552835265
1552838138
1552838155
1554956433
1555003531
1555247490
1555985525
1523487511
1527047755
1441921700
1544384641
1442124544
1483533525
1126542513
1516756607
1324980149
1493155203
1546501177
1425019315
1458127430
1433563724
1458727121
1518091448
1424980860
1458337492
1164813075
1482396554
1438836462
1539427335
1527351426
1465557663
1555473101
1555461124
1558599386
1559640100
1271684339
1387901305
1425089538
1431591482
1434000630
1436643806
1497008245
1531072776
1531108695
1546760001
1556187370
1489541408
1544461775
1276845461
1152637971
1425036529
1509976501
1488560892
1555464641
1151030491
1324964649
1395106269
1398296399
1398383090
1398531379
1398571676
1398592861
1398606329
1441047606
1276974549
1516906221
1425666535
1489907170
1299707720
1425034237
1425069802
1524489038
1148015771
1531071173
1531108024
1268533078
1539894759
1080114738
1424984424
1516628893
1316563211
1502351047
1479555512
1543006123
1388028136
1388028431
1433827455
1433971476
1442117293
1442119417
1474925502
1516676650
1434502521
1458179503
1482565774
1458188401
1465553630
1504420645
1534889567
1424915591
1522900012
1425078640
1442152375
1516732998
1540811661
1372979635
1493085648
1516005979
1424914921
1445347978
1506933475
1536283330
1544934331
1499642905
1324991007
1540210283
1543610737
1430500605
1489896996
1536110466
1465367455
1517064469
1171205497
1516818201
1518456625
1522926992
1536694869
1531313874
1294753764
1424985531
1528901679
1545077935
1409348336
1536136679
1143595137
1282644987
1338936517
1424998081
1536697234
1540972244
1545060329
1268615255
1459019245
1294740807
1442255471
1517140576
1480237247
1482293118
1482293725
1488811200
1490868683
1498819734
1499620098
1499620571
1499643651
1505889148
1509048327
1515896428
1516533977
1520181647
1527134481
1528677615
1529786713
1530935083
1531838201
1531859613
1535918091
1535921688
1535921849
1535925738
1536093952
1536094188
1536095365
1536095569
1536095879
1536096856
1536103913
1536106197
1536107064
1536108487
1536108583
1536108712
1536109842
1536110506
1536110548
1536115251
1536118847
1536116678
1536138929
1536135913
1536137964
1536138376
1536138396
1536146024
1536146097
1536697435
1538360595
1539965366
1540208248
1540966976
1540971407
1541722542
1543610023
1544492210
1544939796
1545069557
1548028238
1549509302
1549525393
1549531029
1549527159
1552824573
1552825515
1552825948
1552826562
1552847215
1552848241
1552849108
1552850482
1552877997
1552881221
1554191430
1554189419
1554190126
1554190416
1554190909
1554191152
1554191698
1555169644
1555466232
1555474358
1555973521
1288904889
1494228204
1540274257
1079131592
1317042757
1482456137
1531355725
1537769411
1517884174
1134545011
1292032059
1023764559
1307504934
1425001076
1509068119
1525461925
1529500143
1531375457
1476811890
1147417067
1147433485
1147561909
1147581477
1147741443
1199972114
1288303038
1291998297
1320113099
1433826771
1504490193
1478372684
1479107554
1488807727
1498364781
1494103952
1425659336
1082983204
1503806208
1424982580
1424985612
1503606535
1492786710
1524214215
1555985525
1556989136
1557409290
1442217733
1137410761
1458784419
1531081410
1531111781
1318746838
1244140744
1343166367
1458615226
1479804896
1506454511
1507811280
1509403082
1532521007
1532523335
1532536001
1532536567
1537994613
1538043209
1540190269
1543606387
1544674483
1299646231
1430500959
1424851552
1493555257
1438962880
1318729180
1430866426
1458133210
1034411329
1458104973
1532520300
1540193488
1540230023
1543608141
1543615326
1473911713
1507784179
1530451969
1538915787
1532427585
1424992744
1505039110
1525048825
1498336675
1536109664
1544394110
1409365748
1491763884
1530457428
1544086386
1544276643
1556187370
1324855865
1324872279
1324887561
1324950528
1324964871
1324987705
1332677359
1337776290
1433998893
1434010460
1442243143
1458164079
1507820773
1535858693
1540229612
1543613017
1544079002
1545306869
1545331121
1547300106
1087394817
1329108965
1425019818
1458119650
1473851833
1522869245
1545836430
1498004915
1516890010
1531864267
1425069173
1480551461
1538715965
1489801660
1531388682
1536106825
1424905922
1465152349
1491205737
1520214993
1532123456
1079052876
1424988968
1493071568
1462135581
1473849058
1488767982
1491252996
1536110729
1544267120
1387891366
1409323846
1425104900
1425645776
1464494419
1465517953
1491085824
1491088708
1491117561
1491119941
1491196118
1491196799
1491206265
1491253881
1492858393
1494693597
1498334903
1498343299
1498346172
1498731199
1498733302
1503816905
1512923403
1531067624
1531070159
1531105988
1531107089
1531839825
1531841839
1535852358
1535852443
1536044979
1536096159
1536105398
1536110426
1536110435
1536136118
1536137113
1536137190
1536138660
1536138935
1536148534
1536148537
1537968121
1538380934
1541188887
1544492755
1544495517
1547452285
1549508009
1549645754
1550830243
1551240590
1551243722
1551548812
1551549425
1551809856
1552794613
1552796258
1552796951
1552798309
1552879687
1554036614
1554190218
1398006484
1508997821
1541587487
1474649149
1515210591
1500646395
1017201545
1493075347
1526536945
1527136615
1541677037
1541788961
1460916539
1489905888
1324867979
1424908804
1455128110
1458617831
1485139728
1500411174
1508069865
1520741254
1520772653
1525942168
1525961861
1526028462
1526946916
1530474802
1533922079
1541650695
1541748415
1541767508
1544082596
1545017448
1545320133
1546552958
1547304963
1547519470
1547813026
1547817954
1548321505
1549250414
1549854484
1551916618
1552091245
1552705774
1554120839
1112790778
1222052636
1108767801
1126859686
1268842437
1500717468
1516547170
1298554524
1306351673
1313428160
1431588489
1458898600
1424995152
1536110426
1536110435
1536136118
1536137113
1536137190
1536138660
1536138935
1536148534
1536148538
1537968121
1538380934
1541188891
1544492755
1544495517
1547452285
1549508009
1549645754
1550830243
1551240590
1551243722
1551548812
1551549425
1551809856
1552794613
1552796258
1552796951
1552798309
1552879687
1554036614
1554193431
1554190218
1554190941
1554191674
1554193261
1554883915
1555174166
1555473534
1555473545
1555473549
1555474351
1555474758
1555475283
1556029579
1556454949
1398006484
1508997821
1541587487
1474649149
1515210591
1500646395
1493075347
1017201545
1526536945
1527136615
1541677037
1541788961
1460916539
1489905888
1324867979
1424908804
1555474163
1555472971
1555464654
1555465938
1207879312
1237774900
1438856490
1362727261
1458238351
1481069718
1551629106
1149284117
1425667744
1431584793
1442118692
1543348050
1555474192
1477491346
1143588362
1527092398
1529764314
1538757174
1538770254
1538801541
1538824345
1538845020
1538871545
1538988773
1539010427
1366703663
1527051858
1531112867
1529732920
1424988230
1504415595
1160807841
1324994626
1545675592
1464496991
1544362091
1497912819
1324979451
1380321124
1481841505
1538680110
1539947269
1464485900
1545172500
1556191921
1465341748
1465339670
1502783262
1502848658
1542687283
1324843915
1324853546
1324927054
1324973425
1325001580
1490144550
1492333476
1492387832
1492446812
1492613566
1492661848
1492715750
1492754545
1492765904
1492789795
1500796896
1506431685
1531485846
1532524248
1532537734
1535586930
1538557014
1540192136
1543606412
1544314553
1546551163
1549851499
1549853383
1549854457
1550687466
1551628673
1502769798
1532543524
1546704692
1480504001
1498355865
1543374532
1540334594
1335396760
1458912275
1503267882
1509394002
1545394382
1545419814
1545426484
1545443039
1545465843
1545485712
1545445625
1137520314
1425074142
1291868656
1375188674
1465520446
1464496581
1504929065
1465766075
1491042977
1491043214
1493157422
1498731885
1498736443
1501285004
1502766087
1502825900
1502931180
1502957546
1512929028
1527347381
1531840880
1531841786
1531863388
1532530043
1532531858
1532543135
1532568294
1532586389
1532615358
1532648636
1532690929
1532715601
1532738045
1535850978
1535851162
1536097934
1536097390
1536112126
1536129812
1536134817
1536137215
1538660669
1538699761
1539371842
1539896333
1545078072
1549512253
1553027815
1464977956
1465363551
1545164088
1514734527
1318833099
1506669062
1520717615
1430685791
1488813410
1491797038
1515872623
1465835978
1497127678
1430557604
1433998976
1489978599
1489996024
1498011241
1505420345
1512923699
1520212287
1531141155
1531751386
1538717401
1538730202
1539889354
1541819479
1545017562
1547185444
1551628673
1502769798
1531653965
1532543524
1480504001
1498355865
1543374532
1540334594
1458912275
1503267882
1509394002
1137520314
1335396760
1425074142
1291868656
1375188674
1465520446
1464496581
1504929065
1465766075
1491042977
1491043214
1493157422
1498731885
1498736443
1501285004
1502766087
1502825900
1502931180
1502957546
1512929028
1527347381
1531840880
1531841786
1531863388
1532530043
1532531858
1532543135
1532568294
1532586389
1532615358
1532648636
1532690929
1532715601
1532738045
1535850978
1535851162
1536097934
1536097390
1536112126
1536129812
1536134817
1536137215
1538660669
1538699761
1539371842
1539896333
1545078072
1549512253
1553027815
1554187411
1554188916
1554189222
1554189361
1554190097
1554233212
1555462518
1464977956
1465363551
1545164088
1520717615
1514734527
1506669062
1318833099
1430685791
1488813410
1491797038
1515872623
1465835978
1430557604
1433998976
1489978599
1489996024
1498011241
1505420345
1512923699
1520212287
1531141155
1531751386
1538717401
1538730202
1539889354
1541819479
1545017562
1547185444
1551624108
1551630270
1555256565
1497127678
1458224551
1505264141
1514761160
1518258295
1531758712
1514717709
1527058958
1527079852
1529735500
1529743300
1546553054
1528935364
1532780381
1079503235
1414862868
1435781504
1528755569
1244152768
1499383654
1520282125
1324913810
1555473534
1555473543
1555473546
1555474751
1555465834
1529740511
1237769431
1507835593
1324901837
1441917320
1496480481
1496492900
1507762652
1507778668
1507786608
1507798649
1507815056
1507825348
1509401236
1509405636
1516156113
1516183636
1517314542
1517319941
1517322856
1517330334
1517334036
1517337000
1517350550
1517353256
1518295247
1518296858
1520742295
1520774273
1527121015
1528584241
1528605656
1528647587
1528649304
1529745631
1529784888
1551627168
1108868922
1435876659
1540175327
1543602691
1324836286
1542571504
1532525098
1475563220
1465760177
1539892150
1324966573
1490658549
1520681196
1520759210
1527072947
1489885577
1494014556
1324875201
1324906869
1324943784
1324968762
1324971141
1324978036
1394198750
1434526867
1482743355
1516164630
1516193279
1517342207
1532538341
1532788733
1537490774
1540187413
1543605426
1551623423
1551628553
1537849346
1324978646
1442241081
1527128210
1424889864
1442173389
1494639171
1519703731
1089253698
1332782396
1477711221
1490955272
1498736550
1498816584
1527094164
1529766958
1529785662
1530353503
1531843336
1531843340
1535639648
1536094383
1536144208
1537954985
1551550254
1509095312
1120844939
1504887938
1514768604
1528767051
1540139109
1528615452
1474823910
1477723829
1488717171
1488725688
1494499375
1496455855
1511991215
1516189331
1518217383
1527075459
1517330334
1517334036
1517337000
1517350550
1517353256
1518295247
1518296858
1520742295
1520774273
1527121015
1528584241
1528605656
1528647587
1528649304
1529745631
1529784888
1551627168
1108868922
1542571504
1435876659
1540175327
1543602691
1324836286
1532525098
1475563220
1539892150
1465760177
1324966573
1490658549
1520681196
1520759210
1527072947
1489885577
1494014556
1324875201
1324906869
1324943784
1324968762
1324971141
1324978036
1394198750
1434526867
1482743355
1516164630
1516193279
1517342207
1532538341
1532788733
1537490774
1540187413
1543605426
1551623423
1551628553
1537849346
1324978646
1442241081
1527128210
1424889864
1442173389
1494639171
1496485801
1501728183
1507770952
1507803022
1509399235
1509405924
1516196409
1517346225
1518287068
1518289849
1518292534
1518299640
1528568220
1528601406
1528619955
1528640237
1430558947
1514710070
1532529136
1532540172
1555473735
1324934339
1514712602
1535677475
1324910559
1409386870
1380571872
1520750678
1520776340
1548327785
1552249900
1554189222
1554233212
1555462518
1555466350
1555462812
1178226901
1555464847
1555464596
1555461397
1124687366
1514767892
1324925249
1496491339
1527101958
1529771634
1489996917
1555256565
1409454185
1475578217
1473649940
1317529243
1332786377
1353278050
1376725434
1394197881
1516198952
1528655736
1528660019
1531080192
1525943179
1527099149
1527117653
1527133658
1529768566
1529782971
1529786023
1538966200
1540210915
1543611336
1504865149
1529729991
1166840446
1379469639
1335465908
1355301475
1425077859
1433566330
1497184484
1527046332
1533660965
1537828959
1544095272
1549848580
1549850194
1549853913
1555934181
1556187017
1556191863
1137541151
1243122203
1514758327
1079043056
1496500527
1143062362
1409787743
1147770659
1409577082
1514712602
1514766906
1496500296
1496449950
1496485801
1501728183
1507770952
1507803022
1509399235
1509405924
1516196409
1517346225
1518287068
1518289849
1518292534
1518299640
1528568220
1528601406
1528619955
1528640237
1430558947
1514710070
1324934339
1535677475
1324910559
1409386870
1380571872
1520750678
1520776340
1548327785
1552249900
1178226901
1555464847
1555464596
1555461397
1545919191
1514767892
1324925249
1496491339
1527101958
1529771634
1489996917
1409454185
1475578217
1473649940
1317529243
1332786377
1353278050
1376725434
1394197881
1516198952
1528655736
1528660019
1531080192
1531110973
1538057229
1538061538
1545015602
1543047507
1089281985
1473851349
1504551572
1409769124
1498736747
1499664309
1499664384
1505391533
1531838700
1531862564
1555074707
1504577569
1474929502
1204614623
1409697567
1458215253
1474652007
1474959109
1495990388
1530035517
1531277943
1540169034
1540173353
1543600719
1543601008
1549163208
1541274244
1544306199
1482896558
1538020975
1514704529
1537500994
1409675717
1514720852
1528717101
1279504802
1305442112
1521839153
1530507611
1545012217
1545018851
1355230153
1512580398
1430895714
1543374536
1425087860
1538890652
1544354054
1514757837
1531699959
1531722274
1514744509
1330483102
1387891677
1435775967
1531679939
1531938857
1409375928
1540177781
1543602720
1414756389
1514775086
1531746657
1555464845
1233023962
1531645449
1474147484
1139196024
1494033393
1520748580
1520775776
1532796521
1537453549
1537465774
1537474299
1537522498
1543608169
1544080939
1545312445
1531945458
1506684726
1544099341
1514492430
1506684726
1544099341
1514492430
1507152999
1147895555
1491328709
1519083240
1530027889
1531912640
1514749087
1530042681
1436178032
1436185740
1443440621
1520745704
1520774603
1527402451
1530016613
1530050829
1530057446
1533697384
1539893042
1266711762
1339878346
1517334079
1507301078
1478813294
1498443161
1465181667
1514762162
1234064860
1290347128
1464499333
1540056213
1540185210
1543602423
1238055633
1520729469
1520767466
1527097465
1529767413
1409584200
1447665722
1353211624
1493606772
1515107683
1522221833
1538946564
1535053773
1505325412
1177132768
1441419745
1542689416
1529350145
1539702383
1109024944
1385129990
1385139906
1385146970
1385163929
1391609836
1520234529
1433414768
1109086294
1517281061
1517295900
1517297184
1517308438
1552851635
1552842166
1552844014
1552852141
1552846100
1552853156
1552846508
1552846773
1552847570
1552847918
1552848394
1552849714
1552862536
1552850586
1552850663
1552851027
1552851152
1552851186
1552851964
1552852173
1552852767
1552853180
1552853474
1552853527
1552861151
1552861945
1552854183
1552855319
1552855767
1552857892
1552858216
1552858802
1552858967
1552858983
1552859517
1552859957
1552861595
1552861661
1552861865
1552862467
1527407044
1531193812
1517268949
1530332681
1522246578
1527402822
1530313075
1538833948
1496703435
1527406499
1472258387
1527395327
1527399014
1527407250
1530323379
1530329699
1514770890
1527037636
1527397528
1527403870
1514671828
1527401335
1527406465
1530334577
1530313516
1530315386
1530326682
1530327040
1530328377
1474721390
1527405106
1527405507
1530322027
1530323070
1530327776
1527396618
1538929282
1548584731
1548574625
1548588241
1548575695
1548577664
1548580923
1548581093
1548581219
1548581264
1548581571
1548581579
1548581707
1548581723
1548583614
1548595644
1548584175
1548585785
1548585801
1548586493
1548587214
1548587287
1548587575
1548591930
1548588292
1548589405
1548589565
1548590882
1548591536
1548592147
1548592782
1548593762
1548593871
1548593909
1548594966
1226293381
1517314345
1517324002
1517328913
1517330524
1517346249
1517348717
1517353228
1474726951
1517313383
1187100551
1491318476
1367992893
1367963890
1417716273
1491328667
1226300832
1491316326
1286915220
1490280932
1547963213
1340557553
1552078356
1474149495
1539522500
1390320858
1515331469
1513203106
1513237728
1555244849
1558510236
1558516205
1517428189
1391493643
1387602209
1545850728
1550270492
1551300453
1554298790
1554299319
1077732881
1016225623
1017662678
1491552145
1093687103
1558736307
1093718237
1020716713
1017488845
1131188976
1554343320
1554344185
1554345949
1554346053
1554346154
1554346740
1554350148
1554350838
1554441299
1554537003
1554568389
1554615149
1554941695
1554823223
1554771549
1554779747
1554951818
1554952467
1554956433
1554977991
1554999121
1555000819
1555003531
1555008464
1555074707
1555153562
1555163513
1555164806
1555166940
1555169644
1555170849
1555174166
1555203422
1555241204
1555247361
1555247490
1555255194
1555255915
1555257656
1555329890
1555460828
1555461367
1555462455
1555463495
1555463612
1555464075
1555464753
1555472206
1555476531
1555475283
1555475735
1556187017
1556191863
1428392126
1079121360
1518758787
1316611952
1463057813
1392530951
1390129302
1485677082
1497889494
1498458186
1514747761
1390154437
1287842281
1178377406
1390095702
1288126005
1288151413
1288175304
1515331469
1316177333
1513203106
1513237728
1558510236
1558516205
1558524746
1517428189
1391493646
1387602209
1545850728
1550270492
1551300453
1554615149
1556887422
1559400668
1559350848
1077732881
1559461240
1016225623
1017662674
1093687103
1558736307
1093718237
1020716713
1017488845
1131188976
1559435765
1555180988
1555244688
1555244836
1555462812
1555462824
1555464152
1555464156
1555465144
1555465153
1555465836
1555466350
1555466356
1555471799
1555472963
1555472974
1555473738
1555473743
1555474174
1555474191
1556278768
1556937144
1556978676
1556982944
1556989139
1557148460
1557178293
1557203022
1557261780
1557263838
1557273845
1557492768
1557326789
1549853296
1550660440
1550681863
1550690160
1551003848
1551004252
1551005007
1551006633
1551015448
1551017413
1551018916
1551022356
1551024966
1551337261
1551693177
1552541256
1552562157
1552847003
1545453364
1551208799
1554160455
1554167715
1554187301
1554187411
1554187424
1554193431
1554188916
1554189361
1554189476
1554189895
1554190097
1554190873
1554191211
1554191674
1554191698
1554192061
1554192201
1554192266
1554193261
