1307407038
1464021327
1032807099
1364234188
1261954152
1189353469
1354342000
1398195540
1050926673
1449678573
1393562869
1376625777
1494658196
1167775951
1363229884
1210502624
1231286009
1310418412
1406911865
1222663678
1362964090
1420971771
1207233264
1234220378
1375295530
1416488996
1446494129
1430545293
1340403600
1481532869
1463019795
1350716213
1456812765
1361257486
1441271513
1249104455
1362524468
1323430720
1305942366
1405989655
1026286177
1403873988
1287727566
1237900880
1035537983
1372537628
1392596416
1272455890
1245494200
1433243441
1383024676
1338282771
1354433135
1030852649
1181270229
1398202722
1452833779
1392784430
1248255060
1401406082
1241849450
1422180596
1329271394
1145813780
1444349910
1401466970
1441428521
1417861352
1247985443
1287391924
1454312460
1334046311
1414209501
1261921400
1452833779
1392784430
1248255060
1401406082
1429111159
1064108138
1186359587
1439108661
1455197186
1337850731
1347359811
1262677198
1354767735
1382650276
1322864280
1287417579
1307612120
1331905897
1237730643
1371767354
1452577704
1419394736
1420953127
1248496223
1356945627
1295633279
1388270974
1424858637
1415812570
1333713053
1424026366
1396734003
1466426390
1408156238
1408832951
1037679626
1278245895
1337052115
1392262645
1425761027
1265382315
1262689784
1376945102
1389867198
1360138925
1405955169
1425037913
1392314233
1051972040
1351567255
1382275124
1294704851
1252058348
1347432059
1064192881
1372017736
1372512834
1389254434
1262686479
1136352883
1284130747
1411417152
1295652578
1028364933
1346278431
1389979303
1057818967
1410671382
1037648067
1323600299
1338009324
1408828790
1046657724
1100244455
1292699605
1287793898
1277810465
1434312376
1381695290
1241626068
1353513128
1205862802
1252810781
1373091680
1030594692
1420757686
1332323321
1035193730
1373147301
1315230156
1341738039
1343350544
1438490086
1037922120
1251250414
1330906101
1339656563
1347592142
1415486191
1265080575
1344791475
1282107630
1439292603
1445314381
1248102609
1287102373
1334955889
1235171174
1251703673
1136352883
1330476833
1275337752
1255226339
1277807128
1315145952
1064384295
1290946371
1354503053
1207687753
1037936148
1376570686
1396543845
1450633084
1350313619
1369302007
1374814230
1401135022
1463013463
1453979774
1373914111
1456036269
1205780076
1330155124
1342894316
1442695735
1054328780
1379333256
1356916198
1298989748
1353070257
1432306166
1237934543
1031730539
1443051175
1408688179
1401440368
1416055736
1262673845
1356454937
1376473170
1252093521
1222235567
1287638715
1315691926
1448299300
1450632804
1121414237
1315195740
1427250909
1288789350
1298872643
1321138740
1299710073
1335092616
1430365048
1283357452
1234308597
1237934543
1387854726
1289179095
1031730539
1207077104
1264964213
1327541719
1249936341
1433258561
1275639205
1352911853
1416100554
1274029813
1463023683
1430365048
1283357452
1285547661
1311393508
1330404824
1399667623
1441327422
1450627001
1454687246
1426170501
1315198412
1330200450
1371714017
1371770449
1050544829
1043800261
1047098584
1309845023
1350722889
1362301962
1368705460
1431772467
1410915101
1064188236
1347365215
1295658530
1435854561
1333221807
1298657505
1263911544
1013345323
1304636043
1410752028
1434628607
1450462049
1265116237
1317842365
1450634633
1337744297
1367837172
1401444869
1272569670
1279545132
1293638347
1217542843
1421231005
1213184544
1257274967
1285602911
1408123867
1381174172
1293841996
1354415908
1334589613
1341736789
1436737367
1314737037
1338335448
1344876050
1352383937
1364283910
1400421202
1420224530
1463045964
1275297716
1300665274
1334304118
1334536519
1401458472
1101001035
1187202087
1212559934
1252785289
1330424708
1332271170
1299883870
1337038578
1374512366
1448344006
1498494889
1049038197
1198124533
1224926454
1260878886
1426054400
1283756125
1307682890
1311006638
1355396026
1329886646
1411863854
1424659977
1013348965
1160767543
1287408101
1224938118
1254347496
1257888962
1267739579
1292869068
1292879921
1292981462
1458755586
1350574626
1412581355
1213184544
1419261376
1210748402
1354603510
1448283307
1051212819
1053187512
1212559934
1339587703
1448344006
1463035868
1257509765
1330107931
1347026046
1253184257
1267864183
1307481116
1403297526
1438773318
1222226836
1223043047
1383379879
1274012405
1290978675
1289226062
1306320449
1306313069
1318378313
1336958528
1337062825
1350186910
1237911822
1350574626
1350734336
1426048653
1414575120
1434645065
1366100795
1373209743
1378834798
1392430203
1401611615
1410590198
1412088291
1422947327
1423923525
1439297574
1481170361
1103534625
1447329850
1064050518
1252372569
1255948876
1303798005
1308689239
1312940660
1342895696
1343272528
1353205532
1367515577
1383706982
1031102969
1314981461
1235150781
1339587703
1260418835
1353728672
1037919684
1214924591
1333886119
1043963276
1275750325
1294665273
1297473748
1313298529
1371774149
1388827848
1390694811
1401083105
1463032770
1051413274
1296799185
1303951992
1316226861
1371792515
1403307380
1404336666
1441288303
1442698101
1013105077
1055480429
1421115269
1224802301
1248479500
1379917968
1338299469
1282156097
1373761701
1341732898
1362286051
1049027617
1381383790
1322940087
1477571264
1446493277
1463176110
1397411224
1218508235
1225222350
1246578184
1292701113
1285586936
1300574101
1305727432
1306214931
1331373394
1347091662
1345456558
1353533732
1365199103
1255627915
1317554163
1214923045
1049471143
1144777293
1328605435
1161610150
1260021277
1187181360
1338256503
1371731059
1028359305
1037100487
1121366807
1222910095
1235618021
1267766092
1305865845
1310183676
1324771623
1331617672
1333752011
1352493230
1360556534
1365934440
1373095209
1381583357
1391314515
1398344163
1403783029
1404027187
1417302326
1420956237
1050939089
1445406071
1013619218
1421197571
1050087571
1064120763
1153432165
1435712331
1241545681
1253836018
1281663227
1342430168
1358626541
1287525602
1297099393
1315368071
1329565068
1333334151
1347127185
1103620045
1335625375
1342896142
1351998658
1362270161
1368694832
1435307957
1439604456
1340527191
1382271446
1314900341
1222749702
1330266698
1053107517
1196831645
1268166658
1292763895
1332683572
1340529521
1411912222
1405946293
1074119030
1222761664
1292828903
1304436460
1307585786
1338284697
1396162281
1446499389
1035276909
1250414020
1267685855
1294874830
1349444328
1349936456
1357138049
1382752659
1383149182
1383712054
1401434874
1312098974
1402395791
1419446612
1416488681
1247294233
1270305381
1271621208
1282422178
1336059911
1337054925
1403411119
1355794480
1293619716
1402917664
1388053674
1393564478
1366770757
1253187463
1446493183
1261945265
1262681076
1395872512
1314352382
1286153675
1294777562
1327476541
1347565607
1362898985
1425946855
1312145783
1474792600
1364608699
1236511746
1275308475
1282373400
1364623321
1364642916
1371297349
1214933887
1247099220
1274295573
1283539627
1287988829
1332640960
1363215504
1364451549
1378871351
1408107592
1419016488
1444499937
1049463944
1279410919
1279593054
1350315487
1411462486
1212387953
1253999922
1304830913
1350572002
1446494654
1446502945
1042988938
1044778996
1071079435
1222962843
1288781198
1328035380
1341541793
1351708486
1367450129
1367989799
1476840599
1375571522
1405464896
1425977463
1425981202
1091680964
1188233719
1264847170
1272250934
1287499318
1288810219
1293857496
1298551556
1298663060
1329057425
1331070671
1331429160
1293857496
1298551556
1298663060
1329057425
1331070671
1331429160
1331608068
1334853043
1334906177
1335646315
1336261492
1367522057
1373637838
1384536519
1392279411
1397677534
1397685422
1462971380
1440273822
1034765464
1036818783
1043204099
1055705841
1064062846
1161366274
1187195965
1212321475
1271656311
1222968445
1226327718
1226478135
1247323203
1252105295
1255390224
1256395805
1285626950
1292842239
1297341449
1306350320
1307581602
1308013804
1332775892
1333378328
1339697762
1340558491
1341052256
1342925312
1348707803
1351346829
1352841848
1353638776
1354382673
1356009166
1376731853
1364839325
1368015944
1370925508
1445879388
1371116896
1371973778
1410779539
1416804246
1421565197
1426046313
1449084145
1458963958
1038239194
1233304579
1252108341
1310975931
1315073734
1378452470
1433848573
1448283303
1448284550
1246286563
1275066629
1275402727
1310977309
1334999263
1339393634
1419470599
1245154760
1247433718
1277645960
1328275276
1335899711
1349609606
1360906422
1368054265
1037245844
1272021298
1285946941
1298889054
1309117620
1461558495
1353684456
1360509982
1368021576
1371898765
1444751622
1234503508
1311501500
1332636089
1354782646
1396801144
1373905327
1315202632
1245397625
1329392827
1284105870
1384293506
1416694226
1443048992
1037479929
1051003151
1254049321
1298471012
1327481733
1411902158
1446734346
1373587400
1434361668
1013275506
1418219758
1411121722
1167489474
1241747800
1242776409
1243825507
1260661150
1390015400
1314899787
1318750297
1328664529
1336278815
1337061673
1347521856
1365096158
1371750549
1406671133
1415507275
1416771025
1426015259
1446492995
1025618824
1035293047
1035498718
1036815147
1037698626
1037682409
1037954995
1037957279
1037990832
1043184232
1043307463
1043379072
1044754385
1046005988
1048842153
1048969975
1049508186
1050967164
1051215294
1051420003
1052299004
1057821753
1057827380
1064059010
1064130916
1102994710
1121451356
1145316838
1250644623
1207004072
1207023707
1207226270
1207744136
1252713183
1211453159
1211453159
1211737136
1213191789
1214929379
1216392074
1222750908
1222888973
1232900005
1235704073
1239009203
1241445823
1253483739
1244069606
1244111415
1244199589
1245339091
1245347280
1245358692
1246941690
1247385288
1248055320
1248418436
1249409191
1250331242
1250621533
1251200319
1251236208
1252654922
1254520644
1256074821
1271690995
1256362619
1259893382
1263634768
1265827053
1331357214
1267650668
1268500357
1271161163
1272143900
1273687847
1293807865
1291000640
1292699033
1275292608
1275333723
1305443045
1276689376
1276743544
1282239208
1283437387
1283669126
1432156847
1283978979
1284165136
1284592754
1285542984
1285906738
1287876471
1288391765
1288793730
1291072677
1293752170
1293764369
1293772971
1294707348
1294868665
1295134431
1296970480
1297238409
1297328578
1298540776
1298540907
1306340870
1306443338
1307195759
1307955780
1309321481
1309478593
1312110769
1312189271
1313895115
1314015058
1314026110
1318946405
1314907266
1314929587
1315239785
1316670539
1316690237
1316833684
1371848545
1322813188
1322848459
1322936472
1323803314
1324694874
1324807341
1325175800
1325556589
1325579302
1326494724
1327805655
1328257593
1328260381
1328284427
1331288505
1329107865
1331273467
1329647422
1329813685
1383643014
1329881057
1396518863
1330430413
1330450113
1330858663
1331103520
1331218823
1335358338
1335872360
1338086898
1338402376
1339908787
1341472411
1342072430
1342895946
1342948409
1361564899
1350108995
1351553211
1425148870
1351657938
1400317360
1352991466
1354279575
1355385561
1356924235
1357011647
1357080754
1357849100
1358103374
1362248174
1359661722
1360223769
1360405173
1361681649
1362696144
1364072773
1364152288
1364191496
1374930858
1364562528
1375188480
1364892051
1365347331
1365536425
1367965148
1367971102
1367985740
1424011152
1368709465
1368709474
1368948311
1369062724
1369536461
1369571007
1370341909
1370850835
1371681561
1371708711
1371724409
1371736722
1371755120
1371784343
1371830228
1371930529
1373042760
1373070150
1373288403
1371736722
1371755120
1371784343
1371830228
1371930529
1373042760
1373070150
1373288403
1373576679
1373712213
1375279168
1374939679
1375027200
1375080639
1376192648
1378576198
1379190721
1418959728
1380118946
1380601805
1381265429
1381852958
1381869959
1383068963
1383153871
1384773187
1384303735
1384546681
1389362302
1389449027
1389940159
1392561959
1393401523
1396145336
1397316548
1397428909
1397678660
1398978604
1399545829
1401411610
1403885714
1405591887
1405600278
1405529497
1405496741
1405874475
1406936325
1456528536
1410783775
1412219102
1412601948
1416471810
1453047432
1416774636
1416949371
1417842857
1418933959
1419044650
1419473865
1421162217
1437828839
1443277706
1445837833
1446487526
1446492165
1446493968
1446499308
1453479397
1453552829
1461447004
1461640324
1464517901
1542715229
1542764572
1052833435
1282388737
1294883994
1415166349
1306376469
1316349076
1361116885
1371135052
1397243400
1419727404
1254469382
1275370589
1344653472
1376976851
1401148894
1234528521
1271749622
1312197221
1321223021
1309494338
1446494152
1350508620
1385228885
1528912482
1310115625
1371286722
1384381003
1386481234
1417355326
1047723272
1207221494
1304180207
1399456024
1057765891
1212372295
1222933670
1279799023
1281485561
1398965688
1037967342
1043769364
1212160552
1279283954
1287577956
1287748385
1331472239
1333654428
1371782838
1375689830
1378489940
1378536600
1448271596
1354801522
1157259186
1222806859
1260638659
1294715501
1311017341
1330579063
1394592262
1026761970
1055739479
1224916034
1295054670
1301635557
1316821934
1324295012
1374465352
1443101642
1217815001
1222299488
1225168542
1249090458
1288735178
1298542336
1341073015
1312305363
1319176798
1330575150
1331536622
1353025276
1370901184
1371754467
1468176186
1384860300
1445251778
1056504022
1412617761
1274099710
1294884067
1332225512
1340920877
1364036308
1371741991
1378452583
1394081625
1431864847
1460149985
1460214003
1463021452
1495678207
1055126633
1056471349
1189198531
1222713129
1273868667
1276959320
1281646402
1283797737
1293416900
1315236704
1318781110
1319139918
1332712939
1337298598
1338411893
1344606252
1357486899
1360778005
1370759401
1377530097
1381291441
1387586031
1395041998
1415507318
1422136994
1444431731
1444699254
1445212462
1457152706
1457158178
1458287001
1476980901
1193402061
1212523768
1217886927
1281643320
1333544172
1334931548
1337679397
1341564418
1351506170
1392810968
1408312529
1412519965
1427043398
1476897034
1014483638
1207050100
1287552536
1301533782
1308501994
1326577044
1328285557
1330105390
1337499319
1355258604
1357792675
1379611284
1391756092
1458883087
1463023414
1055724778
1253527207
1250991774
1272212006
1330105390
1337499319
1355258604
1357792675
1360445542
1379611284
1391756092
1458883087
1463023414
1055724778
1253527207
1250991774
1272212006
1273136373
1292704060
1277941147
1281599900
1281630230
1286414950
1293622635
1298514290
1299733202
1314443519
1324276259
1327528173
1330509152
1331476268
1332302981
1335103298
1335867104
1337167853
1337888462
1338089205
1338107589
1348867437
1351502759
1369592253
1370837330
1378504209
1384256493
1395014104
1399566198
1408177707
1410710937
1412083334
1440292588
1442869343
1454225735
1463023802
1471871176
1393107592
1437326067
1011055940
1211436658
1245206690
1253931152
1271879595
1281460311
1281574878
1281578819
1281806414
1284051941
1299721704
1307669912
1316623249
1319166799
1326658066
1327548040
1328306802
1330445168
1334765752
1337755581
1339511799
1341737777
1348423909
1354977864
1358612820
1361223949
1371969520
1392795953
1398378313
1399251266
1405858609
1464359519
1415498384
1417748816
1422048193
1434137332
1439781881
1443100462
1446490997
1446494271
1452997534
1453841135
1459533124
1460148306
1463019866
1038444800
1046457397
1053119943
1111664843
1144819582
1159548492
1210761202
1222998160
1225085637
1250800706
1250478885
1261958637
1447335053
1262684569
1268708793
1274135663
1274312464
1281436647
1282093456
1283612205
1286422963
1289189473
1293927002
1294883276
1295644906
1296217713
1302213502
1306018069
1312078958
1316248049
1316619849
1319361412
1319876439
1324769137
1327464822
1328300157
1328320098
1328591902
1329325974
1330299295
1330433821
1330826956
1331078792
1331206562
1334610082
1336224831
1337146124
1337503586
1337967740
1337975538
1337984776
1338171069
1338246138
1338375092
1340754200
1341096403
1344890070
1344901482
1348656388
1353101016
1353650731
1354477186
1357821673
1360905184
1364025708
1364956843
1372050576
1378442218
1378898199
1379545234
1384872002
1394355477
1396154018
1397091305
1397674964
1399666501
1404528400
1405437206
1408098296
1411822582
1412068627
1412401975
1412508205
1413465957
1415200656
1415634807
1416539829
1416728345
1417493832
1419592283
1419784534
1432984367
1436009330
1437902267
1440389080
1440810440
1441371876
1442071647
1450628579
1452579520
1454742819
1460147700
1460309239
1463018725
1463020752
1463026931
1463024892
1463046830
1482741323
1495621708
1495650617
1496217279
1500954789
1028177233
1263416430
1265040293
1288221633
1311552115
1329320077
1411380419
1330134521
1331112924
1444358760
1349845720
1368162533
1427356844
1375817260
1378863789
1396757052
1411810740
1420807355
1425250848
1426941952
1430327847
1443098097
1448105495
1458617313
1494510449
1260590224
1263402008
1322407096
1330487281
1330551806
1336298926
1337199622
1337206949
1337486102
1342869553
1350025541
1353537022
1357491637
1376761606
1378461312
1384848164
1393298316
1394336657
1406701998
1408187400
1412076348
1422252687
1441415759
1441426249
1446214035
1454969146
1460213056
1463033920
1463038372
1463043570
1542196523
1313181247
1028369018
1033815200
1053146990
1056464223
1074116876
1207217144
1215948673
1222950424
1223100246
1224781817
1224937863
1227813378
1238699768
1273987950
1259641533
1264783944
1290969258
1292702357
1292702428
1275134928
1275220304
1278160935
1296823422
1298979583
1299673022
1300310263
1302201118
1302646649
1305778532
1306043154
1307623440
1308512479
1312596439
1321275066
1323366416
1330282424
1331436651
1332152010
1337934873
1337960414
1338101405
1338418454
1340886677
1343388378
1344588271
1344693566
1347484915
1351351813
1353624891
1355245689
1362588593
1362754927
1363063750
1363075027
1363183052
1364359631
1369372128
1370854677
1371281857
1372747309
1374721424
1378415275
1393563063
1396731949
1397365624
1401663163
1406581623
1409478463
1410883512
1410991230
1425876555
1434325545
1434341579
1434674848
1499221254
1436955139
1441581183
1442867254
1443575285
1448790745
1456576209
1460204614
1460209121
1460208893
1463015841
1463014487
1463015174
1463025761
1463022358
1463025810
1467352519
1468702780
1474802197
1213176862
1218994646
1250807520
1249439887
1251096299
1263429862
1264981753
1266289396
1272133565
1274401903
1292700973
1291003821
1277167853
1278193247
1279588299
1282701928
1284139284
1284161300
1284163811
1287938114
1291013071
1293396267
1293885353
1294681140
1295639227
1295663653
1296155887
1300290509
1302015678
1305603008
1308757984
1309224589
1311001983
1329032243
1314173066
1316269521
1314939981
1317821345
1318347153
1318902455
1322038850
1323071950
1324794625
1326872753
1330481222
1331346531
1331387555
1331402759
1331460381
1331610257
1332235619
1332766745
1332838006
1333113670
1335841466
1337829599
1338015667
1461554425
1339662457
1339665617
1344717058
1361544397
1348775576
1350627865
1466021165
1351735055
1352839706
1353021252
1353251391
1353597489
1355958941
1356898163
1362610379
1363102707
1364208408
1364989721
1368693983
1369606110
1369941689
1370871357
1373271039
1375566182
1376661923
1377984685
1378822284
1378878954
1380442961
1383704995
1392537372
1399112725
1392666672
1398340729
1400190174
1402600316
1404338031
1409237493
1409550975
1412439453
1415072998
1415199401
1416202813
1417410348
1420951855
1422128498
1430675276
1430699177
1433757648
1433912905
1434145163
1443042616
1443539962
1446825037
1448279187
1448344566
1460208551
1461128952
1463010118
1463024032
1463021412
1463028433
1430699177
1433757648
1433912905
1434145163
1443042616
1443539962
1446825037
1448279187
1448344566
1460208551
1461128952
1463010118
1463024032
1463021412
1463028433
1463025798
1463030974
1463031885
1463036238
1463047930
1463944049
1467069018
1483689539
1497217247
1524385450
1025618425
1097683962
1170815419
1222872333
1223012825
1225150087
1225188647
1238272654
1244595050
1248232552
1251260734
1253180012
1255656952
1257523694
1263389905
1265050720
1293755786
1292702384
1276858311
1279828687
1281382370
1281478069
1282155547
1283567023
1283583326
1284163624
1284164058
1287503816
1288392340
1293780696
1298854195
1298965325
1301659879
1305461839
1305946258
1330296266
1330456203
1331253201
1331259714
1331262940
1331477636
1332466428
1336245154
1337157006
1337851235
1337948721
1338034636
1361557167
1341880555
1342829136
1343072749
1343282969
1343578725
1348787952
1349948763
1350086477
1352079879
1352087455
1353042162
1353091957
1354777249
1355235378
1356207591
1369569634
1370957174
1370843411
1371685598
1372199582
1376201620
1380288143
1380552350
1380604149
1384909091
1393564542
1396710174
1398163648
1398400824
1398739491
1399074859
1399977976
1404124091
1405421580
1406786531
1408148432
1409254875
1409420595
1410782639
1412343972
1412705846
1416220221
1417529452
1419450844
1420345615
1420856979
1424465432
1424861922
1426355011
1426356078
1430524212
1430650511
1431614537
1445412119
1446493371
1447472018
1450630511
1450748719
1453020871
1453572043
1453837172
1455441219
1460210340
1463013910
1463020803
1463022693
1463034299
1463036406
1463038908
1470386695
1472788338
1479680559
1495893922
1522555945
1037972864
1278915553
1281483959
1287440442
1295678251
1300923939
1304176407
1307974534
1311469805
1316719747
1319822866
1324736936
1327229047
1328277047
1331171878
1331382219
1333502720
1333773363
1335117063
1338142403
1350061598
1352033257
1360953253
1363104881
1378918330
1382754319
1396743727
1398269075
1401999120
1419480214
1443101237
1443101647
1450632208
1454643069
1457994804
1458512877
1460113806
1460150239
1463013243
1463014714
1463029852
1463037033
1463034326
1013347676
1074558779
1246989904
1294702520
1252077323
1293733902
1274945725
1274257218
1283559124
1285884280
1298673320
1300618673
1307511187
1309350290
1312787113
1316256938
1315042282
1317717333
1324303287
1327106047
1332193781
1342896067
1343297724
1352052916
1352956944
1353289253
1355395665
1362799744
1364230696
1368715127
1380602466
1384603689
1447409740
1406147234
1410762687
1411653482
1411998350
1440810635
1443100848
1443861566
1453347971
1460200835
1460328997
1463023440
1463031868
1463039484
1463820431
1484953993
1496029282
1543532093
1026782431
1056495310
1103636754
1181338533
1217844416
1253491977
1242500431
1257655313
1263868420
1271644701
1290890698
1276711588
1277998783
1281370058
1281370287
1281464753
1281588659
1281627502
1282613090
1284164102
1372443957
1288313955
1307308786
1307721988
1309135419
1309779205
1312323771
1313909639
1315189832
1318821487
1322872381
1328382276
1330229362
1330462646
1330497551
1331036195
1331451490
1332202086
1332612657
1337509737
1337983430
1343009343
1343337926
1344704119
1351759030
1353692602
1365583845
1367500561
1368942160
1371733989
1372060770
1375620331
1376222233
1378520106
1378841524
1379315489
1380315351
1384586626
1388991390
1392794845
1447379445
1396774122
1401282336
1401652096
1410771034
1411690431
1415493478
1417966228
1419329390
1422214222
1429211318
1430763602
1430997880
1434881221
1442911486
1450477735
1458809964
1460211224
1463010697
1463020599
1463028738
1463033897
1488149236
1495677996
1103512073
1133892549
1136715216
1237009477
1253489196
1251239513
1253041021
1272067055
1273608069
1468303234
1275413225
1275579731
1277153390
1282347310
1292256697
1292783731
1305807230
1311951566
1312821518
1315408734
1322111982
1328166335
1328635053
1330376886
1330842400
1331417533
1332716757
1332722113
1337110977
1337960367
1337980755
1341569657
1341741730
1349917734
1350225967
1350301197
1350487550
1359455544
1361857447
1366426894
1385629890
1378396439
1381791608
1384769855
1394495758
1398332635
1399417930
1399668402
1407609169
1412447240
1415552479
1424316651
1432119812
1432827551
1432893157
1434617182
1434638917
1435030504
1446470661
1458008947
1463018687
1463031662
1479672988
1497189901
1037962791
1042487144
1042741535
1052655153
1056460536
1097710920
1210725205
1103542934
1121421555
1160760406
1205654523
1216465391
1222828424
1222980818
1223030246
1224963354
1225013949
1245317213
1249255265
1250775595
1251227838
1266631213
1266696393
1266913398
1293771234
1271753170
1272062909
1290961786
1274106878
1275683589
1279181675
1281342109
1222828424
1222980818
1223030246
1224963354
1225013949
1245317213
1249255265
1250775595
1251227838
1266631213
1266696393
1266913398
1293771234
1271753170
1272062909
1290961786
1274106878
1275683589
1279181675
1281342109
1281541021
1281759235
1283465340
1283495565
1284161952
1284169071
1287998906
1292157200
1292760950
1292862547
1294688835
1298580783
1306266895
1307651863
1307714947
1307836259
1307964988
1310981861
1311367241
1312560054
1316543444
1313645209
1318357515
1318840859
1323091541
1325577630
1327251652
1327529668
1328186421
1328366033
1329174685
1329336582
1330008997
1330521490
1331215749
1331637931
1331745992
1332542802
1332694967
1332734821
1333526042
1335091096
1335953320
1336946370
1337134998
1337151326
1337333169
1337797866
1338053544
1338469184
1339015653
1339116514
1339638732
1340719985
1341097367
1341566234
1341572013
1342899632
1342911824
1343231807
1349904809
1345211257
1347418947
1347445909
1348817511
1348856262
1461565777
1350031506
1351358310
1351489401
1352732783
1353655324
1354864824
1356400556
1356554722
1359492831
1363095653
1363152010
1364129029
1373244705
1373576430
1375050037
1376591474
1385069519
1475313818
1407116426
1394359086
1394414445
1395961887
1396988957
1397340785
1398430930
1402437394
1401154904
1401155328
1402015597
1401463924
1403999463
1404334925
1409083295
1433972010
1435579808
1436111315
1440378838
1440809748
1448364563
1452390357
1456686864
1460149588
1460210087
1460211222
1460196678
1461297485
1461298162
1463014687
1463017203
1463019470
1463029035
1463036386
1463943243
1482255176
1495621864
1522838836
1523143103
1542307775
1543493045
1223062149
1248081580
1266469265
1291066361
1321392254
1332697604
1353598035
1398400166
1438830237
1036876107
1293937703
1273323393
1300724648
1308748111
1311091094
1338432684
1339080384
1359457417
1380218557
1384539024
1389905014
1411357681
1455006064
1483707830
1530190288
1049561789
1240299607
1281462632
1281573128
1281632561
1282447698
1292758283
1318865302
1322414421
1338432684
1339080384
1359457417
1380218557
1384539024
1389905014
1411357681
1455006064
1483707830
1530190288
1049561789
1240299607
1256699905
1281462632
1281573128
1281632561
1282447698
1292758283
1318865302
1322414421
1329991436
1344791138
1352095515
1356918875
1364138079
1371021821
1372533470
1392367499
1396193094
1411301349
1423176628
1425956257
1431611590
1434000780
1440825280
1463029155
1463042981
1522521930
1522830808
1234383031
1248099470
1252089913
1287761959
1277180083
1281467711
1281486715
1281622425
1281641044
1281652068
1281883346
1282589010
1282636393
1288410907
1291072732
1292755451
1299711721
1311016252
1312012335
1319115520
1322135901
1327536497
1328420383
1330549360
1330567894
1331448013
1334678694
1337283079
1339701344
1339714555
1351533810
1344036307
1348189303
1353295616
1353580584
1359531427
1368058668
1374054707
1378288905
1379762964
1386334507
1390088087
1391738154
1397711788
1406871516
1404331558
1409255685
1410630238
1412507102
1485582740
1425852468
1426701911
1432821131
1441639968
1443101333
1446494642
1455012332
1455447252
1463041782
1513849515
1514737434
1522522652
1352979713
1369584515
1412631562
1443642329
1254514984
1398320888
1360168242
1372230641
1384625994
1445123215
1011063552
1011956496
1013846819
1026773805
1028171703
1028342181
1034288962
1035220723
1035493911
1056456893
1056492488
1056500560
1056518131
1455351527
1062578231
1062597838
1062892799
1062895899
1062939560
1063117612
1097200464
1098807562
1103602751
1110282976
1197976773
1121328500
1121341105
1121346959
1121371718
1121387743
1211512314
1211708593
1449369199
1157263342
1157918725
1277384745
1159556878
1160636580
1160628317
1160664608
1160749840
1160757448
1160763494
1179932207
1179954957
1179968548
1179989072
1179992550
1179996910
1410696677
1202200506
1205901830
1207236336
1207759242
1207909309
1252736055
1207908542
1252738317
1252727448
1207932530
1264654032
1252683309
1207947395
1252677389
1329127414
1210696629
1211697315
1212177185
1212228605
1410696677
1202200506
1205901830
1207236336
1207759242
1207909309
1252736055
1207908542
1252738317
1252727448
1207932530
1264654032
1252683309
1207947395
1252677389
1329127414
1210696629
1211697315
1212177185
1212228605
1212328291
1212331257
1212398272
1212484429
1212706256
1215353077
1216582452
1217649720
1217779051
1217822911
1217829027
1217846964
1217879201
1217886117
1217915943
1219019755
1221888572
1221904286
1221974022
1222738252
1222799450
1222841860
1222883134
1222923661
1223009785
1223025118
1224752643
1224822846
1224843729
1224861813
1224875353
1225176182
1225208524
1226460820
1226585093
1226636389
1230223467
1235232767
1235730619
1410746229
1240354596
1241324962
1253486759
1253484575
1253480535
1253479850
1243735633
1243808248
1244098791
1244117327
1244123236
1250814217
1250810213
1250812472
1250800034
1250797836
1250806261
1250804758
1246803975
1246902146
1247068090
1247269943
1247276140
1247955046
1247967507
1248005773
1248112606
1248277081
1248443427
1248486104
1249088779
1249301908
1249827544
1249860067
1252318869
1251203076
1251220610
1251222574
1251229946
1251232158
1251244241
1251245953
1251253161
1251255866
1251258380
1252066704
1252086449
1252088466
1252096174
1252098448
1252102219
1403545076
1252776443
1252960880
1252987316
1253155967
1253161976
1253162930
1253165799
1253169825
1253186673
1253283231
1253299930
1253283286
1257476925
1253785368
1253912607
1259248666
1254493978
1254712893
1254725598
1255057057
1255101929
1255149047
1255239563
1255258766
1255324211
1255572624
1255615998
1255693849
1255730617
1255800448
1255839453
1255987106
1256683238
1256693133
1256693151
1256704475
1256903305
1256925658
1281930884
1257514454
1257622207
1257667424
1257738515
1257761995
1258321477
1258792795
1258910054
1258927513
1259698951
1259799616
1259870781
1259918848
1259935057
1260043153
1260045886
1260206921
1260208353
1260257364
1260257372
1260644651
1260671497
1260697164
1261076379
1446083336
1261612507
1261643932
1261649801
1261672441
1365982752
1266947545
1266956364
1267871931
1268222469
1268232170
1293746881
1287816234
1269360350
1270492868
1270523725
1270551379
1271780676
1271816574
1271851161
1273282025
1273715793
1273732944
1274959795
1290963178
1290974174
1273946628
1290970617
1293314507
1273977527
1274069795
1274149407
1274165220
1288744090
1291000657
1292699114
1292698471
1292698227
1292702860
1289037653
1292698496
1292703235
1292698406
1292699580
1292706230
1292699073
1292705759
1285485696
1292700911
1292699014
1481209638
1292700945
1292696305
1292696315
1292699609
1292697887
1292698800
1291002978
1290999886
1290998360
1275272447
1298481080
1290997184
1292694609
1290991997
1287262877
1290955882
1290894337
1290887051
1287803500
1287744566
1287748091
1275929013
1276739496
1276805872
1276869540
1276893658
1276938962
1277191459
1354946011
1278072956
1278119669
1278136457
1278140329
1278140909
1278143846
1278144381
1278154535
1278154902
1278159565
1278162507
1278165402
1278168236
1278175392
1278183310
1278207809
1278344615
1278914709
1279125297
1279165124
1279463585
1429435390
1279527364
1279571947
1279613333
1279655989
1279691521
1279803952
1279809054
1279881361
1280044868
1280585985
1281373423
1281377527
1281383224
1281388720
1281392054
1281405455
1281432187
1281432943
1281438561
1281446729
1281452396
1281465266
1281471616
1281473898
1281485983
1281492037
1281494107
1281494663
1281495106
1281495331
1281498723
1281501436
1281503049
1281519081
1281548019
1281563340
1281576109
1281581870
1281586874
1281588363
1281592024
1281596240
1281597906
1281597982
1281599689
1281599848
1281602322
1281603993
1281609902
1281614004
1281617435
1281625563
1281634261
1281646013
1281647110
1281648516
1281664261
1281681792
1281691016
1281716728
1281739919
1281743896
1281749295
1281753946
1281756952
1281757596
1281760539
1281770963
1281779487
1281786642
1281793340
1281795567
1281797013
1281802788
1281805141
1281805409
1281815432
1281829502
1281833628
1281847689
1281857789
1281867342
1281868113
1281599689
1281599848
1281602322
1281603993
1281609902
1281614004
1281617435
1281625563
1281634261
1281646013
1281647110
1281648516
1281664261
1281681792
1281691016
1281716728
1281739919
1281743896
1281749295
1281753946
1281756952
1281757596
1281760539
1281770963
1281779487
1281786642
1281793340
1281795567
1281797013
1281802788
1281805141
1281805409
1281815432
1281829502
1281833628
1281847689
1281857789
1281867342
1281868113
1281877475
1281889027
1281897336
1281926984
1282155871
1282098396
1282154847
1282333440
1282390840
1282398934
1282411604
1282427414
1282505015
1282543874
1282558787
1282569831
1282599085
1381982424
1282616540
1282652137
1282681674
1283713851
1283724129
1283751024
1283753637
1283771752
1283774529
1283780082
1283789597
1283802863
1283814287
1283869218
1283900277
1283993568
1284019758
1284060275
1284068115
1284082205
1284083264
1284133770
1284144429
1284149448
1284152509
1284156530
1284156203
1284156606
1284156734
1284156823
1284157183
1284157240
1284157617
1284158042
1284158068
1284158625
1284158833
1284158858
1284159010
1284159377
1284159715
1284159856
1284159862
1284159877
1284160187
1284160368
1284161402
1284161571
1284161843
1284162158
1284162800
1284164071
1284164276
1284165917
1284648468
1285475120
1285671745
1285800650
1286084573
1286310377
1401715313
1286778576
1287017025
1287036639
1287093137
1287398406
1287601922
1287890377
1287926479
1288049668
1288055611
1288061955
1288066548
1288102167
1288232611
1418489960
1288771140
1288867813
1288951661
1289048975
1289078520
1290150140
1290306546
1290591623
1290626921
1290648418
1290695784
1290755054
1290845731
1290930752
1291004758
1291626497
1302019183
1292340285
1292565857
1292569140
1292569357
1292568899
1292693521
1292698951
1292710274
1292758091
1292766855
1292777634
1392122317
1292791058
1292822375
1292837035
1292854977
1292866087
1293165229
1293321137
1293308202
1293531849
1293543069
1293564563
1293597522
1293632069
1293643037
1293649744
1293659003
1293691391
1293705279
1290626921
1290648418
1290695784
1290755054
1290845731
1290930752
1291004758
1291626497
1302019183
1292340285
1292565857
1292569140
1292569357
1292568899
1292693521
1292698951
1292710274
1292758091
1292766855
1292777634
1392122317
1292791058
1292822375
1292837035
1292854977
1292866087
1293165229
1293321137
1293308202
1293531849
1293543069
1293564563
1293597522
1293632069
1293643037
1293649744
1293659003
1293691391
1293705279
1293717961
1293738090
1293761248
1293788475
1293798648
1293910513
1293939542
1293955447
1293971615
1293971833
1293980715
1293981319
1293996703
1294007131
1294014313
1294218189
1294657052
1294668440
1294670487
1294695646
1294701272
1298418415
1298434144
1298449462
1298481377
1298547154
1298549289
1298561061
1298571611
1298595456
1298622345
1298644293
1298853821
1298863638
1298910367
1298937056
1299634607
1299684143
1299688703
1299690250
1299704029
1299748504
1299757510
1299764705
1299823528
1299852945
1299876830
1299940560
1300665945
1300666366
1300666743
1300760730
1300783102
1300811336
1300956629
1301974091
1301750415
1301973259
1301979005
1302031452
1302067868
1302194966
1302227183
1302863052
1304263725
1305314386
1304333469
1304382307
1304417083
1304447715
1304773961
1304864756
1305311474
1305414086
1305437085
1305475125
1305669485
1314354601
1305670113
1329314204
1305748113
1299757510
1299764705
1299823528
1299852945
1299876830
1299940560
1300665945
1300666366
1300666743
1300760730
1300783102
1300811336
1300956629
1301974091
1301750415
1301973259
1301979005
1302031452
1302067868
1302194966
1302227183
1302863052
1304263725
1305314386
1304333469
1304382307
1304417083
1304447715
1304773961
1304864756
1305311474
1305414086
1305437085
1305475125
1305669485
1314354601
1305670113
1329314204
1305748113
1305802519
1305814501
1305840887
1305856673
1305877559
1305884141
1305897442
1305913277
1305933099
1305960270
1306008905
1306216759
1306236686
1306256790
1306273276
1306297611
1306335130
1306369628
1306596621
1306638455
1306662036
1311377190
1311382097
1311389218
1311411083
1311660634
1311945168
1312047638
1312055203
1312076765
1312077235
1312129677
1312466547
1312470724
1312570625
1312610716
1312883014
1316625312
1312908683
1312873815
1312945870
1312944487
1316601037
1316593684
1312944522
1312957088
1316577166
1316591231
1312982851
1312986186
1312977583
1313031712
1313081630
1313114622
1313163665
1316564917
1313182480
1313188860
1313196635
1313181247
1313217714
1313217425
1313216550
1313488037
1313494287
1313482993
1313266104
1313314764
1313342217
1313473472
1316331739
1313489523
1316314219
1316319144
1316322566
1316312233
1314447111
1313585787
1313608907
1313873836
1313895084
1313923065
1313948188
1313974329
1314237674
1319055051
1314489815
1316276007
1316286577
1316280441
1316281093
1316278984
1315409818
1315403974
1315398807
1315417870
1315032728
1315397808
1315380492
1314701079
1314723065
1314748071
1314867813
1314868963
1314903272
1314907849
1314979343
1314994197
1315107247
1315124118
1315190898
1315263687
1315295609
1315950790
1316112440
1316323767
1316607546
1316829912
1316639261
1316768692
1316793141
1316949116
1317010070
1317036857
1317313599
1317743244
1317839786
1317915341
1318692578
1318738968
1318763007
1318789615
1318795338
1318800042
1318805500
1318807800
1318810850
1318817019
1318826858
1318835744
1318846014
1318849547
1318852978
1318872408
1318875565
1318882328
1318890670
1318893605
1318930928
1318932059
1319016363
1319101737
1319131018
1319234256
1319332888
1319605857
1319805223
1319839640
1319854653
1319864759
1319883462
1319929012
1320228058
1321603152
1320788477
1321215632
1321428472
1321503164
1321503310
1321764354
1322120799
1322135868
1322141215
1322359115
1322599390
1322822601
1322850178
1322884422
1322888526
1322898391
1322909167
1322913115
1322935857
1322979484
1322986061
1518830848
1323048204
1323056196
1323117398
1323126835
1323227799
1323231673
1323611665
1323892080
1323912790
1324084027
1324095380
1324333983
1324147463
1324164110
1324168993
1324188003
1324203164
1324225983
1324257392
1324257807
1324291840
1324304015
1324399149
1324427900
1324452514
1324520125
1324522663
1324601145
1324648803
1324687674
1324728449
1324780263
1374227019
1324786045
1324880977
1324909079
1325024580
1325048004
1325066414
1325518606
1325540448
1325564172
1325572594
1325586425
1325620400
1325626241
1325638054
1325720892
1325724807
1325737282
1325869325
1325898610
1325942306
1326129333
1326465509
1326541771
1326588076
1326868278
1326873551
1326877166
1326877434
1326882522
1326885368
1326890443
1326897330
1327089747
1327105830
1327216204
1327241257
1327266635
1327329984
1327371256
1327447725
1327452362
1327532071
1327557364
1327739996
1328066160
1333167599
1328171376
1328181199
1328209922
1328229666
1328258381
1328260348
1328272100
1328288554
1328298630
1328303330
1328317765
1328322625
1328329299
1328356205
1328367334
1328370713
1328380336
1328396319
1328450110
1328460362
1328489595
1328570012
1328578632
1328581987
1328586415
1328599558
1328628701
1328675260
1328807442
1328808953
1329019124
1329030264
1329071165
1331282880
1331267700
1329123133
1329195719
1329195951
1329261761
1329283405
1329284976
1329313458
1329343614
1329356356
1329370669
1329455043
1329584123
1329592298
1329772563
1329785572
1329792221
1329792567
1329808479
1329819466
1329840361
1329913666
1328450110
1328460362
1328489595
1328570012
1328578632
1328581987
1328586415
1328599558
1328628701
1328675260
1328807442
1328808953
1329019124
1329030264
1329071165
1331282880
1331267700
1329123133
1329195719
1329195951
1329261761
1329283405
1329284976
1329313458
1329343614
1329356356
1329370669
1329455043
1329584123
1329592298
1329772563
1329785572
1329792221
1329792567
1329808479
1329819466
1329840361
1329913666
1329972071
1330036156
1330062214
1330079112
1330131287
1330216513
1330244409
1330262870
1330269310
1330296429
1330360513
1330394139
1330420593
1330417157
1330427944
1330429625
1330432273
1330438782
1330440808
1330451689
1330453427
1330458540
1330463358
1330469465
1330479876
1330494793
1330503545
1330509221
1330515489
1330517631
1330521107
1330527237
1330543143
1330546133
1330563881
1330581775
1330608756
1330748691
1330765429
1330785044
1330849034
1330936388
1331054868
1331056534
1331073432
1331116568
1331149541
1331151279
1331161434
1331164447
1331193465
1331285933
1331293622
1331301499
1331310592
1331310633
1331354637
1331356151
1331362882
1331365977
1331368097
1331373345
1331376877
1331379796
1331384144
1331388609
1331392118
1331393437
1331399970
1331421132
1331429316
1331469099
1331479111
1331484797
1331489841
1331511175
1331643610
1331717697
1331731825
1331741226
1331808972
1331809108
1332837346
1332860220
1332866674
1332866795
1332869083
1332966528
1332966717
1332966719
1332968168
1332969999
1332970240
1333203731
1333210075
1333250493
1333255316
1333302981
1333332816
1333334041
1333387168
1333531298
1333558171
1333581195
1333689085
1333661670
1333697098
1333755476
1333759858
1333771279
1333776557
1333780721
1333822567
1333870475
1347136240
1334608385
1334633167
1334719916
1334744841
1334755355
1408436714
1335010698
1335035630
1335063641
1335067038
1335083290
1335621218
1375261918
1335728807
1335771068
1335827343
1335839177
1335877747
1335906902
1335927498
1336018665
1336135223
1336930902
1336978911
1336985940
1337041558
1337049122
1333689085
1333661670
1333697098
1333755476
1333759858
1333771279
1333776557
1333780721
1333822567
1333870475
1347136240
1334608385
1334633167
1334719916
1334744841
1334755355
1408436714
1335010698
1335035630
1335063641
1335067038
1335083290
1335621218
1375261918
1335728807
1335771068
1335827343
1335839177
1335877747
1335906902
1335927498
1336018665
1336135223
1336930902
1336978911
1336985940
1337041558
1337049122
1337094653
1337123853
1337142282
1337143404
1337162211
1337181532
1337194836
1337201377
1337213670
1337219334
1337228506
1337235032
1337446467
1337478845
1337492947
1337506674
1337695326
1337741682
1337747288
1337767649
1337773855
1337809558
1337824225
1337851254
1337860683
1337862172
1337882542
1337895793
1337896399
1337900521
1337922088
1337934695
1337935973
1337959706
1337965827
1337978137
1337989397
1337990349
1337997634
1338031018
1338050501
1338068810
1338080041
1338105138
1347928646
1338122136
1338159387
1338166107
1338197474
1338214993
1338273907
1338283155
1338343696
1338381254
1338395514
1338412729
1338442541
1338554858
1338775187
1338864823
1338866228
1338866615
1338866623
1338866926
1338867020
1338869529
1338867768
1338867775
1338867780
1338868573
1338868589
1338868940
1338869539
1338870121
1338920341
1338947910
1338969474
1338995206
1339002209
1339029860
1339070796
1339090778
1341739604
1341739973
1341740699
1341740966
1341753063
1341816475
1341829172
1341956576
1342041866
1342421691
1342649555
1342776571
1342799657
1342804475
1342826913
1342828383
1342829331
1342835782
1342847161
1342857136
1342880542
1342896135
1342895374
1342895652
1342946578
1342991552
1361555548
1343124097
1343129370
1343192630
1343272524
1343292909
1343315277
1343324521
1343332464
1343364868
1343371864
1343379607
1343385988
1343753812
1343842036
1343899279
1344612471
1344626917
1344663014
1345008795
1345146669
1345161963
1345188866
1345216387
1345237483
1345272075
1345301491
1345346178
1345360566
1345551169
1345894078
1346990121
1347053758
1347092958
1342946578
1342991552
1361555548
1343124097
1343129370
1343192630
1343272524
1343292909
1343315277
1343324521
1343332464
1343364868
1343371864
1343379607
1343385988
1343753812
1343842036
1343899279
1344612471
1344626917
1344663014
1345008795
1345146669
1345161963
1345188866
1345216387
1345237483
1345272075
1345301491
1345346178
1345360566
1345551169
1345894078
1346990121
1347053758
1347092958
1347472687
1347493996
1347495732
1347513120
1347548795
1347570663
1347576861
1347595682
1347600311
1348176449
1348537356
1348691042
1361544851
1348786505
1361547330
1348809762
1348813229
1348813538
1348819434
1348826479
1348861770
1348964685
1349247480
1349923424
1349957190
1349988410
1350059262
1350087524
1361540119
1350238289
1361542044
1350282937
1350384157
1350548789
1350638293
1350643970
1351175783
1351320530
1351361856
1351519158
1351534998
1351595151
1351607939
1351737885
1351754617
1351827180
1351848124
1351855610
1351882284
1351892850
1351923931
1351988657
1352008557
1352031536
1352047154
1352047454
1352072241
1352083609
1352137596
1352149814
1352162292
1352182546
1352543030
1353123907
1352942370
1353007841
1353122206
1353146044
1353215131
1353220062
1353227749
1353257024
1353267627
1353281103
1353304166
1353529585
1353539842
1353545584
1353552652
1353570783
1353591630
1353589513
1353603069
1353605354
1353613762
1353624895
1353635160
1353643744
1353654247
1353665646
1353669728
1353677312
1353696202
1353700956
1353706093
1353744683
1354085482
1354342457
1354362677
1441471902
1354482208
1354486314
1354508679
1354514753
1354520040
1354548118
1354560263
1354565099
1354594189
1354603500
1354614483
1354756645
1354624748
1354637137
1354719339
1354745001
1354749718
1354760600
1354820579
1354883884
1355089791
1355132853
1355170292
1355239567
1355250630
1355298724
1355298728
1355300484
1355395295
1356081297
1356417207
1356809591
1357495024
1357539544
1357627799
1357669554
1357690142
1357773742
1357880195
1357897933
1358069930
1358088508
1358179708
1358203487
1360925668
1360942933
1361123911
1361155737
1361190317
1361207538
1361355713
1361364921
1361386181
1361394760
1361405586
1361429957
1361459120
1361686193
1361688499
1361844824
1362175388
1362196778
1362243220
1362289702
1362311907
1362316141
1362322227
1362386177
1362389315
1362415985
1362453786
1362625986
1362648476
1362703278
1362716144
1362817721
1362873693
1362967002
1362961689
1363029887
1363077298
1363077373
1363078003
1363079741
1363080199
1363080694
1363082186
1363085070
1363084636
1363087565
1363088924
1363089579
1363092457
1363094277
1363096475
1363097813
1363100572
1363104464
1363101971
1363103112
1363104940
1363105028
1363106784
1363107000
1362322227
1362386177
1362389315
1362415985
1362453786
1362625986
1362648476
1362703278
1362716144
1362817721
1362873693
1362967002
1362961689
1363029887
1363077298
1363077373
1363078003
1363079741
1363080199
1363080694
1363082186
1363085070
1363084636
1363087565
1363088924
1363089579
1363092457
1363094277
1363096475
1363097813
1363100572
1363104464
1363101971
1363103112
1363104940
1363105028
1363106784
1363107000
1363109835
1363110247
1363142575
1363172370
1363176631
1363194027
1363207396
1363278254
1363575023
1363564634
1364027361
1364046812
1364047555
1364063052
1364078666
1364162683
1364225892
1364242207
1364273109
1364284175
1364310487
1364310740
1366324962
1366353096
1366357877
1366374077
1366418505
1366526735
1366575902
1366647891
1366862183
1366920295
1366935360
1367490195
1367502873
1367506695
1367560525
1367673252
1367704757
1367727374
1367897476
1367925478
1367933182
1367980321
1367997915
1385088519
1368011288
1368027378
1368036547
1368041541
1368043282
1368048350
1368062190
1368067176
1368071281
1368075906
1368081763
1368085418
1368093523
1368108734
1368121205
1368132018
1453108763
1368244142
1368332859
1368344834
1368361230
1368434244
1368689741
1368694372
1368700508
1368705634
1368705313
1368708607
1368708627
1368708707
1368709661
1368709761
1368709779
1368710344
1368710646
1368714577
1368714824
1368714886
1368932862
1369008522
1369039575
1369087977
1369359019
1369435372
1369472536
1369578879
1369896849
1369910996
1369924305
1370973916
1370931798
1370913190
1542277886
1370691089
1370698030
1370697077
1370697956
1370756629
1370865769
1370874546
1370877554
1370886727
1370888305
1370895751
1370900854
1370964463
1370965646
1370973891
1370980804
1370987036
1370993360
1371001259
1371033658
1371057721
1371068904
1371096647
1371231699
1371277456
1371339350
1371392623
1371689011
1371694237
1371699777
1371699947
1371700353
1371708847
1371730048
1371758620
1371779220
1371799343
1371805440
1371814103
1371934667
1371949844
1371959032
1371983205
1370865769
1370874546
1370877554
1370886727
1370888305
1370895751
1370900854
1370964463
1370965646
1370973891
1370980804
1370987036
1370993360
1371001259
1371033658
1371057721
1371068904
1371096647
1371231699
1371277456
1371339350
1371392623
1371689011
1371694237
1371699777
1371699947
1371700353
1371708847
1371730048
1371758620
1371779220
1371799343
1371805440
1371814103
1371934667
1371949844
1371959032
1371983205
1372002073
1372002417
1372020530
1372057880
1372072957
1372112738
1372184403
1372206179
1372225419
1372262303
1372312578
1372467909
1372552994
1372563722
1372569164
1373007629
1373024040
1373054714
1373096340
1373139086
1373146180
1373268327
1375711040
1375730517
1375752860
1375894896
1376197826
1376215412
1376220192
1376259546
1376303016
1376303588
1376304401
1376304596
1376307630
1376325846
1376440433
1376531901
1376537933
1376605462
1376629355
1376643431
1376698477
1376698657
1376705404
1376715845
1376751852
1376804166
1376827516
1376833137
1377415994
1378127431
1407307506
1378290505
1441947107
1379338386
1378315871
1378370485
1378370869
1378394414
1378429950
1378454686
1378462054
1378508586
1378508993
1378533575
1378557107
1378622040
1378675992
1378902326
1378911875
1378920408
1379185251
1379347072
1379358151
1379361170
1379367712
1379373816
1379378114
1379435978
1379442657
1379467518
1376705404
1376715845
1376751852
1376804166
1376827516
1376833137
1377415994
1378127431
1407307506
1378290505
1441947107
1379338386
1378315871
1378370485
1378370869
1378394414
1378429950
1378454686
1378462054
1378508586
1378508993
1378533575
1378557107
1378622040
1378675992
1378902326
1378911875
1378920408
1379185251
1379347072
1379358151
1379361170
1379367712
1379373816
1379378114
1379435978
1379442657
1379467518
1379477662
1379501550
1379517877
1379551093
1379557107
1379620677
1379754011
1380235402
1380346629
1380418607
1380445155
1380605429
1380599622
1380599626
1380600500
1380601802
1380602364
1380603478
1380603557
1380605238
1380605434
1380732446
1384261628
1384261796
1384265660
1384329787
1384356674
1384545082
1384554267
1384559584
1384579724
1384589014
1384596838
1384850086
1384868852
1384886669
1384900873
1384910829
1384923252
1384930290
1384934780
1385004197
1385006067
1385021191
1385021752
1385026200
1385040251
1385047192
1385167110
1385278418
1385515202
1385519307
1385599615
1386034518
1386334022
1386335374
1386336603
1386427220
1387018713
1387019277
1387587791
1387592070
1387595328
1388040136
1388053688
1388121841
1388742927
1388769052
1388770415
1389431633
1389721472
1389892705
1389901571
1389915547
1390213037
1390401976
1390492540
1391114667
1391119590
1391127036
1391133941
1391138359
1385021752
1385026200
1385040251
1385047192
1385167110
1385278418
1385515202
1385519307
1385599615
1386034518
1386334022
1386335374
1386336603
1386427220
1387018713
1387019277
1387587791
1387592070
1387595328
1388040136
1388053688
1388121841
1388742927
1388769052
1388770415
1389431633
1389721472
1389892705
1389901571
1389915547
1390213037
1390401976
1390492540
1391114667
1391119590
1391127036
1391133941
1391138359
1391147172
1391161021
1391169258
1391175469
1391183009
1391191138
1391512485
1391727492
1391751292
1391758655
1396839301
1395342279
1396848291
1399994719
1398491428
1399966212
1399708789
1397150042
1392136122
1394737155
1397018604
1397010667
1393563872
1393564069
1393564260
1393564360
1393565102
1393571688
1393918784
1394343029
1394346977
1447300093
1447454130
1446699110
1394360503
1446758607
1446515463
1394378124
1394385265
1394389382
1394395142
1394396902
1446565896
1445914583
1394412921
1394413172
1394414147
1394414262
1394654252
1394680504
1394686501
1394754308
1394981783
1395002839
1395015335
1395021398
1395032172
1395101195
1395235202
1395242062
1395273344
1395458237
1395816629
1396087545
1396159477
1396301550
1396587805
1396706971
1396713846
1396717478
1396720119
1396738715
1396753609
1396754019
1396757337
1396754621
1396756071
1396756302
1396756358
1396756372
1396756473
1396765198
1396768862
1396769796
1396803951
1396820248
1396846267
1396893158
1396933333
1396939177
1396965180
1396976171
1396984088
1396987381
1397001653
1397009811
1397017881
1397024910
1397038984
1397046085
1397052384
1397236205
1397244436
1397319504
1397324316
1397327311
1397346767
1397349653
1397352285
1397360722
1397393403
1397397875
1397400325
1397431116
1397435490
1397440916
1397616663
1397626243
1397642539
1397648351
1397652586
1397657350
1397660494
1397666462
1397672907
1397678115
1397685160
1397688671
1397712698
1397712953
1397713559
1397758544
1397762623
1397825245
1397857756
1397869567
1397896218
1397901770
1397903051
1397907118
1397908458
1397939793
1397324316
1397327311
1397346767
1397349653
1397352285
1397360722
1397393403
1397397875
1397400325
1397431116
1397435490
1397440916
1397616663
1397626243
1397642539
1397648351
1397652586
1397657350
1397660494
1397666462
1397672907
1397678115
1397685160
1397688671
1397712698
1397712953
1397713559
1397758544
1397762623
1397825245
1397857756
1397869567
1397896218
1397901770
1397903051
1397907118
1397908458
1397939793
1397942808
1397952731
1397957671
1397961908
1397974869
1397983823
1397992149
1397999670
1398017074
1398036188
1398106079
1398144061
1398148984
1398152597
1398171263
1398175294
1398178596
1398183624
1398188628
1398190739
1398210854
1398224588
1399668101
1399668110
1399668378
1399668555
1399668640
1399668662
1399668944
1399668955
1399669037
1399669240
1399784885
1400256280
1400306719
1400391723
1400600136
1400610350
1400620770
1400624996
1400634420
1400643493
1400877141
1400930751
1401011007
1402453733
1402448146
1402429408
1402425103
1402417981
1401174033
1402406159
1402035311
1402007926
1401432055
1401539398
1401571345
1401577939
1401585563
1401592132
1401604607
1401624646
1401635042
1401807293
1401960154
1402018762
1402072253
1402084387
1402098672
1402108969
1406868492
1402145690
1406865415
1402161836
1406861046
1402165771
1406857261
1402173941
1402178591
1402181378
1402181410
1402553559
1403511280
1403555232
1403745782
1403777410
1468269241
1403999293
1404079515
1404095344
1404117338
1404193991
1404250928
1404336585
1404394045
1404446983
1404447339
1404479823
1404494470
1404520939
1404532119
1405075492
1405204704
1405272433
1405568009
1405521063
1405534500
1405803089
1405967934
1405986534
1406032012
1406177109
1406574797
1406586491
1406591044
1406761999
1406773643
1407056914
1407129729
1409542558
1409488108
1409333150
1407508145
1407587346
1407985310
1407987988
1407989252
1407991449
1408112326
1408121253
1408124258
1408136524
1408141158
1408153203
1408171631
1408216506
1408276660
1408400090
1408722072
1408858427
1408869620
1409838831
1409035901
1409037075
1409851646
1409253920
1409254780
1409255112
1409255190
1409255373
1409255509
1409256197
1409256361
1409256367
1409256566
1409257038
1409257446
1409257535
1409358228
1409360797
1409422829
1409529629
1409529062
1409746028
1409748278
1409794415
1410092845
1410199223
1410400464
1410401668
1410401781
1410401832
1410422043
1410662818
1410675403
1410690893
1410724525
1410727493
1410734511
1410766893
1410771439
1410818083
1410831724
1410839917
1410841524
1410881118
1410895208
1410961999
1411006687
1411032829
1411042704
1411047020
1411061853
1411216916
1411222343
1411257336
1411372319
1411456216
1411659665
1411670419
1411685065
1411688255
1409748278
1409794415
1410092845
1410199223
1410400464
1410401668
1410401781
1410401832
1410422043
1410662818
1410675403
1410690893
1410724525
1410727493
1410734511
1410766893
1410771439
1410818083
1410831724
1410839917
1410841524
1410881118
1410895208
1410961999
1411006687
1411032829
1411042704
1411047020
1411061853
1411216916
1411222343
1411257336
1411372319
1411456216
1411659665
1411670419
1411685065
1411688255
1411766799
1412001500
1412024586
1412080447
1412236285
1412373227
1412392762
1412395810
1412406151
1412485505
1412569840
1412666359
1413063427
1413357186
1413389870
1413399630
1413409688
1413456795
1413471928
1413493286
1413515493
1413532988
1413543305
1413549640
1413551862
1413592703
1413716781
1414686474
1414699456
1414707528
1414848722
1414918350
1415043163
1415060832
1415115880
1415132021
1415142958
1415301414
1415366253
1415460373
1415494147
1415498410
1415500923
1415605132
1415622900
1415645529
1415664537
1415668080
1415676064
1415676446
1416012883
1416045543
1416071367
1416139386
1456339529
1416158814
1416185194
1416193881
1416237047
1416256390
1416301398
1416304288
1416348739
1416368968
1416370537
1416371519
1416380707
1416390483
1416439576
1416441326
1416446091
1416462613
1416479583
1416505192
1476823328
1416516319
1416520172
1416526352
1416580704
1416580802
1416604027
1416702912
1419482076
1419486995
1419500394
1419600335
1419643325
1419644954
1419645468
1419772268
1419772413
1419772497
1419772884
1419773282
1419773288
1419773289
1419774744
1419774865
1419775137
1419849668
1419853765
1420008521
1420088910
1420180262
1420189004
1420198546
1420218117
1420248807
1420256493
1420358806
1420424710
1420448340
1420523749
1420540046
1420567520
1420667762
1420730684
1420755356
1420856208
1420858237
1420947610
1420953925
1421099683
1421103748
1421104447
1421113694
1421115475
1421322320
1421406667
1421610358
1421720914
1421737151
1421902970
1421928189
1422045436
1422116646
1423835412
1422208908
1422214933
1422232615
1422256535
1423702622
1420218117
1420248807
1420256493
1420358806
1420424710
1420448340
1420523749
1420540046
1420567520
1420667762
1420730684
1420755356
1420856208
1420858237
1420947610
1420953925
1421099683
1421103748
1421104447
1421113694
1421115475
1421322320
1421406667
1421610358
1421720914
1421737151
1421902970
1421928189
1422045436
1422116646
1423835412
1422208908
1422214933
1422232615
1422256535
1423702622
1423683888
1423671132
1423825206
1422295487
1422440119
1422601740
1422741838
1422874939
1422899247
1422911448
1423130838
1423136656
1423402024
1424314427
1424314592
1424314595
1424314602
1424315819
1424317331
1424316371
1424316745
1424317039
1424317153
1424374626
1424851072
1424867510
1424933406
1424978558
1425350084
1425570738
1425570152
1425652482
1425680370
1425817397
1425828886
1425849219
1425881797
1425891518
1425905748
1425910783
1425919467
1425928623
1425931203
1425938087
1425944302
1426031294
1426045897
1426046887
1426046905
1426048067
1426048361
1426048455
1426048467
1426048560
1426048637
1426048667
1426048866
1426057145
1426053701
1426054882
1426355702
1426357144
1426365131
1426363010
1426471136
1427145213
1427150543
1427157177
1427196284
1427711614
1429214334
1429211697
1429212881
1429213186
1429213462
1429213954
1429530591
1429592481
1429779295
1429787389
1429972639
1430006880
1430255313
1430259728
1430294040
1430297473
1430301215
1430304068
1430308049
1430310586
1430311385
1430324019
1430330655
1430341745
1430345713
1430455043
1430463476
1430528456
1430531610
1430537452
1430538328
1430549465
1430559975
1430629834
1430689436
1430707610
1430960979
1430969564
1430972108
1430980000
1430988906
1431000671
1431610322
1431611819
1431611895
1431611903
1431612479
1431612678
1431613257
1431613753
1431614150
1431931354
1431949199
1432056462
1432121153
1432243012
1432266292
1432270797
1432270914
1432271191
1432271220
1432274733
1432271505
1432273244
1432274855
1432275765
1432284506
1432284738
1432286367
1432286454
1432286677
1432544508
1432615385
1432645597
1432653612
1432677075
1432794760
1432834487
1432836505
1432865621
1432911114
1432949857
1432983603
1432986583
1433024495
1433039123
1433039506
1433042043
1433145117
1433458036
1433610003
1433611985
1433614102
1433634011
1433672176
1433748610
1433755639
1433808577
1433810485
1433832518
1433838796
1433855126
1433859736
1433863652
1433871909
1433877576
1433879390
1433922090
1433963541
1434007357
1434044064
1434288372
1434290963
1434315807
1434343834
1434423351
1434428309
1434433016
1434473965
1434482944
1434489816
1434492474
1434506991
1434511710
1434512995
1435667749
1434529197
1434547254
1434564353
1434622332
1434629036
1434645975
1434669130
1434686601
1434711645
1435027131
1435024536
1435024636
1435025815
1435026144
1435030429
1435027776
1435027943
1435030413
1435031993
1435320275
1435329296
1435353090
1435366517
1435375936
1435417777
1435424911
1435428172
1435449461
1435503665
1435559938
1435575280
1435576671
1435578932
1435585776
1435587474
1435660225
1435724858
1435785468
1436006613
1436008947
1436009234
1436072596
1436095408
1436249810
1436280460
1436541146
1436670736
1436693343
1437119823
1437257876
1437260306
1437260346
1437314274
1437682867
1437828349
1437828653
1437828743
1438218528
1438223224
1438239875
1438514126
1438562795
1438564847
1438693047
1438777085
1438871916
1438894260
1438914706
1441863883
1442026039
1442210970
1442216806
1442217214
1442318298
1442320484
1442320568
1442321060
1442321157
1442321254
1442527958
1442667548
1442673810
1442675345
1442681706
1442686581
1442690351
1442693339
1442698038
1442698327
1442703252
1442708959
1442838086
1442943954
1442946128
1442956433
1442964934
1442971590
1442981487
1442988577
1442992757
1442995712
1443000123
1443001620
1443007136
1443008813
1443015851
1443019132
1443022003
1443039276
1443096716
1443097713
1443097718
1443098892
1443101736
1443099982
1443100268
1443100942
1443100952
1443101235
1443101831
1448209354
1443764659
1444118695
1444230290
1444295977
1444302251
1444382459
1444503866
1442703252
1442708959
1442838086
1442943954
1442946128
1442956433
1442964934
1442971590
1442981487
1442988577
1442992757
1442995712
1443000123
1443001620
1443007136
1443008813
1443015851
1443019132
1443022003
1443039276
1443096716
1443097713
1443097718
1443098892
1443101736
1443099982
1443100268
1443100942
1443100952
1443101235
1443101831
1448209354
1443764659
1444118695
1444230290
1444295977
1444302251
1444382459
1444503866
1444509700
1444861635
1445090404
1445184694
1445201733
1445208122
1445215045
1445403343
1445670110
1445675225
1445681385
1445901924
1446161673
1446170112
1446223008
1446360272
1446488813
1446491503
1446493006
1446493947
1446494139
1446494646
1446497204
1446498712
1446502838
1447471476
1448235813
1448337220
1448358578
1448374917
1448377854
1448827526
1449015834
1449332539
1449378281
1449620147
1449651904
1449919704
1450791745
1450231280
1450246689
1469013756
1450376902
1450408342
1450417202
1450448126
1450461068
1450471702
1450483666
1450496645
1450507059
1450512337
1450512572
1450517501
1450543124
1450570523
1450624349
1450624940
1450630031
1450629731
1450630019
1450630044
1450631491
1450632602
1450632611
1450632618
1450632826
1450634045
1450687738
1450689140
1450714665
1450724286
1450749735
1450796637
1451515964
1452387627
1452387918
1452391039
1452388120
1452389317
1452389591
1452389681
1452389685
1452389880
1452390291
1452390365
1452390645
1453539903
1453576952
1453577285
1453629464
1453657181
1453700692
1460309924
1454261772
1454670991
1454672700
1454948386
1454977767
1454999685
1455060510
1455214527
1455215362
1455218742
1455218823
1455221525
1455222434
1455224534
1455443591
1455778009
1455483686
1456398472
1456558432
1456567279
1456820687
1456886952
1457294180
1457314004
1457318594
1457332474
1457612118
1457965724
1457984857
1458075954
1458514735
1458761289
1458761293
1458918887
1459023027
1459139712
1460146708
1460147403
1460148378
1460148507
1460148872
1460148895
1460149852
1460149955
1460150953
1460197753
1460207006
1460206073
1460211213
1460213074
1460248044
1460289401
1460324129
1460706272
1461737785
1463007327
1463008286
1463008626
1463015335
1463012848
1463013831
1463010305
1463011226
1463012447
1463012646
1463012699
1463014166
1463017537
1463015710
1463016024
1463016055
1463016227
1463016587
1463016869
1463016975
1463017073
1463017182
1463017908
1463018102
1463018108
1463018294
1463018301
1463018476
1463018503
1463018658
1463018791
1463019040
1463019110
1463019981
1463020207
1463020563
1463020839
1463021367
1463021376
1463021496
1463021587
1463022398
1463023351
1463023475
1463024077
1463024338
1463024357
1463025484
1463026634
1463026715
1463026861
1463027001
1463027017
1463027681
1463027800
1463028079
1463028091
1463028311
1463028469
1463032232
1463029152
1463029652
1463029674
1463029793
1463029988
1463030240
1463030572
1463030658
1463030709
1463031010
1463031798
1463032813
1463032869
1463033163
1463033568
1463033610
1463034278
1463034452
1463034555
1463035564
1463035682
1463041435
1463035814
1463035841
1463036273
1463036374
1463036763
1463036827
1463036905
1463037131
1463037150
1463037188
1463037208
1463038133
1463038538
1463038877
1463038925
1463039260
1463039267
1463039492
1463039497
1463039649
1463039873
1463040554
1463041299
1463041570
1463042257
1463042316
1463046256
1463042580
1463042832
1463042882
1463043067
1463043436
1463043634
1463043680
1463043972
1463044014
1463044108
1463044231
1463044292
1463046053
1463046638
1463818143
1463877472
1463912585
1463939610
1463940188
1488626079
1463941217
1488628744
1463942658
1463943367
1463943471
1463943946
1464499292
1464504637
1465363161
1465366815
1469596799
1470819797
1473578194
1474790072
1473870777
1473870897
1474793591
1474782281
1474807240
1474775564
1474780315
1474785771
1473874762
1474813107
1474809924
1473920736
1474446960
1475227879
1476897148
1477000171
1477323945
1477373242
1478648252
1479563142
1479584985
1479596478
1479604322
1479620009
1479626112
1479640808
1479644806
1479656645
1479662871
1482672502
1482672546
1482672888
1482673476
1482674181
1482674900
1482675391
1482676491
1482677324
1482677485
1482678623
1482679469
1482709081
1482710127
1482714252
1482715972
1482717062
1482717650
1482742793
1482745167
1482746446
1482748264
1482771730
1482772910
1482774730
1482779802
1482780853
1482785055
1482819057
1482822785
1482832842
1482837202
1482841487
1482856100
1482851626
1482863443
1483091544
1483559183
1483595404
1483753644
1483812053
1484810180
1484944542
1488653482
1491125902
1491134267
1491475456
1491709797
1491761228
1491782223
1492302952
1492303734
1493874139
1493893051
1494479119
1495576089
1495595503
1495871491
1496054559
1496106741
1496175858
1496261362
1496296543
1496337830
1496934208
1497140944
1497158477
1497253516
1499255234
1504778724
1505968381
1510681777
1514026640
1516588662
1516598983
1517736524
1522485888
1522506750
1522514676
1522516525
1522538691
1523603701
1524110142
1524343679
1524351216
1524452175
1529891369
1540717051
1541996085
1542394233
1542844611
1543503357
1543507969
1544079605
1547423904
1268550679
1157904046
1225409324
1286557490
1294767913
1353509768
1052656313
1288005222
1382750438
1410746885
1286239668
1316368414
1340365838
1392791167
1401452235
1401671588
1206991550
1368631220
1415825981
1300325796
1316993463
1377106463
1372735737
1014207713
1212324960
1524110142
1524343679
1524351216
1524452175
1529891369
1540717051
1541996085
1542394233
1542844611
1543503357
1543507969
1544079605
1547423904
1555858874
1555880426
1268550679
1157904046
1225409324
1286557490
1294767913
1353509768
1052656313
1288005222
1382750438
1410746885
1286239668
1316368414
1340365838
1392791167
1401452235
1401671588
1206991550
1368631220
1415825981
1300325796
1316993463
1377106463
1372735737
1014207713
1212324960
1252892510
1362775587
1398303621
1402971836
1438443584
1309501944
1390401430
1380713035
1338388618
1210694956
1413429646
1445221325
1454207128
1463039432
1328397630
1330573610
1331339938
1397000374
1408284718
1158163617
1307601994
1396518009
1396512854
1331604747
1333447478
1384798597
1399156198
1412125076
1416829120
1273902317
1382657538
1399467297
1190735337
1272092857
1310983598
1319921572
1415591611
1348779582
1435439427
1311990383
1064388100
1207037834
1211303724
1216537568
1244128181
1260236932
1283523281
1299679175
1311350475
1312096495
1327281537
1332273220
1338560030
1339576060
1343390293
1357429604
1380818172
1371715738
1372161863
1380877256
1409294699
1427304452
1436007383
1146954144
1312163891
1337967070
1336267078
1289445186
1311038685
1312731669
1312798163
1383702432
1383718104
1389794226
1413405235
1556312581
1557037783
1557632575
1391597573
1391590553
1419397346
1419407556
1559256553
1505603834
