856217
573055
774510
935672
573048
676188
972893
573054
1123736
1159248
879726
730431
1162099
1014753
652867
573064
676191
879751
669609
1332414
676190
822670
573053
856231
730428
692504
676204
692509
856228
1131948
913654
856242
774508
879732
856221
879739
652901
652864
644187
609032
652821
644192
856201
730412
609024
856220
730443
856226
856240
716560
879746
913595
676192
692475
1162105
774511
913653
1095499599
676193
716555
1159249
652859
1082114082
652872
1428799
609028
927426
716434
1220997687
1307753
692489
1232419115
754119
652856
1255343536
692456
1458401999
716551
1458421991
695997
573050
1437386
1437862
1458416952
1437245
1496376620
1437560
1437411
1105092800
1437893
1437844
1437879
716540
1206350
1437543
1255887606
1437518
1437870
1206769124
1398800825
1458423291
1060278186
1212166593
1255798159
1255813893
1437923
1180759912
1234570869
1487905133
1505748056
1528866681
1437396
1437437
1437490
1437506
1437079
1437478
1484423306
1473788663
1437243
1437522
1247156508
1436889
1126958323
1540211887
1436917
1436928
1437466
1437309
1376706290
1437376
1437471
1437866
1255766498
1255772381
1315939200
1442143966
1481778101
1496495649
1242620
1437946
