1463609155
1205895510
1356212481
1253928308
1100980952
1340258972
1356346823
1051320217
1245716771
1354737973
1293900813
1367925958
1483172669
1268837987
1355809545
1356345944
1483329274
1298429992
1356346534
1356345173
1366532871
1368002143
1151952229
1356251065
1274021891
1491056533
1529605446
1307679427
1308916339
1461318663
1471362877
1356345938
1508135323
1356345414
1489980995
1313193441
1356345205
1356346251
1486881843
1544744905
1503872749
1356132167
1356343626
1356343613
1356344281
1489604233
1258799499
1429053067
1367913184
1529352326
1356345664
1356344027
1356344017
1544747334
1051312687
1268931785
1375152501
1372230003
1356347181
1356345687
1356346253
1356346633
1356345264
1356343901
1354345210
1499016503
1549420305
