656532
654305
1256416
559257
605287
154996
162407
142549
656555
142566
236694
656518
232332
1256410
654308
582744
692464
162411
692505
162410
656561
818160
766880
854751
748944
550087
195802
549868
654328
654303
573068
652809
656551
1323141
999249
749027
591688
692553
559274
879707
927178
239767
766933
692549
644616
559270
818145
605288
654300
753184
645419
344467
672459
536960
654301
692542
856220
654311
559269
271554
743664
766887
879700
692486
559267
654307
730415
708468
856221
601616
654316
879704
644631
601620
716565
142540
692546
879710
1323003
1323093
552359
598668
726661
818132
1467580
672548
854753
1050395200
927186
871072
661257
654302
766911
601617
730424
766874
726674
944249
854754
743699
927190
654313
591692
505047
1082602663
692479
582758
154966
818142
559255
627889
726658
559273
818141
559027
654323
730420
154962
736936
1169269552
736896
818144
1161138533
1155410282
1153567786
1343327161
736932
598639
743804
1486593645
654324
1050393430
1061945851
1467561
559272
656514
1110459247
1152169185
582750
1110444877
1152152275
1155568628
1161127333
654314
559268
582756
692470
766905
1529121436
154960
672473
644569
644584
818219
856217
835960
186677
935672
186675
871078
871069
835959
678771
822675
676188
871081
856226
676191
652867
856231
669609
856228
536966
652864
822670
879746
730428
730431
856236
856242
871380
879726
767114
1233237
856240
871077
372440
573064
879739
692509
856201
871076
879732
652901
692504
802350
871378
652872
730412
871393
716560
802346
927426
525549
652810
573063
716569
791282
871397
716575
591700
871383
758131
871377
785855
871385
591696
703466
730397
871392
871382
344492
692461
871395
692456
716557
871398
166870
791300
871387
