901104
1333170454
879774
1290868724
1297836
1043078104
1108818132
1432713657
1195771951
1333340717
1482998540
1378244196
1163753927
1037477370
1113958222
1074470472
1077153706
1398400490
1060335632
1468718650
1059663609
1195156891
1109536897
1163736314
1475532436
1192900433
1232832643
1088628637
1066986943
1058114751
1149571005
1068233875
1035603432
1075952655
1280735434
1315007135
1244349224
1333980528
1127001219
1062209810
1189928992
1367653902
1422055618
1300169244
1266414726
1509168620
1356793066
1413042218
1189928978
1062197675
1376668320
1466217266
1475375489
1507881102
1391368798
1109083821
1189927833
1192874588
1064086259
1507630392
1049414785
1055482914
1062247390
1154587562
1346506104
1480409824
1026332194
1043465238
1062829276
1143793071
1263282930
1523291934
1250438124
1324097988
1055475862
1062201379
1154569917
1319213070
1400875970
1457130414
1483190866
1516941841
1060811258
1162400969
1556403192
1536493746
1530899734
1531726720
1543392196
1542056441
1542079839
1542089126
1542110441
1550899586
