927422
835967
609023
1222301987
802369
1413493570
609019
598630
1447041291
754114
1325487535
1082573728
802362
1505899827
1332506
1332511
802355
1242477320
629361
1196953222
552418
1083057133
629376
754116
1015808656
629368
1015792681
573072
629359
644185
730451
743821
629371
1332484
1332490
1505003605
743811
1517352042
1085256644
1227388276
1119066325
1332494
573069
1019775280
1233256986
1115692768
1169238242
1015808777
1204581332
1441368566
1285493306
1401811389
1422412937
1220714752
1267117301
1287749058
1332497
1085290961
1529440545
1478361577
1060281275
1260805192
1347519180
1540497985
1060281232
1344141802
1497012237
1376941531
1459713379
1512007040
1506243461
1102933492
1286065114
1329566002
1338404332
1342691652
1448228726
1460145256
1477674200
1503348742
1070555720
1269072561
1271839240
1273887706
1460857431
1466431998
1513592000
1460316353
1060288953
1286655902
1143917201
1438988125
1312887812
1318204058
1497660539
1198309576
1291716175
1279442832
1287924841
1292705422
1294387310
1316714197
1326757936
1327432504
1356228299
1329559377
1329645482
1330391344
1330424877
1330473034
1334594658
1334695732
1336791497
1337378242
1337747455
1338340918
1338635310
1338654160
1339009616
1339503953
1339812857
1339822951
1339928111
1497233207
1443756708
1352077232
1376369761
1378767317
1420373228
1430845560
1444512991
1465863583
1477420686
1479451843
1480443067
1482253233
1484416009
1497356492
1505180484
1511187111
1512029393
1514948209
1545906696
1220617365
