1342946934
1265026520
1478312766
1514299537
1422507139
1527676002
1310262580
1255785027
1371213189
1285555115
1485935440
1323522709
1430278852
1439826418
1460190744
1364379184
1066300282
1055757361
1037582377
1159575072
1120899790
1207376720
1351905127
1435583762
1476672981
1537677826
1182826982
1461165388
1182805956
1159773183
1158300191
1232356
1022036257
1441491265
1028233201
1470804192
1431771910
1006472362
1159229454
1235246686
1212100994
1372542774
1440743435
1296697929
1364425805
1327041456
1159402462
1266450142
1195062144
1368215340
1344740509
1030272322
1474658570
1164721993
1493937379
1332073973
1217852659
1286131422
1365966975
1403466192
1231354
1154589721
1485563033
1418864581
1020768604
1232365
1425861797
1215828
1173453460
1518624256
1536571248
1536526458
1390200728
1401991766
1441689415
1218996760
1440833154
1091633944
1117355347
1119523429
1381755401
1035616327
1328837297
1328827808
1403470727
1513043019
1440735339
1252746460
1440877345
1461612139
1420226727
1021684705
1111790332
1155270824
1440816581
1485201473
1201881962
1335201524
1439918308
1016471248
1440871733
1159736875
1216327149
1305851569
1440830270
1428372980
1144767167
1185029301
1239249844
1344855800
1081987749
1378721591
1081950835
1366087050
1159403730
1290266185
1484806963
1034049749
1158084258
1458200947
1005842207
1204493950
1317421233
1021037920
1051025907
1300370130
1335247016
1004159426
1144784179
1440731297
1233121640
1269984463
1351893888
1202441560
1311406765
1159756359
1159578190
1159379559
1158801017
1321352253
1236311584
1500417552
1227724246
1398178159
1440838974
1456738111
1342651001
1463227679
1016687338
1221554966
1244630275
1283531543
1532730051
1440738996
1440745423
1543183307
1309697014
1469505085
1145412047
1213569511
1342730598
1459228653
1506871188
1105670435
1235913067
1186519302
1209856569
1309129415
1327825654
1372506355
1379834917
1492147754
1532795781
1461425568
1174718780
1174682161
1417721618
1091391451
1159241545
1274890284
1270017202
1351944437
1457462446
1007291418
1056102858
1160385199
1159522613
1177360688
1266443426
1367580015
1379573775
1394111248
1479583972
1055751193
1089397882
1473847846
1523470410
1545342024
1007555266
1018914476
1106780900
1159570543
1158870737
1241948321
1364206386
1376494056
1393188356
1430428534
1479578287
1493040018
1503253660
1522260961
1523414969
1531419423
1022161568
1027809306
1051085892
1054757362
1159593289
1305847373
1462870292
1469729424
1533474226
1534334390
1089392491
1105566271
1106552695
1117330874
1175064805
1283526285
1362670485
1451506580
1364579041
1393235225
1415307127
1418864099
1466156178
1482333404
1514297461
1515115394
1024826147
1089409497
1159518581
1159565766
1221575095
1229018280
1274234616
1531427642
1069887765
1147719604
1149165564
1159602654
1181826811
1198314289
1214722785
1216337178
1266319816
1364445194
1380180651
1492718862
1534283613
1264990518
1159739199
1159747540
1166823596
1381309552
1422527273
1468207649
1486551499
1534325879
1054621087
1159766149
1159516298
1159576691
1159596975
1213240106
1266436900
1430752323
1024824620
1028082105
1089385600
1107088732
1266401516
1262069271
1376470788
1535212970
1076044484
1534494961
1041206439
1159569426
1378394950
1468213643
1159780578
1501401066
1328646754
1277081965
1217853456
1364600472
1400008875
1532507426
1534451084
1534457816
1536983169
1531736517
1132050165
1156359475
1159764296
1159513657
1159520393
1159584085
1159590162
1159740775
1159750247
1483899947
1177396084
1216342539
1216347109
1266390861
1266394424
1247809160
1283525331
1345358380
1355796322
1364588746
1378358224
1466404300
1468217011
1483112912
1507638681
1507657660
1531096510
1531396053
1531410451
1533796514
1534444573
1534576723
1536957141
1536961707
1536968983
1536987537
1536987676
1536996945
1537103377
1537107162
1537120710
1537123406
1537128940
1537132806
1537137034
1547202657
1546805059
1548032329
1548031292
1548225267
1548954390
1549073432
1549150818
1549338449
1549465754
1549616656
1549986945
1552619276
1552738603
1554090419
1555001674
1051259098
1147448606
1555838615
