856217
573055
774510
935672
573048
676188
972891
1098689072
573054
1159248
879726
730431
1162099
1060762316
1014753
652867
573064
676191
669609
1332414
1432949902
676190
822670
573053
856231
972896
730428
692504
676204
692509
856228
1131948
1380273
913654
856242
774508
879732
856221
879739
652901
652864
644187
609032
652821
644192
856201
730412
1457114687
609024
856220
730443
856226
753184
856240
716560
879746
1380259
676192
692475
1428806
1162105
774511
1024851970
913653
676193
716555
1159249
652859
652872
609028
927426
716434
1307753
692489
1113890627
754119
652856
692456
716551
695997
1458419839
1182563093
573050
1232432186
1206982049
1060621868
1478488827
1437245
1023275848
1437878
1096554358
1028978590
1437879
1121759017
716540
1229083066
1206350
1023232419
1307980708
1198368731
1437518
1458914313
1475512449
1428203782
1228675917
1030707764
1244444156
1333674810
1394561642
1475539612
1165116334
1446574480
1475442959
1436928
1539011277
1306055174
1479104880
1247767926
1437376
1325335785
1329631011
1330017019
1432939559
1551806665
1458399189
1459331085
1475641657
1476269528
1476286717
1477656342
1477739141
1477747225
1477752982
1478910404
1480572562
1482675324
1242620
