856217
262469
573055
774510
935672
573048
676188
312535
632556
632482
312530
972893
312531
262467
573054
372438
1159248
186680
1208917
232337
879726
730431
1162099
1208910
1014753
1293220
652867
573064
676191
1256396
669609
1208916
232336
676190
1335685
822670
573053
856231
1275722425
856228
730428
1293223
692504
676204
692509
1131948
1212879
856242
1335686
774508
879732
856221
879739
652901
644186
652864
644187
632566
609032
1060306043
652821
644192
1406735723
856201
1427398170
1332194
730412
609024
856220
730443
703475
856226
1079253
753184
856240
716560
879746
913595
676192
632586
692475
1208902
1233237
774511
676193
716555
1159249
1419264382
1463587740
652859
1174876946
1085346170
1275058893
1461807595
652872
609028
927426
716434
1394986242
1160694956
692489
1172466974
1528691785
1234994020
1381343264
1503163784
754119
1526198792
1180166109
652856
1099359
692456
1076072690
716501
1013808965
716551
695997
1076072511
1378784460
1212375669
1511187976
1372359437
1430348925
1166036219
1198148
1091398
573050
1527207769
1073557690
1530791599
1099355
1156494469
1365355891
1190991
1177109440
1267956385
1376360683
1002481358
1223050080
1296750861
717822
1298758032
1187149856
1366030716
1437245
1083667021
717818
1073557749
1282715340
1355031561
1514943055
1206349
1492308919
716540
1487046249
1331143924
1219154972
1171116743
1337096345
1452507627
1487716651
1505778873
1505826369
1275613257
1419387884
1427396125
1493820886
1019637948
1021580420
1506213169
1233178721
1451347704
1485221455
1437256
1437376
1180149975
1188125183
1304543984
1331999569
1373812333
1409316683
1427398883
1434663938
1447343727
1501664754
1508961983
1546300069
1099372
1437338
