1215658496
1161137722
1263990612
1399115824
1075950806
1146755906
1516721891
1209815409
1218413322
1108196762
1352798226
1273872801
1147029447
1436668677
1350048925
1255558808
1245863642
1425106922
1502458712
1247803231
1288225967
1217665184
1478677235
1484599457
1442808597
1206645392
1236170345
1328477417
1052639432
1488498918
1161407559
1509934875
1220999665
1323010639
1076629638
1219531734
1314205984
1524912417
1262358663
1221074853
1473350515
1400004991
913617
1468259565
1486536376
1475006029
1539837898
1478959068
1505560063
1321755649
1445201247
1273574221
1378636048
1461960310
1144472353
1031320232
1443277979
1439992495
1445577607
1266745910
1105508277
1252656216
1089164014
1349466652
1450755948
1476177778
1444912166
1320854533
1460600151
1096503728
1212096065
1286515437
1110481416
1509950119
1396131074
1062205558
1043801978
1264741551
1465223117
1323029188
1057801911
1239964480
1446425359
1341049922
1178424756
1503672043
1443445435
1074617548
1316880168
1263498940
1171599042
1499184308
1273947132
1501682880
1159857314
1409496229
1347591528
1266697295
1223225246
1477291096
1235264668
1475931287
1539855516
1318155267
1041368825
1266707237
1289385731
1397837971
1535880344
1309191077
1471444896
1380741945
1479348796
1393383396
1499116385
1266388175
1321308111
1399089125
1082424857
1186926099
1316904915
1439595427
1504265911
1497742011
1489921571
1489882881
1489986598
1489968859
1501694681
1481555355
1464326924
1144834606
1450737939
1436980339
1393174564
1279730207
1508091344
1373095171
1504462161
1434635354
1062258528
1501280637
1214426327
1072334707
1398084453
1217862839
1016066769
1067736809
1467176051
1077573333
1392176049
1340679004
1407000790
1446888132
1517249632
1077709906
1146497080
1179509154
1296807229
1365433788
1179725583
1267118883
1519189758
1326615733
1424688294
1503317312
1295368430
1059995226
1261934917
1150409841
1137694274
1080178059
1199699164
1286217661
1517908220
1394284187
1255528204
1089154259
1180788878
1356227979
1242573926
1261144748
1279687916
1291028708
1538866500
1016067280
1029892042
1041415304
1229150105
1230510952
1390028217
1049963678
1057214361
1088939578
1215818933
1144720706
1340813668
1392988086
1521980576
1034946929
1059723072
1149114476
1145386489
1230202267
1289398066
1410438980
1446440982
1511337150
1499127864
1539788521
1014417002
1016216391
1055208654
1230164766
1274389210
1430879865
1443480865
1527281201
1062954574
1367703036
1228980143
1273275827
1324048494
1324046581
1338760188
1347316808
1396114694
1484404323
1062257850
1214595544
1324088203
1288003726
1303894479
1349463139
1060284121
1100149878
1096814576
1241569935
1474018523
1385799593
1543811263
1171620246
1089157540
1093925334
1280636147
1362946795
1432612404
1324063610
1028081581
1244237018
1443555696
1354242536
1480621816
1305938628
1016377166
1171506703
1271981941
1420940016
1450494937
1314216666
1475322764
1101897965
1357659620
1410428900
1528952725
1356910239
1447358682
1261523526
1535066913
1451787269
1447573798
1192225090
1475535425
1529051446
1106138526
1488216676
1503756569
1013056829
1214196791
1192441415
1339673796
1427579302
1451905452
1452080338
1478091075
1509955546
1529843210
1287899079
1350406052
1455546554
1478173978
1494336754
1495610090
1502340634
1250936235
1329806166
1433158051
1478084005
1524853726
1520456536
1125739491
1243792632
1413328502
1339729753
1350015953
1426054980
1485170803
1154421957
1353577673
1373318965
1445552302
1466187820
1470270225
1543600048
1042048162
1145282828
1255557876
1450517891
1451989993
1054804631
1063127487
1089148684
1242512245
1296970027
1323148854
1371121726
1398054721
1448707864
1451381141
1460776285
1478087180
1478376312
1509913703
1509927582
1075989387
1244181820
1261935091
1317826555
1380240780
1420101192
1420943640
1468792105
1473145649
1474336989
1489593298
1494362083
1507598324
1535083691
1539827428
1544292610
1016067223
1060288941
1080583451
1125762982
1125787290
1144727795
1179875243
1229203012
1332972418
1334699439
1353578168
1367640081
1424721278
1443284787
1443495615
1445191524
1445942592
1446957202
1462172490
1450639052
1473555284
1474185624
1474245709
1476095929
1477374472
1489761756
1489838426
1519438958
1536630853
1537982844
1293735635
1062270347
1076889417
1127410448
1181130708
1229010331
1258725031
1265340930
1332349291
1384985497
1381945572
1448818309
1451543534
1473512980
1473809109
1475375455
1505832836
1533986488
1534205242
1018336201
1285532408
1033980516
1060281027
1111426930
1228700565
1261934878
1285486946
1322227224
1341180830
1339675389
1356909606
1376870094
1391338338
1435524487
1446454571
1449187012
1460792616
1470564077
1472418715
1477373597
1495693287
1534817689
1546074220
1093954773
1132076937
1335986212
1339678386
1464441861
1381953190
1381994118
1443499138
1451571851
1456002371
1461675289
1473706849
1475322567
1478613533
1495646530
1498261182
1509952950
1509970226
1520024221
1016067199
1057215471
1085409262
1085568360
1217496092
1215827014
1215805144
1172372670
1186365515
1189162524
1213422306
1220201542
1234498906
1273523844
1253486375
1255579192
1263658193
1263672063
1286429217
1292704793
1323324754
1332385506
1352164508
1339676720
1375193083
1376904085
1381895905
1400492811
1403493150
1439923561
1446026276
1446445832
1447528297
1448768086
1449384253
1450503750
1451640664
1452826782
1452998525
1460893363
1461451508
1466726419
1472319186
1473239757
1473691677
1474066473
1474812498
1499178972
1513676549
1502631849
1503823178
1505745821
1523619482
1524772813
1527271961
1032664270
1054807785
1057796932
