1228145355
1105906867
1397319640
387017
608988
1276849577
387011
1433717644
1400778071
1366844751
1338211546
1189632869
1086529256
1255263554
1063186986
856196
1475566210
1217478581
1214390696
1467003790
1028749214
1318376429
1120387954
1207735859
1213369632
1293872296
730387
1481293945
1496487015
1338147461
1509799613
1228911480
591662
1038027814
1214425022
1362900602
1371777863
1458095555
1478489919
1177282852
1460765112
1247817590
1092934865
1232851398
598696
1081926983
1053429188
1364343024
1352736602
1137552499
879762
1425101319
972890
835963
1247215811
1438581383
1319497187
1023565968
1221604747
1097964889
1183855862
1257938729
1438059829
1089120773
791301
1446790480
1462325800
1276873798
1218988665
1500021364
749047
1186750388
1024965
1409361582
1032749553
1380344983
1375263918
1130351062
1508488269
672533
1199673221
1255541554
1188111540
1136539227
1236666483
1257089098
1398614053
749050
1277015144
1464403553
749056
1526910117
1394698511
1529525574
598649
598655
1546445936
1249355124
1218219714
1214101672
1312024964
1277030601
1421643832
1186246641
1221598755
1171544067
1171404025
1276945505
1089847046
1507416381
1447575511
1101166642
1496339827
1499306287
1305738954
1317478182
1495659059
672538
1130342127
1375284264
1388426449
1466035548
1532150741
1283933260
1372076498
1377366668
1430964537
743796
1313213276
1404451865
1421056086
1215760580
1282515044
1180350137
1092951499
1111079731
1210376840
1443535400
1075419632
1434276494
1504551045
1442871055
1543368713
1333639195
1447563374
1332033881
1357388324
1481730820
1233249536
1157889519
1312868315
1218497276
1214367733
1023419538
1052398823
1333659538
1455442958
1090042403
1102950721
1137284048
1178079222
1052363795
1313299426
1203503373
1053491715
1053504154
1112097877
1383408456
1213572283
1244073821
1358733149
1102967816
1218332563
1468846132
1202413104
1356907614
1461662413
1041393538
1138806869
1313330291
1199547320
1277025214
1421625363
1188722113
1422028582
1436367924
1214241277
1525744403
1332038718
1346372412
1082429453
1317053445
1354428543
1117303548
1200467186
1241737028
1003784194
1136434754
1171565186
1238088583
1393914991
1372188266
703445
1213359227
1053201083
1277039957
1315281476
1429563231
1202292501
1214288678
1290811761
1510276837
1541561484
1364057011
1031589145
1273665924
1318375956
1530351319
1180028319
1246741558
1384734043
1437307614
1023432763
1443585265
1516108292
1179166168
1216641754
1256920115
1466037980
1374900469
1388430803
1333605530
1355030778
1371683841
1496443614
1025236170
1138810123
1267486440
1285605763
1424220818
1510775672
1517706264
1108305432
1157115622
1281926938
1337855398
1347510869
1362456081
1418164722
1507548140
1509163514
1532718487
1538699793
1129413873
1189250016
1353579397
1424389236
1441339394
1504614781
1505085954
1509153937
1527444739
1028740314
1411523820
1526837832
1362621671
1436965
1059987197
1083522010
1094488761
1110552822
1138972033
1157838526
1233073093
1383686253
1213558623
1218233539
1252436153
1264902311
1282461700
1285538614
1286920336
1501309239
1349429328
1400528573
1412460501
1426045156
1430962320
1492508236
1502271072
1513083093
1522858332
1538692052
703439
1202848480
1183789859
1191676287
1332354773
1337870253
1383726002
1413041327
1415914315
1449896513
1453933732
1530371127
1534964774
1543125172
1194210989
1073012365
1179315035
1233070483
1324809913
1379655506
1400342273
1443528770
1480670550
1510066027
1527812258
1021618924
1073094381
1075468438
1083088468
1157110624
1187040358
1247215809
1262911580
1294671609
1326173144
1348039025
1369420360
1380146196
1419170998
1428877438
1454203528
1459750905
1492670867
1492713649
1496210967
1496584297
1499978893
1504582775
1526410321
1527942927
1532057489
1533980943
1252225166
1259409695
1327407202
1332983956
1333648230
1349428399
1378072987
1379679466
1429206638
1468811692
1496454522
1496477332
1509147730
1538686797
1540508637
1032418757
1052362820
1179486379
1219468613
1283451284
1307277279
1309396590
1315288027
1348945679
1353578725
1366135152
1400315415
1432162498
1434281973
1434757106
1471688625
1478975961
1479023070
1480074976
1508475615
1023463514
1036042454
1059985419
1102964967
1129367581
1145640587
1214360911
1178279118
1243694142
1265592688
1318346402
1326481655
1332281879
1332978974
1333981520
1351968334
1369424755
1371119734
1384730319
1416056094
1424209887
1431652449
1452783561
1471682484
1502344539
1503668984
1511965379
1535060219
1542522755
1250927327
1349427012
1353200021
1364044805
1419170310
1422498283
1443282687
1528030770
1236326624
1268128020
1317272260
1331378931
1419480206
1427291395
1467280048
1488151031
1508478781
1539816679
1457210
1023396108
1218228818
1241788146
1317226792
1333759221
1348527145
1350627680
1478985302
1486089552
1502247255
1502325176
1510754025
1518688212
785745
1123543970
1021577199
1043810426
1049216277
1552449173
1157145049
1141930354
1149616201
1162501524
1213480315
1162565817
1179167290
1237685708
1233072652
1199567224
1207665086
1210596579
1216378338
1218918014
1221616056
1243708781
1252434568
1266814352
1273785362
1278193003
1282459560
1285557656
1285606341
1286595521
1291317729
1292614754
1294172926
1317324771
1317049792
1317034180
1319055198
1323163169
1324800789
1324823337
1326171360
1326250491
1331410877
1332039407
1332272383
1332418215
1332840710
1333312140
1333603136
1333830809
1395983012
1347927771
1347931109
1348520037
1349427640
1350516374
1351412896
1352966541
1353579294
