1074455535
1313004295
1268818037
1034497053
1467178389
1159245
1159501258
1132046411
1057328105
1308767196
1032303
1484760965
1209038842
1004809099
1075220312
1424159291
1460997864
1025027919
1094748846
1331950681
1033972688
1255774226
1023039529
1150569899
1147699703
1012253667
1457414300
1467564
1242870562
1313403182
1467565
1467648
1074443199
1230256814
1466348423
1098256595
1030414968
1137690626
1096439809
1309000683
1390934607
1484756196
1024884659
1321338589
1465767653
1184643345
1335002895
1428346922
1293442535
1233181455
1255548066
1150642062
1255753133
1496361726
1329353116
1074284747
1043062009
1502262922
1245580660
1245601352
1030322681
1097200154
1484759636
1467171740
1308979254
1356317865
1230122148
1237073729
1020166748
1510632474
1296678538
1178556784
1012254137
1049470592
1135738791
1033230717
1057485396
1019643081
1028059991
1065222804
1330083887
1428320694
1093742655
1073796477
1202571304
1211470262
1033925682
1128306536
1015314308
1019805390
1381315275
1080272407
1484758158
1247871541
1359842514
1450028698
1449241837
1267853881
1239160733
1021686058
1071200392
1228043132
1078153191
1210880699
1135730944
1315461271
1061959173
1084512383
1253591615
1437593394
1166863503
1502161300
1080271308
1384618782
1031307582
1211764055
1238017644
1427702823
1064796213
1075413885
1074436410
1484755089
1330194423
1012149148
1331229734
1267901645
1050139988
1091231669
1023122293
1098690795
1365965177
1012094179
1033807490
1036514683
1091571351
1092222027
1097169616
1435634083
1084856363
1085551920
1091605137
1465046835
1152567171
1237035511
1315477498
1061640314
1415282787
1252250714
1460982919
1070586845
1080267688
1475302773
1211512255
1213906011
1211721343
1506324364
1050139802
1103475568
1271853020
1019334541
1310233628
1057875574
1033389120
1081678061
1181616688
1256398063
1261912440
1444554190
1015893539
1068478463
1135719496
1381321834
1084734320
1158155137
1218137797
1317801797
1143746065
1134642207
1219229627
1332199817
1314959096
1475281726
1064715424
1127772519
1113595012
1075708290
1012149518
1033391117
1085963884
1271281335
1271197659
1336334062
1265818262
1475402577
1068319042
1071680337
1153566888
1233146440
1443052281
1506280438
1170358247
1354207018
1389419374
1040417385
1127374791
1439601344
1328786940
1129109278
1456768125
1451988720
1074525455
1484757693
1143733803
1037239878
1091332562
1218280608
1105835399
1033389841
1137627355
1269144882
1148715459
1170535135
1194233793
1199764616
1147448705
1211518006
1256186956
1268231780
1289554637
1317860720
1401769650
1041645095
1444368268
1142623613
1073795010
1196634898
1475686479
1026125517
1362885632
1025923258
1484757475
1154615033
1242866698
1012253186
1068479410
1074473852
1475437868
1143725954
1228809307
1383251489
1061905025
1353179156
1510637559
1433012379
1040420426
1451973474
1447711333
1467191258
1208424386
1247858241
1484756664
1423128723
1095463018
1494509766
1298884702
1075056201
1002894415
1257643104
1040507146
1302923476
1475676708
1064468255
1511550098
1012716674
1018619342
1453546629
1475407278
1143713276
1125035462
1383239100
1491263625
1237997814
1113025423
1334788295
1359750933
1473136068
1023553505
1375282
1419042110
1023822521
1140025730
1506288675
1144907496
1259345447
1257527290
1521530141
1022692634
1028060483
1033476072
1047675405
1062656090
1015892175
1143739825
1012907772
1067862144
1239129287
1506326273
1027926007
1072358418
1082450651
1086037503
1090644356
1092204352
1259256035
1222893367
1264986627
1273771307
1409669621
1411781936
1420929929
1481202234
1028060198
1231294841
1257369008
1275113633
1091687155
1319234258
1368193356
1347004132
1417955474
1147748658
1427237521
1143762258
1375294
1237589798
1427640801
1452907440
1409668952
1467181423
1082453227
1510565985
1512443134
1098318403
1227188841
1321411749
1105553976
1365949499
1411852620
1135752209
1302910215
1411070744
1482556378
1010609830
1018625319
1023123916
1068482295
1123331991
1437821146
1127762362
1506302927
1143718773
1148491539
1168732773
1166976634
1082438664
1091679648
1411907271
1451838952
1475061801
1057297887
1086936473
1145451343
1225631091
1234465080
1234549772
1240579868
1247820994
1254413996
1255574803
1257358784
1265230228
1275081264
1293340935
1302930962
1408285271
1108991476
1468653646
1427647680
1467174721
1509554721
1143754833
1022838277
1207972597
1028059092
1032879393
1033459132
1043063978
1257563428
1063237547
1072343846
1077680525
1088031958
1109410380
1148718004
1262594121
1112995826
1068325779
1211686196
1237017279
1271194749
1244374507
1112834446
1253898220
1308561651
1315475063
1318789274
1323106058
1329361121
1356258231
1072359361
1143743196
1207971926
1525735877
1028060208
1072360258
1315492767
1359798355
1369401706
1379202729
1407171117
1411812224
1415129719
1415449801
1416510622
1113556432
1143701515
1012253797
1072361394
1506322272
1369688981
1445262989
1467398847
1473139371
1482435417
1499328889
1511481511
1511970865
1523682373
1333760319
1151190480
1143749421
1013397232
1156143847
1506316122
1163657794
1190914710
1194447113
1247892602
1261884912
1263346809
1337072063
1355775830
1369672469
1369674955
1383272980
1022717561
1064223537
1070383505
1506305521
1153933403
1328418583
1321424459
1331568276
1426956389
1460981171
1509839903
1513696872
1266618302
1339113633
1510603262
1143694164
1506312388
1427243270
1524248277
1012891273
1287488564
1362896599
1398622201
1020014755
1147980284
1211639902
1506298989
1219006027
1221064484
1221627161
1247185375
1257509735
1264983201
1265003078
1302918287
