1088727547
1310220262
1254081904
1421320235
1157232545
1483977803
1433554336
1413552371
1444848194
1431772576
1392151876
1377980680
1421321446
1131461
1320897052
1305326724
1296626760
1362704214
1154458869
1151166592
1150963409
1313367465
1157267158
1391858450
1527129952
1095367722
1466408210
1258652707
1531603952
1151074810
1531636702
1134713281
1421320710
1157272998
1037338104
1195404737
1515602480
1296612365
1390552553
1393979137
1445857480
1481799034
1225616701
1290073899
1307602776
1083197258
1186531526
1225185865
1125587637
1225184827
1515425742
1532457360
1050142086
1157259273
1157880977
1196504576
1311488774
1427188173
1290455019
1311432646
1397800043
1444937167
1083192315
1445552031
1449102103
1538941558
1050142395
1290904373
1157272847
1186539327
1209887975
1458872666
1311484163
1397713029
1475005035
1532463059
1050142240
1234958548
1295054660
1295275545
1470949200
1512084834
1212525156
1225555104
1234444283
1050142276
1050142344
1300290093
1311364903
1502205834
1050143022
1426035904
1414836609
1311461135
1153565605
1505728622
1551900111
1109075203
1212069207
1210329273
1210508786
1295232374
1295240035
1311408246
1311455464
1311455476
1325045040
1325175077
1325229795
1327070712
1331122004
1331213384
1379301874
1385812978
1460752009
1515291764
1517572865
1548518759
1548674355
1555411395
1157837328
1555686306
1555699056
