1017541
672811
549875
559007
559031
652816
559025
616378
743829
312609
1389853559
1149267
1184012
1467576
791306
1318170
672585
1317227025
1463433
1463461
1284183675
1297507
1506890134
1463436
1352995286
1393336659
1030780778
1487048019
1411628
1002877714
1459125065
1260461529
289432
1411637
1165161
1195471915
1214337016
1424439213
1463444
1463430
1047805994
1431709088
1313161027
582764
1452817237
1080551217
1393049385
1459176334
1063051728
1392651178
1500493062
549874
1448229406
1476442957
1389112394
1391024778
1104892969
1406572647
1110436145
1373723321
1104899073
1090654625
1305005896
1214205354
1053201300
195800
1406830630
1463434
1323085
1475958347
1527768604
1033956210
1442999219
1041703723
1241558095
1311429721
1352979730
1454153157
1355025933
1378541251
1463471
1012270045
1448119496
1444984851
1525076064
1372268444
1083088322
1247216535
1248279019
1448139830
1072702782
1522371840
1026320175
1447410128
1232398180
1075506046
1467454751
1468237108
1474228316
1133505896
1195470233
1214196608
1360914868
1378156735
1472253887
1504876888
1526833652
1096438269
559005
1030781068
1002615818
1533097555
1538520880
1538535508
1539010506
1540508001
1542716970
1542723091
1550339248
1555923437
1167543110
1167625422
356832
533481
806140
