550127
605280
656532
654305
605276
672797
1215874
559257
573996
605287
168295
162407
142549
1165197
296208
165904
656555
142566
236694
656518
232332
1197652
654308
582744
692464
162411
692505
162410
656561
1043989096
818160
766880
854751
748944
550087
195802
525548
549868
654328
785849
654303
652809
656551
749027
692553
550129
559274
879707
1197653
927178
1212918
239767
692549
644616
1307197
559270
296209
168333
296194
818145
1204012
605385
605288
644506
654300
927183
645419
344467
1212917
1204013
672459
1046992479
296199
536960
654301
692542
654311
296206
559269
574034
944306
271554
766887
296204
1359905
1471398
574024
652520
879700
692486
559267
654307
550113
708468
601616
559251
654316
644505
879704
1382397
652521
1212916
601620
142540
692546
1467602
1498340555
879710
533482
433901
1196455101
1263916607
726661
644557
1083840015
818132
1467580
605386
1252769467
559276
854753
1206163
927186
1359915
644585
1282614217
1494315577
661257
654302
1043997869
766911
172128
601617
766874
726674
1120118830
854754
743699
927190
1026634847
654313
1298050
591692
505047
296197
605343
692479
582758
1237848360
818142
644652
559255
1073016759
627889
1016236002
1165210
726658
559273
605347
818141
1112057631
559027
753186
1207544125
1007117208
605374
1344647243
605342
751536
1432975988
605364
1050473417
654323
574095
1026651198
1035674122
605390
1007061647
1104068493
736936
1172548605
736896
605332
818144
1154025043
1132816962
1007117329
1026650488
736932
1026634357
1339152
654324
536964
1206168
1467561
644673
559272
656514
1372245662
644581
1047401285
1023604003
1372310611
1146436293
1199780902
1432968672
1073016701
1076002376
1463025393
574080
582750
1382396
1132803914
1255624536
1432971562
1432965559
1432974369
1372271517
1372358819
1466716321
654314
785857
1242121
559268
1206169
582756
692470
766905
1198741806
1530606550
1530713068
1530758227
1530770036
1530777963
1531543585
1531640803
1531650730
1531688188
1531695896
1556070319
1232471509
1286331
1060147845
1530793670
1017328334
1372240938
1198787494
644569
644584
1480069832
1530734665
1530831947
818219
1024400595
678771
296215
536966
525549
549865
785855
802118
791300
753185
1307334
