1352844995
1018603974
1184700394
1218995426
1243088543
1467154567
1462863440
1143342991
1526219747
1537571631
1438892014
1528194527
1537573745
1483321248
1019039103
1191505992
1537574637
1237023550
1306529393
1537571680
1016515183
1500471237
1287752313
1489496964
1207816834
1291611470
1502649462
1528361232
1355289750
1133225924
1318200288
1398372956
1469947618
1345245892
1054806339
1070535421
1394723634
1394589826
1037187935
1399020317
1496317431
1058592283
1012679901
1185358503
1121229049
1258076437
1425073443
1323115667
1444028239
1012855421
1127399643
1394677497
572973
743807
1461579004
1018513524
1022353268
1118931287
1143370953
1248192243
1238034647
1258067149
1007677024
1218998394
1005557903
1459710145
1453660202
1153860384
1117883476
1290629313
1494229624
1323789569
1013306633
1028819713
1298039057
1290634802
1027439980
1028819786
1234993145
1076892748
1115446449
1152375158
1026055717
1319261500
1160823086
1027505921
1448273467
1022102192
1245554070
1227396145
1241452420
1512616000
1027505938
1099618254
1453688602
1161196315
1319109918
1386211390
1487969474
1011172480
1323793041
1376576569
1306529410
1517093359
1540879318
1506250663
1313276648
1195240884
1489497058
1515048233
1544230898
1062897901
1073329290
1076607997
1269282424
1523769855
1034525308
1438857936
1512398265
1004072728
1016441746
1016684233
1057794847
1260541196
1264940567
1335195112
1501257965
1268942396
1289132234
1319258882
1332010865
1401118964
1437596461
1449043046
1475575571
1523862645
1042113710
1091275506
1416343724
1452859795
1487941944
1546609146
1030886187
1102438766
1153902431
1444011248
1176621739
1309690430
1328086042
1456571108
1461627001
1028819701
1037182250
1057802314
1291557711
1309386163
1314365122
1315528539
1438893117
1018107520
1118426720
1218953915
1298496245
1318215287
1332243824
1379803668
1494990559
1500497010
1520725096
1521378538
1544879758
1383365502
1461324346
1258855163
1310109369
1032548739
1034653620
1431627762
1477659624
1519131342
1389416653
1375120045
1238060181
1258839790
1288770687
1397706185
1398837633
1438860975
1444029655
1477655263
1506203963
1523336292
1046671239
1303771981
1375044164
1483322667
1197079184
1227002690
1207997843
1234695995
1389625114
1260632094
1269281830
1267952060
1294101453
1283896438
1319048392
1319098519
1385877561
1395858637
1397947848
1409610651
1413356723
1413378829
1424767501
1431626176
1427663994
1433531579
1434261490
1434265516
1434327212
1438471817
1438907674
1444075071
1444865349
1444889150
1444897740
1460882996
1460891455
1460897252
1461101203
1461111662
1461553934
1461565990
1462828249
1466040354
1466092197
1474694312
1474752328
1489497061
1494993503
1499133176
1504664897
1506396271
1509095136
1509105923
1519038787
1519122009
1529022479
1529307672
1529364749
1529463396
1529492045
1529507118
1530011321
1530690842
1538978621
1539008032
1547894723
1553450568
1555021172
1555032452
1161979855
1054088475
1339468896
1434324510
1166268769
1366905929
1166000539
1160839944
1532593421
1532597860
1556000718
1489497448
