856217
900324
974751
974745
914840
262469
974756
573055
774510
935672
573048
676188
900312
1334460
312535
1442935765
632556
1043142815
632482
1100520120
900301
900300
1478654762
900311
900328
312530
972893
312531
262467
573054
900310
1191687
1332410
1311279660
1478325759
166793
1123736
1479070579
1087010647
1254010047
1078120885
372438
928837
1159248
186680
1176881
900337
1466510262
1064187577
232337
1037896284
1212855
1149777718
632569
1153488123
879726
1215569398
1474633032
1521213096
730431
1162099
1208910
1014753
1293220
652867
573064
676191
1153515809
1115728679
1015831475
900299
1256396
669609
1178242414
1208916
1266962
1079697211
1237409704
1332414
1335686
232336
1416306825
676190
1471248661
1335685
900313
1478174840
1267480147
1197079097
822670
1215603875
1331210702
1065046168
1266969
1195982568
1442249
1262917039
573053
856231
1212866
1170375277
1023610242
1326955064
1172316564
1497806627
1438852055
1067624173
1332171
1421317385
1266966
856228
730428
1159595350
1196809771
1021496662
1216835615
1264696225
1293223
692504
1237403884
676204
1132645349
1076048340
692509
1187161544
1354643903
1398753922
1133208905
1133102121
1112807052
1131948
1133130624
1153531486
1380960727
1212879
1326955068
1261091626
1041912199
1007833654
913654
1313705730
856242
1473779346
1370867331
1276610291
774508
1068835900
1307710529
1332191
879732
856221
879739
1419531682
791281
1025643444
652901
1247782924
644186
652864
644187
1052078347
1031329438
1488043534
609032
1072871877
652821
1366771810
1159582870
1517951515
1309722696
644192
1089397900
1131158697
1169721385
1430606621
1221605036
1478814691
856201
1332194
1088347166
730412
1375583544
1326254521
1313493776
1326937170
1337228009
1135471735
1105305413
609024
856220
1475037912
1266972
1008489829
1076078679
1332168
730443
856226
1079253
753184
1192986892
1340497744
1031640938
1318212015
1168532031
1497734923
856240
1116836575
716560
879746
913595
1266500013
1159528834
1131331499
1179909309
1038571137
1326536969
1381001352
1019631
1244175575
1460210124
1440681
676192
1402625495
632586
1178061143
1047819838
1119975889
1153561984
692475
1270618356
1121579269
1172368766
1329127127
1431869870
1321118830
1012296077
1465208823
1162105
1013222587
1375120136
1234308615
1212860
1179593407
1084555948
1262499661
900378
1068126100
1436699729
1172391645
1198147
1332164
1452117022
1086996348
1123817488
1496155739
1483084966
1318965468
774511
913653
1037304918
1013214972
1276854378
1516978992
1230303
1378927272
1178207084
1378112829
1466512966
676193
716555
1457992169
1440195047
1159249
1166984213
1006551521
1360726385
1060316181
1471011178
1435980830
1133243279
1300145445
1391739726
1157877410
1189099734
1093557
1478370733
1146703162
1175633764
1026190556
1085519248
652859
1093570
1178057226
1246625842
1088031923
1078962810
1360727309
1366046185
1000221418
1142953231
1178349886
1483316007
1314807444
1485329625
652872
1428799
1471483700
609028
927426
1215923714
1320605608
716434
1326883407
1296863145
1244207975
1331725436
1475089594
1473182313
1062305304
1137690911
1012294299
1188043690
1477549565
1021787750
1076853353
1060312709
1391978121
1483323444
1472458078
1475440043
1314037196
1244303903
1060252086
1244161272
1436446263
1458724959
1247716288
1202183347
1379539480
1022908800
1488941007
1461462302
1197713
1296928053
692489
1068600240
1040728248
1063910437
1082005132
1043138379
1493064529
1068697293
1060302077
1043085680
1230298
900303
1109062325
1306399708
1066013813
1188452087
1479869917
1170238479
1477298419
1462386871
1370409608
1467686923
1093568
1077186632
1271431913
1247433632
1040767060
1100465925
1018660486
754119
1425662371
1184874019
1093543
1244317548
1499749956
1442656335
1083893973
1098041471
999062
1073240934
652856
1296939001
1093571
1453446385
1192561366
1017831249
692456
1166946425
1500619419
1174605149
1490059552
1243089917
1482660054
1290959594
1470250110
1275725745
1393806798
1197712
1064100922
1172350734
1173193076
1093558
1489135460
1485793579
1099811
1125572460
1099810
1379547991
1063921883
1436516990
716501
1266528800
1474428219
1182377366
1166902017
1103789226
1482586420
1299932642
1307132757
1005758560
1073187020
716551
1074143078
1485250459
1469586655
1266359266
1065757966
695997
1128183605
1383642804
1109989
1132478871
1314079496
1296825105
1007287544
1232797915
1463589978
1014160470
1232662743
1411228664
1074143071
1496820260
1076692877
1007285878
1477851980
1026047151
1161145468
753186
1366977167
1479917950
1472579088
1354742424
1198148
1109992
1173312520
1442248
573050
1362672
1178368327
1161141319
1180218218
1043114077
1074143230
1109996
1109987
1073557305
1064070854
1197559
1234303859
1344754836
1244247223
1033641574
1234296471
1109988
1109984
1068599742
1244227142
1068600786
1074330034
1244236312
1394495745
1426139893
1084558583
1206908631
1179250082
1110055331
1178406955
1360728770
1254105988
1271575185
1001668199
1135631612
1230197576
1207982592
1166996012
1347600437
