1098829678
1468875862
1131546631
1172630439
1413572032
1400735000
1231536348
1205945327
1380994460
1418087414
1090165636
1232893306
1038230896
1405744712
1232960755
1361574278
1396781944
1432968823
1117333374
1430962962
1232786666
1236084979
1527624150
1267749377
1445001702
1069280002
1499032688
1430540148
1100504157
1180867323
1423862264
1288843277
1288816681
1212494057
1172885870
1481960251
1266752660
1277821971
1359349053
1381164141
1356753410
1453123613
1421271671
1372041683
1489688063
1095585582
1486150689
1367388000
1118439116
1502505716
1315440755
1384572504
1449881302
1472750045
1388602681
1146804696
1265575565
1100641149
1309983977
1247810349
1453110974
1239143411
1309805156
1176838684
1309767463
1418048974
1125929904
1226758024
1425858432
1249138575
1443689614
1146830098
1292065277
1520705923
1265236040
1304345086
1238823939
1501738446
1453118650
1467003621
1086710796
1243237678
1545036709
1483974824
1248124560
1232244412
1425035452
1105013238
1529647317
1211727059
1506454347
1213539212
1331331935
1497135615
1519433803
1241797357
1103638781
1249204983
1312043247
1380284186
1496313758
1524747929
1108366051
1292028149
1516533178
1519480299
1519466134
1374728027
1526975851
1502889768
1521442292
1503974415
1529569615
1524582251
1522153947
1520383668
1466779743
1479159066
1481122737
1509802901
1498191419
1481860095
1468218843
1468205448
1520627227
1520081968
1177263334
1539253770
1481471317
1235556324
1440899184
1430963943
1387615931
1403411692
1180374836
1195632925
1416897175
1425067399
1091110660
1239959961
1505117002
1180299673
1540614963
1182817275
1220131213
1059988718
1318200058
1363176097
1097791685
1076603985
1420970570
1474747536
1274947807
1194190666
1409431868
1393279887
1178288550
1331954231
1115922025
1432995730
1046821039
1215912822
1371985615
1352966538
1355266718
1142890471
1056048465
1091233725
1177273293
1460959100
1213192786
1529308401
1106706415
1182430286
1218830429
1249508907
1434299893
1424604187
1442919127
1167662767
1186489657
1334637767
1362744306
1408042112
1513479925
1221693390
1292080958
1394378473
1372035471
1275411155
1292073150
1372028658
1431151787
1181380920
1222307183
1331902791
1541692261
1117825919
1248316650
1271831776
1389665784
1409418583
1419207289
1466772302
1471362872
1506829624
1097950366
1181402168
1420046450
1328844718
1425102799
1468229134
1274976129
1361572954
1433775244
1278355513
1361117953
1463859580
1516140468
1116805898
1243969388
1352965290
1461645748
1111403177
1136506983
1262863647
1326527520
1360343991
1529079119
1219012786
1215775264
1285421294
1312885789
1321266041
1362780619
1369376274
1498121390
1533834552
1041940635
1130378263
1232780616
1312586103
1361375966
1408042856
1518673331
1531590955
1337110982
1366908743
1379600816
1501739129
1147748503
1383901091
1275295869
1420964390
1108966345
1147773334
1334599059
1374984144
1519108159
1131116341
1136176344
1166880501
1454239449
1424456071
1497326623
1463780456
1526966432
1141065360
1327111886
1242985287
1268613050
1486681942
1425187077
1109073508
1131076873
1161392825
1186466468
1232408282
1265162890
1302219266
1377299902
1393958480
1416343987
1420958510
1422035680
1026697274
1226378076
1333081340
1354455102
1498932523
1136174001
1222909304
1282252372
1278256514
1275146202
1282123785
1283546134
1313001133
1415051840
1530619555
1097973283
1461603990
1461657614
1318374004
1129404161
1361574166
1318374822
1318375698
1426944414
1490049540
1539290349
964830
1250589777
1302505358
1326434477
1380212608
1358123349
1391121726
1391148360
1412685306
1475078677
1491078316
1499447515
1162521296
1334582741
1411704801
1424471855
1457729513
1518283170
964837
1202812180
1250645870
1277835228
1351758463
1355162636
1371059840
1411522465
1416767140
1427380543
1450162637
1218032074
1288829559
1516959586
1333982264
1381170442
1417814347
1465593469
1506575297
1117793473
1257427371
1318376564
1333982734
1421280625
1423907639
1429246390
1465508792
1513489774
1146782203
1219303349
1255229205
1416766054
1421574773
1436123825
1429441878
1480652742
1500461688
1539862785
1208756525
1223451252
1273908636
1273970776
1295627054
1402961736
1427192884
1429453192
1445785322
1490048464
1539811916
1540302167
1331391927
1338894973
1342605447
1365435369
1391170007
1392434597
1424614830
1473284129
1510285255
1539157088
1111420510
1157435115
1187977234
1197969846
1318347312
1356910151
1371033972
1391177873
1421294071
1456557823
1463870856
1096237925
1302334979
1315163636
1361574296
1365435221
1411517621
1420987481
1478530292
1174367179
1274996878
1274999301
1391422587
1355031708
1411840522
1432296732
1447893783
1461430254
1478595881
1480324652
1490790287
1503811371
1519006357
1527256722
1538529153
1164001720
1208900558
1218828539
1237651146
1288850090
1318375443
1351764456
1389670114
1417772334
1427292000
1461410662
1463831368
1540269009
1207025752
1326476735
1333982659
1335811024
1338923246
1375354972
1383983279
1394813277
1408057154
1422044158
1436974958
1444635795
1452784249
1502634530
1467504317
1472674598
1472896424
1490191652
1516135596
1233087954
1220718946
1315730429
1340271744
1361442335
1366958575
1384051410
1417786265
1425002105
1427292757
1482777008
1430961302
1430963260
1443336842
1469730512
1510057162
1433783259
1157252784
1187166059
1265594328
1394371273
1411171350
1411831107
1416766576
1445926754
1464955947
1460956464
1465593824
1469733723
1515610398
1541339325
1131337698
1161138829
1195342310
1215347935
1267496720
1356910640
1411522466
1413506355
1420993204
1442936853
1446000398
1478925396
1503634799
