1462846377
1267942833
1404101561
1224159322
1278124676
1181355543
1179352276
1069670662
1470840956
1392733659
1502658011
1477100871
1203963327
1523656399
1536681050
1049508163
1059618318
1472904410
1171561886
1514949967
1473350944
1498886417
1180312264
1263859770
1470843807
1349628710
1160636917
1504248318
1457665256
1525196209
1468247444
1082491356
1472030397
1472023321
1524007286
1471972307
1434585048
1188662026
1434078365
1328300152
1171540400
1507433708
1520653432
1470166937
1271863492
1346444200
1274042817
1412207045
1027107735
1413770832
1474503857
1491297858
1533597643
1477847464
1136351756
1337218199
1491694299
1193969464
1481671901
1478553590
1169301103
1523006917
1458002879
1527040928
1085799618
1527230141
1131461296
1374809652
1102324320
1445662243
1230667173
1482989261
1494724860
1494506981
1029358657
1122703792
1027205800
1364866271
1277891483
1414668525
1447924024
1497155902
1456468267
1300256368
1284391651
1306178530
1449951773
1514606870
1179339846
1362631718
1451234012
1180329394
1393990556
1522253363
1145678005
1466746700
1225092856
1515536273
1265266629
1511937145
1531395420
1312527125
1485919712
1541655414
1292674431
1516689832
1351884975
1500498477
1471063036
1113644366
1500431011
1090608053
1485631917
1397211931
1481791791
1473186251
1262556259
1309372587
1296858626
1335034971
1313032306
1474205588
1434074435
1027018891
1317227616
1273251495
1088092549
1433990564
1198381814
1375847860
1228734614
1207814337
1220707529
1511345468
1052597487
1089833779
1306079720
1234440290
1338166402
1433989917
1309651070
1022099412
1424160931
1022099239
1458364995
1445947530
1384251257
1232794884
1435706266
1427316372
1457631015
1316810488
1409329028
1375030664
1403413869
1417554380
1287825401
1328863306
1288415309
1343926508
1279155759
1335484176
1375829495
1187060984
1441437208
1491853352
1389060641
1402866002
1472634853
1064915332
1278405337
1091268436
1302245208
1330849221
1284048953
1346524895
1339549986
1528305985
1050970875
1054995511
1436729901
1332372792
1519018854
1317452647
1189101265
1227646603
1526382787
1480593495
1246497436
1381877523
1290397223
1424121095
1333544761
1273190534
1026633392
1485832657
1504206962
1526405829
1312446706
1364914150
1108602293
1326611435
1257520975
1411881535
1476311210
1308661611
1233133969
1033023657
1166128419
1196669877
1472358850
1196659212
1023932418
1409138802
1289272234
1483324924
1189244094
1346584717
1302391307
1253539238
1059962958
1079648266
1310124197
1156263695
1249592098
1284043222
1450533536
1486955104
1085736798
1417394183
1204371934
1459037274
1479050075
1380589331
1152350012
1023812670
1091245508
1501913684
1023815924
1015708333
1483340145
1413648059
1024350862
1195772366
1108269183
1181347868
1455157283
1380789043
1480106127
1474116281
1196654377
1265666371
1471468641
1457499488
1282732373
1332638680
1346596341
1501302346
1398073485
1286715792
1141647571
1267464617
1392424399
1270441733
1146042117
1031543557
1346049175
1222991729
1473593468
1153464662
1402992221
1287814363
1267970038
1032664083
1501318992
1299834606
1140670514
1309307764
1072708757
1453052097
1302424850
1409433223
1407212799
1115716447
1445093283
1262345058
1235719513
1245777953
1371511414
1022009975
1449149776
1264119079
1478643131
1503910675
1493060643
1325745692
1130582847
1409493137
1033299579
1157909425
1033292827
1457560851
1421868549
1024467323
1275766059
1405587705
1153765628
1227796432
1511094693
1234457122
1023931889
1059714357
1054440058
1287818145
1194380007
1257436146
1064198661
1032902314
1160642615
1024316805
1177143082
1026667404
1484166467
1413661401
1077066533
1053748447
1247774527
1392607311
1181334680
1513067129
1266843889
1027209843
1036782456
1122710901
1192222299
1076598860
1444500631
1235486090
1418969627
1519050996
1519033715
1475622327
1207850262
1424135359
1211522790
1142820323
1534681790
1170811725
1186532718
1031610458
1465592624
1248103996
1129952161
1140647337
1486858439
1302570878
1145993452
1130038121
1036784905
1515611508
1329363979
1511004502
1476248892
1324806119
1464392415
1433227983
1328075853
1409426904
1327468802
1350518210
1459670479
1459302512
1322762600
1498619034
1475370428
1488890400
1481664022
1440104164
1510613472
1198684689
1385872573
1507318337
1507313793
1245035749
1506333431
1529356664
1529427206
1524872110
1505546122
1505555585
1505550927
1124432945
1519154433
1521932512
1497476964
1504629585
1445594927
1528299907
1535377091
1545276718
1545972108
1472025793
1189710960
1536272385
1088234299
1283898708
1122258217
1232049364
1396471604
1115612306
1024325164
1260813373
1543335808
1410475683
1537742042
1068842140
1211651784
1269071400
1482263203
1496630936
1300128453
1250852492
1512441376
1134724219
1015400786
1140288095
1180457167
1291767712
1165788207
1263251787
1433680307
1408929560
1211680301
1166136941
1097766383
1164505663
1332362147
1298618009
1362612838
1433988998
1383707117
1141725432
1142542897
1243877668
1279592330
1499201554
1345014364
1375842863
1466394800
1075061933
1091232084
1395071980
1460657850
1026713495
1234224567
1041019806
1070153979
1231897545
1306074606
1089865804
1151484827
1236776245
1108334473
1252736488
1091284567
1407935925
1459499233
1156368072
1338191813
1498047171
1195501736
1278239926
1027161596
1393138827
1052077674
1036070716
1091247534
1115528834
1362611345
1474428572
1194215397
1026927322
1162140162
1338336600
1279531260
1472467961
1338142923
1138850848
1338868751
1289428769
1153767083
1303787327
1208983757
1300342422
1141726235
1015635097
1244278325
1472443345
1059971647
1152862745
