1379405975
1472465649
1504052202
913617
1041585571
1323190512
1096504406
1096292868
1353497272
1273609514
1353452251
1477499590
1364299978
1133370242
1005976969
1471452268
1060000349
1096498067
1481220570
1074469325
1161305086
1023263270
1257934224
1328381354
1321568118
1353507721
1362665692
1421312943
1481214582
1531042288
1546429012
1082992996
1353514838
1471938826
1353483903
1063138226
1504914115
1213314984
1327163729
1321380158
1327395048
1361825166
1396218160
1447716726
1472463708
1546516458
1353528052
1421275081
1544871975
1361794576
1396148312
1353520592
1361876799
1300926480
1471961381
1321385470
1471948367
1086232486
1321381446
1411008387
1421301171
1421329310
1442846349
1471966995
1471975564
1472365436
1472366596
1482181534
1482189869
1482218317
1538890148
1506147113
1516827842
1516848661
1516953364
1517072706
1517079691
1533226680
1546286658
1546340800
1546376307
1546411724
1546447257
1546474528
1546496439
1552697265
1553228929
