1031593756
1192381297
1239877376
1302601555
1134756120
1350487862
1465813775
1264730
1138994650
1103335576
1487463655
1516210359
1510813355
1441069383
879778
1108360691
1425775237
1466811554
1207281637
1476021557
1364861111
1475435725
1026698795
1098238679
1255270
1143208857
901104
1331093914
1369698913
1012879728
1344228273
1192383943
1206274443
793004
1135917316
1351689620
1413279154
1271377738
1402512821
1498005833
1275031873
1028609139
1249594654
1026825352
1004060109
1065023661
1214131509
1242130
1317988816
1063597032
1403073608
1279816638
1022946958
1231223796
1221947050
1408670426
1208461952
1435546531
763214
1493125992
1426515454
1034439015
1424902619
1410002553
1453217411
822592
1033225903
1479065326
1270286458
1466310008
1512572724
1513803827
1515687195
1154580305
1478748114
1525698792
1477602578
1368221978
1255695915
1167528588
662620
913608
1192395565
1215661642
1264724882
1154472
1364897742
1459638413
1239384845
1065046800
1011453953
1425694930
1234413234
1238329918
1383500379
1084335782
1413468625
1039877919
1045509381
1479191300
1183675752
1019496258
1331005248
1437289892
1514331761
1078346043
1369680413
1030680474
1256384385
1438579114
1484752482
1366260761
1032936298
1098360082
1431723273
1024989553
1457134239
1165213347
1226355509
1487849220
1228131038
1414651751
1121357108
1369561181
1318890636
1432332571
1004326995
1350671114
1281042813
1320877021
1233017715
1060273877
1522690633
1212171646
1163690884
1159973399
1006013961
1090799712
1084379596
1232962863
1227419055
1415561494
1308544726
1369539422
1139461376
1207037027
1466330666
1209502783
1282213183
1194245838
1177112759
1302770265
1065437764
1173917151
1018555707
1160686300
1138280449
1056959686
1299177926
1114532819
1390093005
1183663867
1043000119
1212169135
1132051360
1452135253
1411417397
1232984522
1253166294
1207010135
1025864840
1214224087
1207297870
1008261679
1231202894
1219019136
1156444832
1199598137
1433959432
1114509514
1183658646
1521719786
1300581000
1025818577
1300282403
1452804582
1233144590
1280931276
1219384739
1274983167
1528140907
1513844981
1293057151
1447604909
1022837758
1125048479
1230417517
1049292332
1049553482
1060243184
1433919088
1167775663
1281240626
1273423025
1076342535
1227971468
1510932188
1459011304
1028441728
1156442135
1238347149
1127118875
1102988663
1438548855
1097285707
1298643097
1344660100
1153707970
1020717826
1135789192
1364294842
1393881375
1403187986
1046098066
1058024391
1066725223
1127513130
1231624672
1232942054
1379644281
1025798437
944542
1158510222
1411417392
1105995473
1064794114
1065224273
1214283670
1326132827
1309725008
1207698490
1351806908
1443063261
1344686478
1496274857
1227979493
1134643812
1347853850
1064554127
1216827324
1012205928
1251106023
1510503296
1326857173
1243826405
1274996581
1392128528
1165177244
1411051799
1466335589
1202812112
1231180512
1484336091
1507690614
1012731742
1466324806
1379181469
1443611202
1438581151
1500901572
1287478811
1300639462
1441027419
1330084947
1380487554
1385753174
1433949332
1472462375
1183666137
1477152955
1486552448
1497993937
1503476490
1020550877
1331717232
1388760591
1392408427
1421338593
1466320056
1293669826
1343969511
1447057553
1253138755
1411014477
1511262319
1225304752
1397067343
1384251832
1362526466
1411884761
1453895228
1078345965
1184166398
1433016541
1457722395
1271357075
1298546084
1318173152
1381847341
1332995169
1046125281
1293125035
1376445830
1496853772
1218362206
1326127720
1413475394
1444627302
1457586300
1510026921
1050127185
1154736812
1159540019
1208162712
1238342483
1393067576
1507847715
1507893650
1461564479
1214811512
1225291212
1398857181
1395936427
1396538045
1433993861
1506677509
1521725693
1523667425
1183768014
1263818248
1278420692
1329561618
1331223402
1353066978
1497432543
1511553049
1527419309
1098504641
1250968378
1391307924
1408046840
1466315664
1058653711
1198709718
1259844021
1367909635
1411749098
1444946973
1451690504
1470675589
1466195982
1484380344
1503920042
1507904947
1509931638
1514122185
1519911418
1521801973
1004764657
1182448310
1287849817
1373608053
1433000445
1458538772
1483714865
1509952198
1518640792
1523840651
1050127161
1354885315
1133246728
1271511089
1281085654
1393015796
1433954766
1448663782
1463692531
1499888396
1207738813
1302412854
1317277467
1463759852
1488458338
1501303876
1398694976
1416425001
1517071804
1371844739
1154758548
1250619841
1258528202
1358599909
1379703851
1412782330
1410424181
1523759729
1127652691
1159627860
1331250052
1351796399
1394682130
1396961017
1397946164
1484365913
1523803788
1056781951
1117851256
1262938551
1171403271
1521712101
1543909903
1533899488
1535113205
1535478314
1535484259
1537638040
1537720867
1539088835
1539331385
1539806055
1540012888
1540190520
1540359087
1540500241
1540940521
1545349249
1546670092
1548743700
1549063813
1550513229
1550715583
1551100614
1551582387
1552291991
1554550036
1556399303
1497225543
