927422
835967
700701
1484498170
1490125154
609023
802369
644169
1284898
609019
598630
1421726164
1409083106
1421764261
791255
754114
1289107
1423953593
802362
1423651854
1332506
1332511
802355
629361
552418
629376
754116
629368
791304
1501283903
573072
629359
1250677049
730451
743821
629371
1332475
1332490
629362
743811
1423576500
1423928166
1498503427
1332494
573069
1176869007
1392150200
1176886167
1485268063
819265
1332497
1104623007
1544099546
1478545826
1365432918
1105051327
1174513447
1104687999
1423867995
1105052178
1186780231
1415128183
1409171276
1401635043
1415197484
1104611809
1105064397
1186822870
1400558176
1415209770
1420008500
1433448326
1096125541
1105050135
1348034059
1420034185
1084766266
1167101466
1176578095
1420025650
1420051224
1458342794
1144511586
1176587993
1176603626
1176616560
1176625889
1176899156
1176916571
1192535762
1225178023
1420014984
1458327234
1458339318
1460713298
1466804476
1482268486
1505417355
1521269658
