1471935233
1440768354
1445253514
1340518798
1030856136
1455246366
1338951580
1442038265
1283853791
1468279857
1347297161
1353175909
1255159424
1236105167
1236151915
1281372006
1419612171
1316374954
1160475826
1279463566
1289148445
1429595874
1132625106
1312721003
1097737344
1218269160
1486207199
1266629208
1444734187
1434649798
1471830735
1440782175
1041644675
1444264188
1456840107
1395099747
1299950786
1466024788
1011795046
1262052516
1222753474
1257021018
1430346959
1235202932
1230245980
1295038384
1470759526
1406147304
1409499392
1235585813
1247048545
1429566293
1262569667
1306342237
1351920112
1241508804
1392274845
1042316376
1463615345
1323051122
1471928441
1264189389
1337144685
1207928414
1230252863
1456847995
1297564492
1472567075
1097743475
1440767835
1222739619
1252697700
1271741158
1048761053
1421481405
1262301515
1234431897
1470769189
1329131362
1287201367
1288250020
1458267911
1295005468
1236738242
1476211307
1072631038
1079523530
1458832521
1340570812
1229963001
1471924375
1266920469
1324108342
1397144157
1345811568
1459212007
1339274218
1459555893
1316372115
1091192599
1256992405
1237850028
1300447769
1033229844
1309963406
1361732512
1484023902
1475273683
1031293491
1287088973
1240294270
1366619178
1263657405
1247054211
1390229295
1421300576
1257604123
1458994778
1340531487
1048324191
1470245645
1351491002
1317589985
1456846126
1304335377
1459536058
1246996629
1254043020
1033266574
1160443072
1443453732
1247106888
1276836223
1237850028
1297359066
1484023902
1262382397
1258528203
1315083651
1421300576
1312157449
1324088731
1446102077
1037713088
1068258072
1262834165
1303785264
1350464371
1267960345
1293296097
1471928436
1316374465
1331320961
1456846951
1446725036
1455544015
1289103671
1476280270
1033250329
1227007772
1236104972
1254088799
1231242883
1239874134
1299211572
1275687057
1361728142
1236740452
1316365714
1370222417
1444027261
1322414509
1465842737
1045127409
1440770069
1255139048
1346423940
1347096580
1406197047
1351017600
1393091937
1268629705
1232142337
1253979308
1233150234
1313218294
1427242570
1033238861
1258666226
1299213708
1410166426
1252435963
1361721319
1323067080
1265226350
1267561998
1236300508
1277061184
1308035859
1449147238
1307604624
1330822942
1463823933
1229948566
1236577187
1281366763
1289251208
1293826609
1307074433
1332589368
1420955921
1033804817
1097836898
1296758022
1351027858
1313239775
1351854028
1033241862
1273166335
1297358262
1441310660
1245545794
1255534052
1353279614
1469868219
1479120212
1236742314
1446799440
1032973920
1252402984
1266567366
1317788751
1337753706
1229960225
1350753230
1369875091
1379768034
1390105680
1309174644
1391268617
1327493091
1471938229
1228987627
1273836229
1257598314
1298912375
1235244186
1245586802
1295333813
1382014845
1241453561
1247064975
1257070994
1263905320
1469963551
1253159554
1273188994
1316372197
1281408880
1229961872
1309108485
1356350842
1408583369
1030897050
1288915082
1300183228
1428731337
1226999404
1378415233
1102702679
1258502795
1278228649
1262541059
1287748396
1299950777
1036570249
1033234226
1254027970
1295338292
1332485250
1263611654
1340557192
1328419245
1331372051
1277064590
1104356536
1236741529
1200866159
1216011199
1236133864
1339144837
1253719435
1262521260
1293578540
1288770523
1311005523
1316364031
1321129898
1332367527
1351013221
1303711263
1242280699
1233198723
1274104235
1236126944
1340433904
1434519385
1345419184
1276961465
1311011061
1255570975
1258635369
1316372494
1376649778
1262429957
1240380641
1315018274
1354516925
1257631015
1267886520
1378639122
1289029829
1340590800
1412726680
1438806126
1459052908
1484016918
1434295556
1282363935
1313861075
1301565577
1293727825
1476199597
1073597485
1235258043
1349863476
1278254647
1238681711
1252889767
1282420197
1262327706
1273178776
1250729964
1369835047
1236740341
1062287685
1097843149
1131124660
1273166192
1275682952
1335572468
1288937207
1211759906
1218051689
1224785427
1226995708
1440755982
1235028063
1316366467
1238965720
1264185880
1266236241
1160478520
1258737264
1349929124
1278270732
1299971450
1376702820
1236294499
1252878746
1462117424
1264997182
1321975391
1230248947
1306109845
1336806041
1236090253
1289058927
1281427889
1304584093
1206723708
1105467102
1136772053
1218104550
1241353036
1241744830
1241760940
1247921711
1248056390
1273120753
1258222960
1258500572
1263426889
1267888425
1302835365
1278262399
1252518412
1270248881
1263364823
1307706542
1361711939
1282363725
1282752014
1230277780
1283355970
1286763865
1236084877
1373017636
1287152043
1387124384
1257280356
1288772560
1293383292
1218345583
1295349545
1303711298
1269646787
1304606030
1305372889
1307084804
1301796871
1355792286
1234406146
1256989006
1253728296
1298911989
1389948087
1236173099
1255517022
1336833890
1376543828
1281401992
1298894821
1236091875
1263890005
1372849036
1252878747
1258502831
1282351532
1287170513
1288777134
1293601532
1307863011
1315304877
1315486401
1321981814
1322499013
1322591787
1323242031
1323432711
1324761706
1325690054
1325948809
1333065748
1255635237
1036521635
1335506315
1236146739
1257033756
1335490624
1335702922
1338065517
1283483009
1246974806
1338740360
1262455287
1341932913
1345905280
1354747326
1287179545
1288799764
1367448924
1388361679
1340805841
1389970708
1321984058
1341048047
1390230222
1394769998
1396260725
1264178909
1268568587
1234555617
1253926016
1263315261
1265163253
1289019778
1281337914
1036568416
1257660797
1336756366
1397119043
1033233782
1230280550
1236740526
1241140115
1287182743
1288818190
1316372565
1335991763
1338113696
1351011554
1378044775
1388431389
1396718825
1397324470
1398143887
1400011770
1410906193
1413000217
1416792102
1418028375
1421672701
1431928889
1253715212
1434683910
1470256811
1441321974
1036572712
1258612193
1448237057
1454447789
1235187711
1230285364
1236739261
1462150587
1341339991
1288925387
1468195654
1277062830
1254384014
1351015552
1323081768
1356202329
1397935911
1418890281
1352682494
1421484246
1241251133
1428834847
1283805842
1249015323
1159190801
1261944540
1255657608
1265196844
1454981993
1341089153
1246960503
1262436357
1236738380
1235581438
1251318206
1263976079
1282373868
1289226674
1316373395
1336009035
1339299776
1352128281
1380618636
1401300436
1442039848
1322330012
1466993500
1416711756
1288853669
1302703789
1104362857
1131368105
1236831336
1282440571
1484019401
1375006776
1326173010
1398251882
1257086064
1460971702
1229963439
1230282567
1236218870
1235619386
1471940210
1380740152
1439826270
1289245748
1452776431
1486044502
1340279413
1425579075
1474785121
1392506637
1507711323
1303911103
1439974661
1450760591
1086045566
1236788289
1338133874
1275802417
1317643521
1264174697
1248852789
1264193120
1264210932
1268637889
1033202518
1298123129
1228642472
1232166324
1228127114
1234393299
1263939221
1264222287
1265246902
1273855255
1283927256
1289050450
1159055829
1234424858
1242657605
1249513180
1269050442
1269148479
1276738000
1304387344
1317651908
1229014766
1249095500
1391504519
1268812418
1254030492
1274872689
1303036862
1233082826
1264201178
1269035252
1265214243
1326187674
1036172552
1234196952
1251076869
1294976559
1253741083
1255610915
1298213185
1264929157
1266279737
1266586884
1331297465
1303008276
1234382797
1264197417
1268653980
1253970808
1286263383
1330877732
1228165355
1439520735
1034169870
1289005698
1159196819
1160456518
1160472886
1286375777
1167587744
1229961901
1229959313
1229958278
1229947654
1229945677
1230281705
1221753392
1228157322
1229949972
1232127840
1233042204
1233126642
1233187330
1234165689
1234181290
1234393299
1236120131
1236162058
1236276416
1241479096
1241499344
1247018721
1247062004
1258750755
1259045381
1253170490
1253985104
1253940482
1253919595
1257043710
1258592194
1258621734
1258948185
1258985671
1259025534
1259037944
1262289236
1262399242
1262752273
1262806450
1263360335
1263382569
1264215980
1268798956
1276810542
1268767334
1298023299
1266753446
1272302712
1273195851
1273816236
1274087163
1276349748
1276461128
1282370174
1281432370
1281341889
1283912735
1283954034
1288003811
1289007084
1289158846
1289162681
1294100482
1294103497
1294105874
1298886119
1302964538
1308795602
1317581229
1321970894
1322891225
1330893491
1336709238
1337035658
1337236540
1338152787
1342527316
1346990518
1350184042
1354536771
1372856977
1372983867
1392409741
1398800248
1430474623
1432958196
1036556933
1283944337
1308050379
1230284300
1242633610
1278392388
1281451275
1282354272
1289230965
1029983239
1263638125
1271786645
1033244475
1432713481
1220853753
1236736957
1235185001
1326229126
1253926639
1331307597
1273185694
1412335822
1400491176
1033264313
1245528239
1354657157
1415042295
1257061785
1351399263
1253769320
1287078120
1333064971
1338351228
1374887071
1396131068
1446196780
1159165647
1197213677
1334775982
1260849904
1298957641
1306185127
1312356930
1325860017
1345977901
1446107295
1461597089
1466464164
1105084461
1131367326
1136772057
1211527530
1228695330
1234378273
1245855734
1255864339
1256949756
1258434218
1267568144
1282347500
1283433402
1286956616
1287317179
1288936022
1304835389
1307097375
1315265578
1316364965
1317915983
1318840134
1333063884
1335535342
1336849104
1346970820
1349564551
1351019122
1371769060
1390228696
1394630166
1397865844
1398013519
1400313781
1401684808
1408002237
1414174299
1414177879
1420962136
1446564986
1447798752
1450324413
1450333538
1450512687
1450712694
1452648893
1469435571
1475589744
1523129955
1239330772
1240383197
1258716810
1255864339
1264632863
1314098604
1332588365
1350343644
1439746546
1446202846
1474799230
1480420934
1127584556
1233219734
1263173403
1267024196
1312311296
1364926561
1412100762
1450498405
1454308547
1475950830
1479503463
1519984715
1206587839
1217181770
1218297880
1228121330
1236790221
1247006433
1259024414
1258961379
1275381966
1287080031
1296378799
1299189600
1308041708
1302557815
1307842975
1312600759
1312867017
1315089856
1317638535
1333093283
1335477189
1470396372
1339019571
1346986096
1347089243
1360780015
1366973691
1375400172
1390224981
1400527004
1416688839
1419376956
1423726735
1424117800
1439909856
1454959212
1474791838
1510718934
1080222525
1091292158
1097830844
1097660047
1105087328
1200884513
1217144410
1232113954
1234684463
1235217848
1241573053
1255584163
1255749926
1286294000
1286951730
1287077034
1289118693
1293638255
1299206268
1305853805
1307426985
1308517834
1311035613
1311189503
1323125088
1324130596
1330119483
1332093933
1332095419
1332588735
1333050647
1333062886
1333068137
1338048817
1342812813
1344667205
1351021530
1354749857
1357823394
1366629611
1371680106
1373479300
1392448429
1398241617
1401423262
1416668434
1428754666
1433905783
1434924542
1437031174
1441328120
1441419286
1446208023
1449969937
1455821728
1461417040
1463770648
1467380687
1469964342
1475957578
1476503736
1481482071
1482615228
1500964408
1508985291
1526463856
1069875960
1079241320
1117410775
1159157016
1200876928
1217354668
1227548687
1234570470
1289294224
1234683621
1236080488
1237835619
1240225343
1241776599
1247872012
1252080483
1258755887
1259048622
1262582303
1266810104
1267583916
1268917486
1281353772
1283824204
1287081270
1288770478
1289145075
1299192973
1302958124
1303016458
1303889502
1303893974
1306081093
1306082175
1307144176
1308665703
1312357061
1314942542
1315050518
1315466294
1331113369
1332095007
1315466294
1324171029
1331113369
1332095007
1332566499
1332586606
1333068753
1335510370
1334810322
1337181347
1340260271
1342475043
1346429561
1351658307
1351742483
1364938946
1379161015
1390231116
1391368815
1393328227
1394596599
1398241617
1413724227
1417214872
1426985104
1447360611
1432807047
1432924800
1433945220
1434287196
1445215784
1446591798
1447834460
1449183544
1449537590
1453367382
1456600085
1457496998
1460986441
1465839804
1475957578
1495686303
1507722603
1526842510
1529298139
1534992477
1544780767
1095416700
1104365893
1136779437
1211663230
1237835619
1240544336
1263311056
1286228818
1287072694
1287190001
1298950490
1300176093
1300448043
1392274905
1433087963
1441332422
1452729050
1460981858
1463108574
1466420523
1470353421
1097755795
1132625166
1200899596
1240357642
1249354501
1252496053
1310987953
1299670563
1286329012
1306185164
1312153927
1314515518
1354770322
1364634398
1392304882
1392415173
1410916342
1412019762
1412139771
1443543521
1446167448
1457494705
1459189316
1473240730
1485166819
1500952992
1510553082
1078957510
1079120658
1153481139
1159580372
1265189724
1242982039
1245005000
1259005251
1253524233
1262031254
1263451641
1268674497
1276865004
1302615615
1305456278
1323728399
1335417658
1338756801
1340420103
1347020319
1349578259
1350905204
1372306480
1380653189
1385528457
1415760278
1419318443
1424861021
1454957389
1458270645
1459526302
1462409288
1512414769
1062212343
1062212483
1062212954
1127553496
1200855369
1204083848
1235571087
1258214410
1258492876
1270127703
1286248890
1287068218
1288846179
1298688227
1305272229
1307083066
1342797376
1312430007
1316820877
1323000730
1332481400
1335501887
1338837270
1351023860
1357875077
1370052656
1376571321
1396712987
1401744415
1409507324
1436506889
1449225278
1449532242
1450767800
1458792625
1459576313
1474470276
1480108832
1030995259
1036527193
1062212763
1080256929
1095348856
1097842285
1097835961
1097834951
1097834417
1097767099
1097750161
1466431881
1104355013
1136771925
1036527193
1062212763
1080256933
1095348856
1097842285
1097835961
1097834951
1097834417
1097767099
1097750161
1466431881
1104355013
1136771925
1205899145
1206829043
1211540798
1211548963
1221782933
1226996139
1227838537
1232151164
1234370972
1234670214
1236792751
1237003467
1240390765
1241192266
1241774252
1245637305
1247503922
1258702646
1255763619
1257018673
1259486582
1252967839
1253909574
1255450581
1257690487
1263881962
1264577147
1264624099
1268675520
1269125319
1268784138
1266767952
1267018781
1281454455
1281362946
1282223916
1285902421
1286313668
1287093906
1287188680
1287196456
1287205490
1288935249
1293609627
1297345437
1298202801
1298912510
1332587612
1332589492
1333047025
1333062826
1333066046
1333641020
1334589936
1339155186
1342811113
1347025901
1347037308
1347832489
1348795758
1354769665
1357829551
1363030785
1363286250
1363677681
1367407877
1369173510
1373212291
1376567749
1377014547
1377037236
1379427600
1390224511
1392135140
1392410970
1394710565
1397250493
1398260489
1411639692
1410199324
1416795206
1417730234
1418754984
1420372910
1470257970
1432021562
1423858089
1446496556
1432064063
1432970249
1434524500
1438800536
1439676768
1440751897
1441310352
1441313637
1441444702
1443540198
1445401951
1446191785
1457145557
1457558489
1457575741
1458466199
1461014644
1467361911
1470709843
1472174821
1474916519
1476470382
1478116067
1478805739
1481642629
1481637283
1485567929
1497251506
1497256367
1507718457
1526771059
1529349460
1242622870
1457179967
1489593157
1234536628
1343570981
1354749565
1390229603
1408590184
1425579076
1439978696
1439995519
1481684598
1303739264
1305276204
1421635975
1374755509
1409447082
1246934086
1444517783
1258969827
1350253722
1337220723
1036525037
1036582031
1062212645
1062287697
1063734135
1069862789
1238993832
1083792174
1083793409
1083795243
1426865700
1083797744
1093638653
1097835465
1097789554
1097749291
1097734648
1104353421
1104857912
1105014172
1127576143
1127578914
1127583028
1132625103
1132625476
1133313373
1136771725
1136779497
1136779543
1158963335
1159211911
1159541232
1160464566
1160547526
1160555828
1160570240
1160735022
1171182664
1173320186
1173347601
1173355357
1173368640
1180174474
1187112068
1194331583
1194454847
1199388527
1205716108
1205753535
1205777401
1205874318
1206124411
1206124720
1206124965
1206126068
1206556393
1206609880
1206636600
1206661701
1206673353
1206813424
1207594737
1207613090
1210009934
1211287023
1211414615
1211558908
1395813088
1211631014
1211655096
1211671903
1211760033
1211894171
1212481357
1214130351
1214177405
1214212925
1214248685
1214274842
1215755349
1215942044
1215941670
1215942149
1216015939
1216317755
1395813088
1211631014
1211655096
1211671903
1211760033
1211894171
1212481357
1214130351
1214177405
1214212925
1214248685
1214274842
1215755349
1215942044
1215941670
1215942149
1216015939
1216317755
1216366926
1216370398
1216373747
1217128336
1217174380
1217329925
1217385362
1217605961
1217612998
1217621891
1217633729
1217712890
1218037529
1218050637
1218101553
1218109503
1218112866
1224883326
1218245072
1218250079
1218253696
1218259205
1218261806
1218265201
1218272460
1218301763
1218324904
1218328083
1218335420
1218339405
1218339906
1218342646
1219007908
1219031942
1219037200
1221817334
1221845245
1226998108
1227010370
1227011304
1227021087
1227103485
1227109944
1227558082
1227558717
1228138045
1229127753
1230298017
1230331204
1230345051
1230366005
1230517777
1230527401
1232377137
1232387231
1232390817
1232400279
1264972069
1233207770
1234203126
1234398250
1234412108
1234418911
1234435936
1234440476
1234487685
1234495828
1234524971
1234577643
1234671607
1234671719
1234672477
1234673939
1234672747
1234673267
1234673741
1234673963
1234674355
1235202987
1235232309
1235284394
1235553524
1235594254
1236775773
1236776718
1236778908
1236779525
1236781620
1236781983
1236785339
1236786157
1236786578
1236787872
1238010905
1238922082
1239533794
1240031109
1240256505
1240303720
1240340796
1240364497
1240366435
1240385887
1240400116
1240400379
1240400868
1240426424
1240525550
1241153072
1241211935
1241227163
1241269906
1241369611
1241390592
1241404740
1241406708
1241418907
1241510257
1241530130
1241750610
1241752729
1241757161
1241759847
1241778853
1241784236
1241793036
1244428740
1245495556
1245630936
1245670686
1245673100
1246329387
1247075856
1247699335
1247702591
1247731557
1248207037
1249701584
1250798636
1250876698
1251370917
1252501783
1252583391
1252619507
1256979377
1257002927
1259033920
1261961955
1255779107
1258612171
1252746963
1253066414
1253517088
1253545427
1253552857
1253558564
1253968640
1253961919
1253949036
1253900684
1253912666
1253953457
1258901752
1261173053
1273084793
1262772513
1271128770
1263470331
1263818522
1312858744
1263857094
1263997665
1264016511
1312405876
1298500318
1298565096
1330889291
1268778140
1268755068
1265279110
1266695370
1267050697
1267054917
1267441000
1267554759
1267572658
1268094130
1268093704
1268093876
1271749242
1272313634
1398051760
1275532059
1273740415
1273740414
1275375234
1273996676
1275482524
1275525825
1275544222
1275552080
1275560582
1276380039
1276389190
1276393836
1276406250
1276428932
1276523103
1276564532
1276744900
1276888888
1278229781
1278230607
1282362356
1282358070
1282359047
1281455482
1281449308
1281447919
1282344208
1281445208
1281420508
1276393836
1276406250
1276428932
1276523103
1276564532
1276744900
1276888888
1278229781
1278230607
1282362356
1282358070
1282359047
1281455482
1281449308
1281447919
1282344208
1281445208
1281420508
1281374422
1281371055
1312867304
1281363971
1281357502
1312989586
1475156970
1281347722
1281345782
1279562097
1282093605
1282353282
1282363337
1282415178
1312843295
1286210217
1286269571
1286346731
1286361833
1286377529
1286393577
1286404208
1286424240
1286534291
1286563810
1286571508
1286599197
1286672368
1286898799
1286902737
1286904181
1286909229
1286910670
1286911299
1286918132
1286926391
1286926713
1286936162
1286947177
1286949026
1286953054
1286954602
1286958813
1286960010
1287052424
1287055516
1287057939
1287061636
1287063147
1287064340
1287065246
1287065863
1287068129
1287068818
1287070661
1287071693
1287073404
1287075689
1287080100
1287081586
1287082314
1287082450
1287082919
1287084163
1287085138
1287089625
1287091257
1287091961
1287092501
1287094525
1287095616
1287117014
1287120012
1287121419
1287124179
1287125307
1287125721
1287127850
1287128183
1287129334
1287129822
1287129856
1287131990
1287132326
1287132760
1287133875
1287134280
1287135708
1287136605
1287137164
1287137287
1287141487
1287141695
1287143042
1287146789
1287148232
1287147809
1287148424
1287149602
1287150697
1287152240
1287152646
1287167691
1287168209
1287169431
1287168575
1287169210
1287169322
1287170262
1287172161
1287172370
1287172711
1287173413
1287173852
1287175362
1287175502
1287177218
1287178461
1287180252
1287181159
1287181527
1287183247
1287184070
1287184298
1287184901
1287185019
1287186392
1287187515
1287187554
1287188334
1287188891
1287190855
1287191173
1287191414
1287192016
1287192877
1287193095
1287193324
1287194567
1287195163
1287195869
1287201498
1287202669
1287203347
1287203692
1287204414
1287205944
1287222379
1287223020
1287224203
1287226455
1287226899
1287227874
1287256546
1287259185
1287262073
1287264877
1287296513
1287307591
1287410088
1387477174
1287964285
1287307591
1287410088
1387477174
1287964285
1288054751
1288057921
1288774944
1288772928
1288774253
1288775836
1288785091
1288820833
1288827047
1288845675
1288915571
1288938314
1288940028
1288985700
1288991474
1289028056
1289087966
1289120048
1289175769
1289176111
1289233326
1289239503
1289243918
1293321546
1293410030
1293443539
1293457794
1293598647
1293620255
1293625021
1293647470
1293807047
1293835933
1293843825
1293907020
1294119737
1294922673
1294927731
1294927408
1294931835
1294933753
1295262175
1295263295
1295263876
1295269037
1295272125
1295273499
1295275809
1295276397
1295276503
1295276642
1295278154
1295278162
1295278176
1295279372
1295340639
1389065678
1296767270
1297570242
1298140363
1298429157
1298477630
1298475921
1298475978
1298478130
1298477641
1298477728
1298478016
1298478140
1298478211
1298478744
1298480951
1298481739
1298482275
1298482763
1298484114
1298485782
1298485839
1298487473
1298496644
1298507609
1298511038
1298511940
1298515234
1298511827
1298514563
1298515910
1298518140
1298518256
1298519678
1298520725
1298521123
1298523783
1298523822
1298546931
1298568413
1298574534
1298579774
1298587865
1298667945
1298669188
1298671350
1298673680
1298675052
1298675805
1298680201
1298681591
1298684035
1298685772
1298687078
1298687508
1298691011
1298692125
1298693897
1298695729
1298695498
1298579774
1298587865
1298667945
1298669188
1298671350
1298673680
1298675052
1298675805
1298680201
1298681591
1298684032
1298685772
1298687078
1298687508
1298691011
1298692125
1298693897
1298695729
1298695498
1298699246
1298700689
1298701856
1298702128
1298704233
1298702711
1298703820
1298704180
1298704686
1298705040
1298705534
1298706158
1298707546
1298879657
1298987155
1298988992
1299193022
1299202940
1299208007
1299838888
1299839810
1299841666
1299843366
1299844440
1299846029
1299846459
1299844666
1299846992
1299849702
1299851850
1299852706
1299858191
1299861484
1299863512
1299864397
1299865882
1299867891
1299869833
1299871346
1299871027
1299871492
1299885258
1299885423
1299886137
1299888679
1299890672
1299892410
1299895041
1299896542
1299897733
1299899380
1299901618
1299902425
1299904289
1299906947
1299909118
1299909500
1299910462
1299911163
1299912202
1299940348
1300129068
1300141455
1300153272
1300160916
1300162812
1300427911
1300427920
1300428117
1300428184
1300428210
1300430135
1300428296
1300428324
1300428374
1300428520
1300428768
1300428785
1300429163
1300429198
1300429399
1300429680
1300429835
1300429890
1300430041
1300446112
1300446311
1300446993
1300448353
1300447112
1300448139
1300447381
1300447479
1300447506
1300447550
1300447679
1300447733
1300448374
1300448408
1300448841
1300448852
1300429890
1300430041
1300446112
1300446311
1300446993
1300447028
1300447112
1300448139
1300447381
1300447479
1300447506
1300447550
1300447679
1300447733
1300448374
1300448408
1300448841
1300448852
1300448862
1300448966
1300565430
1300563521
1300564194
1300564218
1300564499
1300564589
1300564790
1300565070
1300565094
1300565441
1300566047
1300565637
1300565655
1300565764
1300565987
1300566731
1300566170
1300566476
1300566518
1300592525
1300592809
1300593017
1300594639
1300593878
1300593922
1300594352
1300594716
1300594959
1300595174
1300595549
1300595579
1300596001
1300596165
1300597847
1300597542
1300597585
1300615807
1300616070
1300616836
1300976641
1300616836
1300976641
1301551713
1301553390
1301553403
1301553420
1301553727
1301553822
1301554154
1301554512
1301554861
1301554939
1301555042
1301555071
1301555123
1301555217
1301555834
1301555334
1301555704
1301555868
1301555995
1301569614
1301569918
1301570097
1301571635
1301570361
1301570372
1301570414
1301570465
1301570485
1301570503
1301570593
1301571535
1301570698
1301570757
1301570840
1301570869
1301570918
1301570988
1301571071
1301571544
1301755816
1301755926
1301756017
1301756111
1301756404
1301758129
1301756704
1301756792
1301757212
1301757384
1301757402
1301757836
1301757558
1301757757
1301757818
1301757883
1301758073
1301758375
1301758950
1304916347
1305208526
1305211192
1305212288
1305212318
1305212346
1305212536
1305264215
1305265734
1305264309
1305264711
1305264828
1305264873
1305266331
1305264995
1305265070
1305265107
1305265152
1305265162
1305265190
1305265375
1305265443
1305265479
1305265499
1305265564
1305265594
1305265617
1305265647
1305265658
1305265680
1305265706
1305265718
1305265739
1305265765
1305265782
1305265823
1305265859
1305265894
1305265922
1305265998
1305267231
1305266147
1305266172
1305267131
1305266278
1305266398
1305267730
1305266506
1305266520
1305266602
1305266626
1305266645
1305266699
1305266727
1305266790
1305266827
1305268233
1305266859
1305266869
1305266891
1304916347
1305208526
1305211192
1305212288
1305212318
1305212346
1305212536
1305264215
1305265734
1305264313
1305264711
1305264828
1305264873
1305266331
1305264995
1305265070
1305265107
1305265152
1305265162
1305265190
1305265375
1305265443
1305265479
1305265499
1305265564
1305265594
1305265617
1305265647
1305265658
1305265680
1305265706
1305265718
1305265739
1305265765
1305265782
1305265823
1305265859
1305265894
1305265922
1305265998
1305267231
1305266147
1305266172
1305267131
1305266278
1305266398
1305267730
1305266506
1305266520
1305266602
1305266626
1305266645
1305266699
1305266727
1305266790
1305266827
1305268233
1305266859
1305266869
1305266891
1305440837
1305441570
1305466110
1305477324
1305478703
1305479106
1305479126
1305479159
1305479213
1305609423
1305611829
1305611745
1305610397
1305613430
1305610791
1305612030
1305610928
1305612643
1305612547
1305611443
1305611482
1305611546
1305611587
1305611771
1305611778
1305611803
1305611825
1305611876
1305611901
1305611971
1305611991
1305612012
1305612100
1305612105
1305612165
1305612435
1305612441
1305612447
1305612600
1305612605
1305618816
1305620832
1305619786
1305619824
1305622339
1305620065
1305620090
1305620110
1305620121
1305621432
1305620487
1305621644
1305620650
1305620749
1305620957
1305621167
1305621178
1305621244
1305621472
1305621488
1305621561
1305621772
1305621944
1305622248
1305622358
1305736336
1305734590
1305737150
1305734994
1305735022
1305735297
1305735409
1305735494
1305735521
1305735768
1305735822
1305735897
1305735912
1305736011
1305736352
1305736374
1305736441
1305738133
1305736747
1305737085
1305737100
1305737564
1305737652
1305737939
1305742801
1341259943
1305753677
1305839025
1305841632
1305840290
1305840380
1305840394
1305840569
1305840585
1305840624
1305840683
1305840783
1305840818
1305840954
1305841198
1305841306
1305841366
1305841379
1305841451
1305841494
1305841549
1305843231
1305842435
1305842460
1305842573
1305842598
1305843949
1305842675
1305842878
1305842946
1305621561
1305621772
1305621944
1305622248
1305622358
1305736331
1305734590
1305737150
1305734994
1305735022
1305735297
1305735409
1305735494
1305735521
1305735768
1305735822
1305735897
1305735912
1305736011
1305736352
1305736374
1305736441
1305738133
1305736747
1305737085
1305737100
1305737564
1305737652
1305737939
1305742801
1341259943
1305753677
1305839025
1305841632
1305840290
1305840380
1305840394
1305840574
1305840585
1305840624
1305840683
1305840783
1305840818
1305840954
1305841198
1305841306
1305841366
1305841379
1305841451
1305841494
1305841549
1305843231
1305842435
1305842460
1305842573
1305842598
1305843949
1305842675
1305842878
1305842946
1305843159
1305843450
1305843490
1305843672
1305843976
1305854630
1305852426
1305853870
1305853916
1305853985
1305854014
1305854050
1305854074
1305854704
1305854719
1305855023
1305855912
1305856743
1305858333
1305856865
1305856952
1305857003
1305857321
1305857342
1305857426
1305857459
1305858045
1305858382
1306038475
1306038724
1306079018
1306081234
1306079799
1306079970
1306080006
1306080081
1306080106
1306080203
1306080400
1306080427
1306080619
1306080850
1306080865
1306080907
1306080993
1306081044
1306081123
1306081475
1306081506
1306081516
1306081544
1306081549
1306081601
1306081669
1306082149
1306082351
1306082550
1306183430
1306182000
1306183932
1306182426
1306184029
1306182692
1306182702
1306183070
1306183278
1306183305
1306183447
1306183548
1306183572
1306183758
1306184218
1306184311
1306185338
1306184881
1306186230
1306185202
1306185220
1306185265
1306185361
1306185387
1306185398
1306185477
1306185679
1306243515
1306245252
1306248632
1306247368
1306252871
1306259181
1306264109
1307259076
1307414021
1307499574
1307535941
1307769424
1307788246
1307789494
1307865325
1307867176
1307880177
1307881961
1342801638
1308116412
1308576304
1308671488
1308686633
1308703555
1309262061
1355733057
1311071745
1311098231
1311097115
1311097205
1311098190
1311098264
1311098438
1311132661
1311146112
1311302534
1312251249
1312251308
1312251464
1312252831
1312251548
1312251566
1312251612
1312251752
1312251874
1312251966
1312252011
1312252093
1312253037
1312252144
1312252301
1312252355
1312252636
1312252962
1312253143
1312303222
1312303480
1312303491
1312303504
1312305752
1312304062
1312304116
1312306141
1312304481
1312304503
1312304508
1312304750
1312304798
1312304820
1312304934
1312304939
1312304968
1312305001
1312305833
1312305053
1312305069
1312305135
1312305161
1312305183
1312305457
1312305565
1312305580
1312305773
1312305787
1312305808
1312306163
1312309624
1312309719
1312309908
1312310028
1312310272
1312310304
1312310562
1312310586
1312310753
1312310760
1312310562
1312310586
1312310753
1312310760
1312310787
1312310804
1312312335
1312310860
1312310909
1312310920
1312311234
1312311256
1312311284
1312311450
1312311860
1312312347
1312312379
1312312401
1312347218
1312347393
1312347424
1312347595
1312347622
1312349139
1312348068
1312348090
1312348123
1312348364
1312348391
1312348419
1312348758
1312348805
1312348817
1312348951
1312348976
1312349041
1312349047
1312349057
1312349066
1312349100
1312349119
1312349151
1312349157
1312349345
1312349360
1312349543
1312349663
1312349681
1312349756
1312349806
1312356231
1312355189
1312355196
1312355657
1312355716
1312356731
1312355896
1312356180
1312357345
1312356372
1311738909
1311739095
1311739124
1311739150
1311739160
1311739190
1311739208
1311739246
1311740147
1311740162
1311770195
1311771948
1311770480
1311770500
1311770510
1311770515
1311770658
1311770723
1311772039
1311771135
1311770868
1311770888
1311770903
1311770952
1311770967
1311771026
1311771090
1311771107
1311771169
1311771190
1311771217
1311771386
1311771391
1311771470
1311771484
1311771519
1311771533
1311771585
1311771654
1311771708
1311771716
1311771960
1311772060
1311775253
1311775507
1311776839
1311775588
1311777147
1311776213
1311776224
1311777532
1311776583
1311776621
1311776704
1311776786
1311776914
1311776999
1311777045
1311777180
1311777543
1311777568
1311777819
1311777887
1311778097
1311778360
1311778551
1311816234
1311815940
1311815837
1311815396
1311815409
1311815427
1311815477
1311815488
1311815520
1311815679
1311815778
1311815783
1311815808
1311815816
1311815862
1311815891
1311815917
1311815968
1311815986
1311816011
1311816268
1311816350
1311816396
1311816484
1311816679
1311816703
1311816718
1311816742
1311867237
1311866096
1311866107
1311867936
1311867633
1311866596
1311867734
1311867435
1311867532
1311866992
1311867018
1311867077
1311867171
1311867185
1311867365
1311867405
1311867510
1311867565
1311867602
1311867623
1311867656
1311867771
1311867782
1311867805
1311868082
1311868151
1313956234
1313956537
1313954100
1313954909
1313955076
1313956143
1314046913
1314047471
1314048203
1314048351
1314048459
1314048747
1314105422
1314105513
1314105806
1314107834
1314108932
1314106399
1314106422
1314106761
1314106874
1314107425
1314107480
1314107544
1314107758
1314107850
1314107978
1314108178
1314108481
1314108711
1314108736
1314130213
1314130516
1314132647
1314130691
1314130793
1314130914
1314130919
1314131463
1314131495
1314131562
1314131590
1314131606
1314131675
1314131880
1314131898
1314132258
1314132352
1314132392
1314133378
1314156587
1314157907
1314158716
1314158886
1314158917
1314159139
1406935715
1314245832
1314246738
1314322331
1314319009
1314319208
1314319213
1314319222
1314319403
1314319467
1314319476
1314319618
1314322237
1314320356
1314320370
1314320377
1314320390
1314320473
1314320871
1314320886
1314320919
1314321575
1314321594
1314322547
1314321845
1314322739
1314322099
1314322298
1314322316
1314322327
1314322404
1314323247
1314350735
1314347973
1314347998
1314348195
1314348209
1314352032
1314348508
1314351037
1314349092
1314349125
1314349888
1314350180
1314350270
1314350461
1314350757
1314350796
1314351358
1314351374
1314351410
1314351422
1314351446
1314351461
1314351479
1314351541
1314351578
1314357315
1314363836
1314358436
1314363931
1314362228
1314362774
1314362887
1314362908
1314363164
1314363180
1314363205
1314363245
1314363258
1314363303
1314365242
1314363548
1314363563
1314363600
1314363619
1314363897
1314363906
1314363969
1314363981
1314364313
1314365441
1314364348
1314364384
1314364457
1314364663
1314365149
1314365165
1314365176
1314377200
1314377221
1314377322
1314377905
1314378307
1314378422
1314378549
1314380831
1314378691
1314378721
1314381430
1314378792
1314378889
1314378999
1314379586
1314379607
1314379892
1314380062
1314380530
1314380175
1314380552
1314380562
1314380734
1314380751
1314381058
1314429119
1314433731
1314430127
1314430222
1314430425
1314431099
1314433934
1314431428
1314431469
1314431498
1312349806
1312356231
1312355189
1312355196
1312355657
1312355716
1312356731
1312355896
1312356180
1312357345
1312356372
1312356466
1312356558
1312356605
1312357030
1312356662
1312356673
1312356713
1312357540
1312356742
1312356761
1312356938
1312357045
1312357360
1312395831
1312407405
1312431143
1312430128
1312430159
1312430284
1312430302
1312431632
1312430347
1312430382
1312430672
1312430703
1312430750
1312430755
1312430774
1312430791
1312430806
1312430817
1312430850
1312430933
1312431156
1312431173
1312431195
1312431731
1312431233
1312431254
1312431266
1312431271
1312431316
1312431644
1312431741
1312479042
1312477722
1312479439
1312477895
1312478015
1314640072
1314640097
1314640299
1314640319
1314640375
1314640449
1314640459
1314640472
1314640498
1314640523
1314641930
1314640567
1314640583
1314640794
1314641372
1314641437
1314641468
1314641474
1314641782
1314675627
1314681430
1314677910
1314677921
1314681342
1314680930
1314679222
1314679776
1314679790
1314679800
1314681834
1314679914
1314680070
1314680089
1314680167
1314680177
1314680208
1314680242
1314680383
1314680727
1314680754
1314680784
1314680847
1314680856
1314680901
1314680940
1314681051
1314681072
1314681258
1314681464
1314717100
1315087147
1315099489
1315109249
1315112389
1315123564
1315159171
1315224787
1316248460
1316361306
1316363096
1313380339
1313378585
1313378603
1313378671
1313378685
1313378697
1313378727
1313378806
1313378821
1313379072
1313379101
1313379289
1313379295
1313379312
1313379450
1313379578
1313379608
1313380737
1313379665
1313380033
1313380053
1313380104
1313380111
1313380350
1313380654
1313380671
1313380837
1313380865
1313387445
1313387255
1313384910
1313385323
1313386835
1313385805
1313385983
1313386026
1313386068
1313386088
1313386180
1313386389
1313386412
1313386477
1313386679
1313386688
1313386871
1313387051
1313387142
1313387282
1313387312
1313387351
1313387357
1313387463
1313387478
1313434221
1313435735
1313434583
1313434967
1313435058
1313435084
1313435186
1319091020
1319091289
1319093231
1319091485
1319094135
1319092195
1319092316
1319092362
1319092391
1319092414
1319092677
1319093189
1319093267
1319093838
1319094175
1319094322
1319094556
1319094946
1319094966
1319095051
1319158819
1319160530
1319162336
1319159087
1319159115
1319159488
1319159597
1319159782
1319160014
1319160551
1319160965
1319161546
1319169529
1319167808
1319168112
1319169369
1319169546
1319169576
1319300241
1319299941
1319297399
1319297488
1319301031
1319301335
1319301532
1319298490
1319298768
1319298792
1319298911
1319299359
1319299495
1319299810
1319300403
1319300786
1319301122
1319302252
1319774519
1319774670
1319774869
1319774923
1319774984
1319775027
1319777729
1319776629
1319775466
1319777036
1319775989
1319776116
1319776158
1319776618
1319776804
1319776905
1319777005
1319777128
1319777202
1319779336
1319777377
1319778532
1319777433
1319777762
1319777880
1319778183
1319778215
1319778366
1319778413
1319778550
1319779447
1319790683
1319791194
1319792629
1319791616
1319791968
1319792095
1319792290
1319794140
1319792528
1319792567
1319792653
1319792699
1319792799
1319794431
1319792861
1319792960
1319793202
1319794036
1319794464
1319794698
1319794744
1319794816
1319794862
1319794967
1319795333
1319899087
1319899124
1319899505
1319901238
1319899573
1319899697
1319899794
1319899917
1319900249
1319900256
1319900290
1319900320
1319900566
1319900584
1319900691
1319902629
1319900753
1319900797
1319900839
1319900960
1319900972
1319901016
1319901184
1319901277
1319901352
1319901842
1319901952
1319901986
1319902054
1319902348
1320807247
1320804427
1320805293
1320805317
1320805375
1320808434
1320805618
1320805810
1320806198
1320807735
1320806390
1320806405
1320806410
1320806419
1320806428
1320806474
1320806771
1320806789
1320806880
1320806969
1320808535
1320807141
1320807162
1320807198
1320807266
1320807302
1320808029
1320807465
1320807561
1320807647
1320807968
1320808007
1320808246
1320820007
1320820209
1320821331
1320820656
1320821042
1314363906
1314363969
1314363981
1314364313
1314365441
1314364348
1314364384
1314364457
1314364663
1314365149
1314365165
1314365176
1314377200
1314377221
1314377322
1314377905
1314378307
1314378397
1314378549
1314380831
1314378691
1314378721
1314381430
1314378792
1314378889
1314378999
1314379581
1314379607
1314379892
1314380062
1314380530
1314380175
1314380552
1314380562
1314380734
1314380751
1314381058
1314429114
1314433731
1314430127
1314430222
1314430425
1314431099
1314433934
1314431428
1314431469
1314431498
1314431883
1314431917
1314432157
1314432168
1314432204
1314432244
1314432255
1314432267
1314432277
1314432362
1314432380
1314434431
1314432657
1321978953
1322517899
1322711073
1322608260
1322637814
1322830512
1323037325
1323080822
1323190010
1379770377
1379774700
1324142393
1323247812
1379700918
1323249415
1323508439
1323726307
1324072499
1324073179
1324238531
1324237101
1324237296
1324237847
1324238446
1324238551
1324336034
1324334914
1324334971
1324335522
1324335900
1324336121
1324489888
1324489921
1324492433
1324490507
1324490800
1324492349
1324695182
1324695257
1324695776
1324696257
1324696357
1324696675
1324773202
1324936124
1324936502
1324936817
1324937001
1324938943
1324937674
1324937699
1324938021
1324938276
1324938286
1324938342
1324938587
1324938699
1324938768
1324938973
1324939454
1314640794
1314641372
1314641437
1314641468
1314641474
1314641782
1314675627
1314681430
1314677910
1314677921
1314681342
1314680930
1314679222
1314679778
1314679790
1314679800
1314681834
1314679909
1314680060
1314680089
1314680167
1314680177
1314680208
1314680242
1314680383
1314680727
1314680754
1314680784
1314680847
1314680856
1314680901
1314680940
1314681066
1314681072
1314681268
1314681464
1314717100
1315087147
1315099489
1315109249
1315112389
1315123564
1315159171
1315224787
1316248460
1316361306
1316363096
1316364400
1316365643
1316374449
1317598446
1317665363
1317665615
1317669256
1317671669
1317672874
1317673763
1317676151
1317678193
1317680445
1317917189
1317919842
1317919857
1317949760
1317994978
1318742988
1318743512
1318743583
1318743735
1318744052
1318744083
1318962999
1318963482
1318963673
1318963996
1318964929
1318964193
1319038033
1319035804
1319038843
1319036970
1319037001
1319039150
1319037247
1319037381
1319039930
1319037523
1319037618
1319037721
1319037875
1319037890
1319037926
1319038057
1319038133
1319038140
1319038377
1319038386
1319038446
1319038554
1319038760
1319038857
1319039075
1319039209
1319039751
1319039855
1319040048
1319040085
1319040244
1319087907
1319090083
1319093433
1319090428
1319090917
1319091020
1319091289
1319093231
1319091485
1319094135
1319092195
1319092316
1319092195
1319092316
1319092362
1319092391
1319092414
1319092677
1319093189
1319093267
1319093838
1319094175
1319094322
1319094556
1319094946
1319094966
1319095051
1319158819
1319160530
1319162336
1319159087
1319159115
1319159488
1319159597
1319159782
1319160014
1319160551
1319160970
1319161546
1319169529
1319167818
1319168112
1319169369
1319169546
1319169576
1319300241
1319299941
1319297399
1319297488
1319301031
1319301335
1319298245
1319298490
1319298768
1319298792
1319298911
1319299359
1319299495
1319299810
1319300403
1319300786
1319301122
1319302252
1319774519
1319774670
1319774869
1319777243
1319774984
1319775027
1319777729
1319776629
1319775466
1325514609
1325514613
1325514697
1325514885
1325514890
1325514905
1325515157
1325515041
1325515073
1325515091
1325515107
1325515234
1325515250
1325521236
1325521330
1325519322
1325521537
1325520105
1325520125
1325520384
1325520660
1325520808
1325520862
1325521072
1325521310
1325521577
1325521643
1325521679
1325521921
1325522436
1325522051
1325522065
1325522185
1325522542
1325522766
1325522951
1325522979
1325523153
1325670725
1325674796
1325715033
1325727246
1325729768
1325733631
1325741256
1325744433
1325801941
1325860599
1325860610
1325860860
1325862330
1325861063
1325861095
1325861128
1325861375
1325861464
1325862632
1325861580
1325861595
1325861661
1325861710
1325861820
1325861849
1325861894
1325861945
1325862089
1325862095
1325862195
1325862243
1325862302
1325862544
1325862566
1325862865
1325862907
1325863157
1325863251
1325902473
1325902520
1325902699
1325902982
1325906039
1325903693
1325903721
1325905329
1325904265
1325904281
1325904414
1325904506
1325905736
1325904582
1325904593
1325904607
1325904637
1325904643
1325904669
1325904754
1325904769
1325904978
1325904985
1325905020
1325905158
1325905197
1325905361
1325905386
1325905417
1325905761
1325905776
1325970348
1325971205
1325981021
1325986267
1325988829
1326114659
1326172034
1326558174
1326584280
1326867680
1327033695
1327034217
1327034294
1327036037
1327035209
1327060476
1327146045
1328091250
1328265825
1328292393
1328355969
1328369044
1328381804
1328396250
1328644605
1328645859
1328645880
1328646272
1328646874
1328648019
1328648285
1328648555
1328648861
1328649254
1328650106
1328650971
1328651977
1328659025
1328660358
1328661609
1328661979
1328662462
1328662718
1328663164
1328663592
1328663616
1328664079
1328664096
1328664701
1328667672
1328667860
1328669377
1328670091
1328670971
1328674637
1328672780
1328673530
1328673794
1328676511
1328678885
1328679987
1328682774
1328683962
1328686305
1328688573
1328688621
1328690970
1328692826
1328693785
1328693998
1328694931
1328694491
1328694967
1328696796
1328697996
1328698766
1328699258
1328699786
1328701310
1328701796
1329001428
1329004429
1329002611
1329003557
1329003567
1329004040
1329765995
1329818230
1329945920
1330500412
1330630141
1331824035
1332090012
1332090228
1332091117
1332091394
1332091815
1332091882
1332091889
1332091908
1332091916
1332091974
1332092000
1332092016
1332092358
1332092406
1332092565
1332092852
1332092862
1332092868
1332092871
1332093185
1332093209
1332093243
1332093256
1332093261
1332093300
1332093548
1332093555
1332093560
1332093567
1332093591
1332093598
1332093740
1332094011
1332094079
1332094626
1332094651
1332094940
1332095443
1332095543
1332095546
1332095869
1324946527
1324947096
1324947118
1324947283
1324947313
1324947485
1324947592
1324947679
1324948351
1324948378
1324948392
1324948463
1324948500
1324948545
1324948663
1324948769
1324949158
1324949371
1328637013
1328641583
1328629269
1325304624
1325305390
1325305416
1325305619
1325308529
1325308430
1325307834
1325306205
1325306225
1325308635
1325306395
1325306416
1325306756
1325306780
1325306969
1325307046
1325307066
1325307355
1325307745
1325307862
1325307913
1325308235
1325308041
1325308060
1325308076
1325308161
1325308171
1325308181
1325308283
1325308293
1325308457
1325311603
1325312100
1325312513
1325312704
1325312911
1325313020
1325313054
1325313076
1332589048
1332589366
1332589508
1332589542
1332589614
1332589623
1332590839
1332589682
1332589706
1332591431
1332591141
1332589839
1332589883
1332589902
1332589997
1332590005
1332590189
1332590212
1332590301
1332590383
1332590454
1332590499
1332590802
1332590855
1332590912
1332590976
1332591005
1332591021
1332591155
1332591167
1332591203
1332591217
1332592930
1332591322
1332591758
1332592356
1333043109
1333043120
1333043740
1333043982
1333044176
1333044455
1333044897
1333045955
1333046028
1333046455
1333046497
1333046611
1333046765
1333051029
1333046979
1333047080
1333047483
1333047535
1333047617
1333047652
1333047686
1333047708
1333047754
1333047782
1325483398
1325483479
1325483509
1325483540
1325483544
1325483565
1325483716
1325484538
1325483860
1325484063
1325484102
1325484148
1325484158
1325484172
1325484436
1325484456
1325485918
1325488931
1325489434
1325487000
1325487011
1325488832
1325489235
1325489131
1325487492
1325487519
1325487524
1325487706
1325489030
1325487896
1325487911
1325488282
1325488295
1325488459
1325488492
1325488599
1325488739
1325488847
1325489256
1325489339
1325489460
1325512122
1325514929
1325513301
1325513317
1325513323
1325515629
1325513922
1325514013
1325515342
1325514112
1325515434
1325514282
1325514298
1325514311
1325515554
1325514385
1325514393
1325514401
1325514573
1333065218
1333067636
1333065753
1333065773
1333065799
1333065836
1333065854
1333065952
1333065982
1333065992
1333066024
1333066076
1333066141
1333066151
1333066292
1333066343
1333066351
1333066367
1333066407
1333066478
1333066542
1333066588
1333068540
1333066698
1333067145
1333067663
1333067697
1333068439
1333095137
1333095237
1333093089
1333095830
1333093504
1333093865
1333093879
1333094225
1333094456
1333094476
1333094503
1333095183
1333095219
1333095326
1333095367
1333095850
1333095865
1333096075
1333096257
1333096544
1333110124
1333348747
1333684633
1333685959
1333686550
1333688667
1333688741
1333689875
1333691483
1333692267
1333692407
1333693717
1097776430
1316515581
1446080736
1463876963
1186932629
1234997733
1287967080
1291649542
1286916472
1286923229
1286938257
1287168920
1287171063
1287171389
1300448932
1300448451
1300448567
1300596594
1300596923
1300598165
1301570190
1301571406
1301571420
1301809118
1301809417
1301809594
1305853627
1305854175
1305854398
1305854462
1305854941
1311588736
1311588323
1311589177
1311776191
1311776673
1311776689
1311776766
1311776768
1312178788
1312179296
1312179509
1312355104
1312356543
1312355872
1312356059
1312356339
1313433011
1313434918
1313435891
1314132067
1314132767
1314132862
1314438715
1314439268
1314440683
1314440711
1314440850
1319160607
1319160880
1319161254
1320836100
1320837931
1320837075
1320837401
1320838245
1324948886
1324949202
1324950057
1325520398
1325521300
1325521333
1325521547
1325521633
1399027578
1482664315
1240615945
1250719993
1258452531
1268789751
1294757937
1294764472
1294770502
1294771855
1294772089
1304871924
1304872012
1304872518
1304872722
1304877196
1304894811
1310965243
1311581520
1311581527
1311581806
1311582563
1311583185
1312168116
1312168709
1312169094
1312169365
1312170143
1313417631
1313415983
1313416980
1313416990
1313417374
1314260918
1314260925
1314261024
1314263152
1314263392
1319034006
1319034350
1319034678
1319034765
1319034808
1186887791
1250754693
1250763965
1335410655
1335407916
1334734024
1335398409
1334742514
1335391255
1335394710
1334799069
1334763362
1334777227
1334996205
1334996356
1334996874
1334997138
1335001735
1335000456
1335004131
1335000767
1335000778
1335000921
1335001002
1335001618
1335001627
1335001682
1335002364
1335002462
1335003015
1335003596
1335003601
1335004298
1335477189
1335574504
1335620464
1335696188
1335696200
1335696616
1335696795
1335696848
1335696878
1335696969
1335696985
1335697159
1335697467
1335697475
1335697522
1335697560
1335723911
1335729922
1335741155
1335752743
1335787696
1335863450
1335887363
1335890239
1335898710
1335916895
1335916983
1335933599
1335938154
1335986190
1336140924
1336404478
1336718597
1336731621
1336993536
1337006638
1337054182
1337250560
1337398965
1337399813
1337399860
1337400040
1337403705
1337404467
1337404909
1337405254
1337405989
1337406784
1337406947
1337407605
1337409351
1337409387
1337409740
1337411713
1337411777
1337412076
1337413785
1471044109
1471047243
1337825086
1337852061
1337976076
1338007479
1338032348
1338034733
1338076930
1338085573
1338098267
1338169173
1338188144
1338230212
1338264214
1338369916
1338391227
1338355530
1338555903
1338556167
1338556365
1338556474
1338557893
1338558076
1338559396
1338560135
1338560170
1338577889
1338579561
1338582630
1338581431
1338581101
1338582689
1338583386
1338586131
1338584572
1338593319
1338593980
1338595264
1338595665
1338595782
1338596968
1338597940
1338598303
1338598539
1338604865
1338605216
1338606714
1338610132
1338609035
1338609296
1338609419
1338609877
1338627199
1338629334
1338629387
1338630215
1338630311
1338631139
1338633238
1338635217
1338655900
1338656028
1338657416
1338658117
1338658951
1338659265
1338659583
1338832275
1338923449
1339310117
1339380821
1339397809
1339562641
1339566833
1339573592
1339577813
1339588340
1339591225
1339595819
1339603142
1339607649
1339621769
1339622028
1339626218
1339631369
1339637107
1339640805
1339642707
1339651600
1339656289
1339657117
1339661033
1339662758
1339670467
1339672751
1339682514
1339690009
1339695789
1339702837
1339703181
1339710440
1339714470
1339733040
1339732296
1339745967
1339748733
1339750262
1339759376
1339763732
1339765112
1339768108
1339771817
1339774758
1289275302
1445069214
1339425328
1475961726
1300386909
1481639308
1308095324
1105087046
1136779377
1205921187
1457446513
1252741716
1339616755
1339699729
1436693052
1097786025
1241760221
1328672162
1257872486
1283430464
1340610766
1097776430
1316515581
1446080736
1463876963
1234997733
1287967080
1291649542
1286916472
1286923229
1286938267
1287168920
1287171063
1287171389
1300448932
1300448461
1300448567
1301570190
1301571406
1301571420
1301809118
1301809417
1301809594
1305853627
1305854175
1305854398
1305854462
1305854941
1312178773
1312179301
1312179509
1312355104
1312356543
1312355872
1312356064
1312356339
1314132067
1314132767
1314132862
1314438715
1314439268
1314440683
1314440711
1314440850
1319160607
1319160880
1319161254
1320836100
1320837931
1320837075
1320837401
1320838245
1324948886
1324949202
1324950057
1325520398
1325521300
1325521333
1325521547
1325521638
1328632891
1328633279
1328636731
1328633594
1328633843
1328636480
1328636623
1328684884
1328685300
1328687108
1339665210
1339678660
1339703571
1339714648
1339718224
1339723971
1339751865
1399027578
1482664315
1319300550
1319300760
1319300818
1319301052
1319301259
1319301663
1319792033
1319790528
1319790766
1319790879
1319790894
1324696568
1324697413
1324697982
1324698266
1324938536
1324936821
1324937921
1324938294
1324938466
1324938578
1324938955
1324939019
1324939496
1324939740
1324939784
1324947724
1325487218
1325487472
1325488254
1325488441
1325488572
1186867237
1246374496
1291858743
1132625550
1180172624
1241758974
1250707232
1250714284
1250773051
1250886842
1253489342
1275640369
1291068549
1291124220
1291648468
1291649591
1291653218
1291688677
1291690354
1291692431
1291704959
1291934885
1291944817
1291950034
1291959428
1293381742
1293384087
1293386628
1294700971
1294711004
1295627646
1295640348
1298048795
1298060655
1300240051
1312859689
1313285860
1325395184
1325401896
1325404930
1325668604
1325679086
1325702324
1077093200
1206631706
1217136104
1218968781
1256971894
1258934160
1261292408
1285590968
1286571706
1299770619
1318490622
1513862057
1382725000
1258403792
1351398718
1367076199
1400612077
1169580518
1227554326
1311371414
1217649788
1298200672
1343938076
1396696442
1458252560
1286900766
1286906586
1305371804
1305372853
1311302102
1311302634
1312057428
1312059417
1313296759
1313297638
1314048432
1314048124
1318964159
1318964442
1324491475
1324492468
1335502716
1335492221
1351222757
1241506851
1458092771
1213366723
1352951146
1314985571
1352300626
1446976870
1273090095
1333047677
1457323947
1391884705
1488934923
1396707647
1348873921
1478116558
1487882121
1257019717
1316832704
1394767081
1286914856
1286919759
1286920888
1287026026
1287033447
1287045205
1287138021
1287138820
1287140434
1287140651
1287140880
1294095792
1294096658
1294097172
1294097558
1294097840
1294735696
1294740127
1294743729
1294742235
1294746237
1294751140
1294752545
1294772404
1295275213
1300429339
1300565483
1301554730
1301757164
1304850069
1304853036
1304855111
1304856003
1304863867
1304881261
1305468497
1305469081
1305469506
1305469714
1305470344
1305480227
1305480350
1300429381
1300429417
1300429653
1300429766
1300430045
1300430244
1300430264
1300448363
1301554540
1301553864
1301554180
1301554562
1301554924
1301554957
1301555103
1301555187
1301555363
1301555376
1301555901
1301571438
1301758037
1301758341
1301756801
1301758835
1301757357
1301757412
1301757573
1301757642
1301757708
1301757790
1301758957
1301809446
1305479393
1305480498
1305480753
1305480773
1305734786
1305735380
1305742399
1305742409
1305742578
1312119407
1312119614
1312119781
1312119952
1312168085
1312168498
1312169084
1312169201
1312169357
1312170151
1312178911
1312179014
1312179457
1312179876
1312179995
1312309603
1312309685
1312310001
1312310259
1313222428
1313224958
1313415501
1313416934
1313415607
1313416228
1313416313
1313416560
1313417003
1313417646
1313435122
1313436260
1313436570
1314107377
1314151606
1314153209
1314153539
1314153548
1314153774
1314158226
1314158421
1314159565
1314262142
1314259726
1314260498
1314263729
1314261622
1314262275
1314262778
1314262825
1314348027
1314348912
1314349915
1314351466
1314351854
1317947914
1319034439
1319032814
1319033090
1319033118
1319033385
1319034704
1319035383
1319036050
1319090525
1319092203
1319092474
1319093439
1319094250
1319160453
1319160863
1319162059
1319162194
1319164373
1319165192
1319167711
1319168913
1319169076
1319299486
1324681428
1324697413
1324697982
1324698266
1324938536
1324936821
1324937917
1324938294
1324938466
1324938578
1324938955
1324939003
1324939496
1324939748
1324939784
1324947724
1325487472
1325488254
1325488441
1325488572
1328633487
1328634311
1328635671
1328664677
1328666073
1329002783
1339630841
1339640587
1339738875
1339777216
1186867237
1246374496
1291858743
1132625550
1180172624
1241758974
1250707232
1250714284
1250773051
1250886842
1253489342
1275640369
1291068549
1291124220
1291648468
1291649591
1291653218
1291688677
1291690354
1291692431
1291704959
1291934885
1291944817
1291950034
1291959428
1293381742
1293384097
1293386628
1294700971
1294711004
1295627646
1296142004
1297299465
1311079988
1325665188
1325667707
1400425641
1311302317
1392283375
1463878964
1385470624
1333371050
1351412879
1358064074
1039910317
1275025185
1305663040
1504174831
1224735428
1332308039
1278245258
1286935436
1311587602
1312179654
1313435171
1319160326
1315511436
1317903955
1324068496
1489587291
1236011772
1247019849
1481200358
1287174484
1287174673
1215613165
1325482773
1351016127
1393670193
1305240266
1352617732
1444279072
1275685495
1376212141
1132625469
1287223074
1287225651
1305269568
1305270104
1312013426
1312013903
1313136886
1313137839
1313953709
1313954409
1318743502
1318743755
1324335854
1324336062
1449344804
1480594648
1205812714
1226999189
1286871388
1286882050
1286882095
1286889095
1286927990
1287024899
1287030862
1287034994
1287036299
1287040670
1294098131
1294095875
1294097080
1294097588
1294098435
1294098735
1294738068
1294739410
1294746674
1294747628
1294748545
1294755831
1294757338
1294759949
1294761912
1294764362
1294768638
1298076860
1305371825
1305374235
1305372361
1305372676
1305468327
1305469720
1305469772
1305470365
1305470735
1305471296
1305478620
1305479796
1305480808
1305480944
1305481441
1311302366
1311302596
1311303585
1311473106
1311473761
1311473918
1311474168
1311474374
1311474413
1311501841
1311501044
1311501372
1311501393
1311501810
1311581221
1294740127
1294743729
1294742235
1294746237
1294751140
1294752545
1294772404
1295275213
1300429339
1301554730
1301757164
1304850069
1304853036
1304855111
1304856003
1304863867
1304881261
1305468497
1305469081
1305469506
1305469714
1305470344
1305480227
1305480350
1305480871
1305620115
1305620670
1305621022
1305621551
1305621933
1312106725
1312106821
1312107693
1312108079
1312109243
1312119293
1312119806
1312120056
1312167415
1312168318
1312168672
1312168950
1312169111
1312169167
1312169187
1312169582
1312179279
1312179973
1312180370
1312251292
1312251620
1312251841
1312252063
1312252165
1314107377
1314151596
1314153209
1314153539
1314153548
1314153770
1313416887
1313417835
1313417255
1313417417
1313436629
1314049931
1314049046
1314049952
1314050790
1314151015
1314153052
1314153061
1314153252
1314153258
1314153943
1314158397
1314158468
1314158598
1314159017
1314160397
1314262532
1314262236
1314260528
1314262066
1314262075
1314262185
1314262317
1314263292
1314263310
1314263759
1314264743
1318963891
1318965834
1318964109
1318965343
1319032122
1319034739
1319034072
1319034239
1319035067
1319035164
1319035353
1319035570
1319035587
1319036038
1319036461
1319161352
1319163382
1319163577
1319163588
1319164085
1319164660
1319164897
1319170739
1319168969
1319169953
1319170267
1319170781
1324491317
1324492423
1328642105
1328642515
1328642626
1328642657
1328643454
1328675728
1328679937
1331659785
1339568696
1339687385
1298210169
1397797273
1455245729
1207889511
1215805186
1215817613
1235579280
1253482754
1263564842
1263573661
1287905065
1291055210
1291118911
1291121706
1291126672
1291700092
1293338466
1293342151
1294685224
1294689213
1296247550
1307668011
1312854376
1313047810
1313295760
1325699120
1325942689
1325950738
1331279159
1331309749
1331896678
1333043685
1333044083
1333044559
1333047575
1480603971
1442033892
1091255507
1217132676
1217320420
1217700142
1217718543
1218401761
1218964781
1219003059
1237662950
1284181168
1291855878
1295632812
1296142006
1297299465
1311079988
1325665188
1325667707
1325932617
1325939074
1325939973
1325946666
1325958631
1325962565
1331088899
1331858155
1332592841
1333044517
1333046624
1333047447
1333047559
1333047834
1333047859
1333048163
1333048452
1333065308
1333065822
1333068150
1333068254
1333068945
1400425641
1392283375
1309318091
1463878964
1385470624
1333371050
1351412879
1358064074
1039910317
1275025185
1305663040
1328651409
1504174831
1224735428
1332308039
1278245258
1286935436
1312179654
1319160326
1327521523
1327523880
1334350518
1334992272
1334992942
1334992987
1334993638
1337414093
1337417731
1337415069
1337415550
1338661019
1338661888
1338662723
1338662766
1338662953
1338663001
1338664343
1339581506
1315511436
1317903955
1324068496
1489587291
1236011772
1247019849
1481200358
1287174484
1287174673
1215613165
1325482773
1351016127
1393670193
1305240266
1352617732
1275685493
1444279072
1376212141
1132625469
1186932629
1287223074
1287225651
1305269568
1305270104
1312013426
1312013903
1313953709
1313954409
1318743502
1318743755
1324335854
1324336062
1449344804
1480594648
1189535921
1205812714
1226999189
1286871388
1286882050
1286882095
1286889095
1286927990
1287024899
1287030862
1287034994
1287036299
1287040670
1294098131
1294095875
1294097080
1294097583
1294098435
1294098735
1294738068
1294739410
1294746674
1312107574
1312108672
1312108789
1312108866
1312108954
1312109359
1312109551
1312109583
1312119484
1312119924
1312120436
1312168519
1313214365
1313214495
1313215182
1313215286
1313215557
1313215597
1313217036
1313216345
1313223613
1313224658
1313224747
1313266928
1313267796
1313269730
1313269485
1313270338
1313296697
1313298470
1313298691
1313416695
1314036207
1314036712
1314037759
1314037786
1314037793
1314048010
1314049073
1314049581
1314150726
1314152303
1314154535
1314153193
1314153292
1314153307
1314153324
1314153788
1314158519
1314160263
1314160371
1314260728
1314274311
1314276261
1314276279
1314276296
1314276749
1318957405
1318958325
1318958621
1318958869
1318959316
1318962408
1318963621
1318964880
1319033609
1319163798
1319164492
1319164772
1319165162
1319165208
1319165951
1319166146
1319170444
1319171259
1319171350
1324482116
1324484009
1324484095
1324484988
1324485249
1324491520
1324493131
1324493788
1324681683
1324682097
1324685150
1324683706
1324683720
1324684557
1324684623
1324685676
1324697684
1324698002
1324698362
1328634354
1366553141
1298038057
1359686622
1375221817
1205787518
1226995923
1313855711
1358612645
1252004119
1328625806
1362486851
1251291506
1253668824
1300342283
1313238404
1317006432
1105085440
1257000182
1368231119
1316974262
1367375959
1206783039
1230313419
1253510149
1328646242
1329002483
1339757093
1394340999
1226993613
1241463436
1285855226
1291698043
1291702187
1291850273
1291862940
1291950733
1291979185
1312802229
1313150287
1323684008
1328336517
1331457498
1331486461
1440800982
1132625284
1186887791
1445579860
1005491275
1206771665
1207628962
1258464546
1262986852
1290606684
1291883093
1311100722
1312844784
1313015435
1332087845
1332592557
1333044428
1333067265
1336036544
1186963582
1362276021
1452666116
1230565565
1337683234
1403148171
1352273461
1401941420
1131367357
1206733590
1304984039
1495436860
1287173725
1287174206
1287174455
1300447410
1300448732
1300447586
1300447891
1300448755
1301569896
1301570295
1317079043
1347422842
1412066413
1438821338
1229876658
1301428571
1317076514
1355062137
1450275893
1466296966
1481224659
1267386387
1257737211
1259420403
1292856714
1352674324
1217508100
1227098008
1259399013
1275033109
1295299170
1410961627
1472584390
1518409623
1311471068
1420856602
1388961055
1353405508
1382754302
1180175255
1358310818
1271290476
1282700061
1286869411
1286874984
1286878963
1286883955
1286931236
1286930407
1286932836
1286932006
1287039372
1287208592
1287214004
1287214581
1287218007
1293818292
1293852076
1293854253
1293854266
1293855647
1293856480
1294060516
1294069987
1294074532
1294076112
1294079639
1294085529
1294088510
1294090783
1294092323
1294093070
1294095936
1305268879
1305269745
1305270001
1305270173
1305359411
1305364376
1305365087
1305366235
1305366241
1305366351
1305372327
1305372825
1305373677
1305373858
1305374143
1305468510
1305469479
1305469814
1305471538
1305470834
1305470864
1305470940
1305471053
1305471486
1305471502
1305471638
1305479512
1311297030
1311296011
1311296450
1311296856
1311297239
1311297601
1311302854
1311304029
1311302567
1311302611
1311303549
1311475550
1311474833
1311473614
1311473779
1311473792
1311475735
1311474384
1311474422
1311474563
1311474855
1311475043
1311501585
1311586998
1311587665
1311587885
1311588080
1311588161
1312012501
1312013695
1314049073
1314049581
1314150726
1314152303
1314154535
1314153193
1314153292
1314153307
1314153324
1314153788
1314158519
1314160263
1314160371
1314260728
1314274311
1314276261
1314276279
1314276296
1314276744
1318957405
1318958325
1318958621
1318958869
1318959316
1318962408
1318963621
1318964880
1319035539
1319163798
1319164492
1319164772
1319165162
1319165208
1319165951
1319166159
1319170444
1319171259
1319171350
1324482116
1324484095
1324484988
1324485249
1324491520
1324493131
1324493788
1324681683
1324682097
1324685150
1324683712
1324683720
1324684557
1324685835
1324685676
1324697684
1324698012
1324698362
1328634354
1328628188
1328629932
1328630223
1328630367
1328630609
1328631566
1328631740
1328631983
1366553141
1298038057
1359686622
1375221817
1205787518
1226995923
1313855711
1358612645
1252004119
1328625806
1334438547
1362486851
1251291506
1253668824
1300342283
1313238404
1317006432
1105085440
1257000182
1368231119
1316974262
1367375959
1206783039
1230313419
1253510149
1272238621
1272252911
1272288491
1272353105
1311056737
1286878900
1264028001
1310966699
1068254223
1133317547
1180174581
1258225857
1258532961
1302145570
1302798054
1303726559
1336002884
1338743255
1339461743
1424070089
1456757160
1480663043
1270807663
1446842764
1215516111
1227662702
1237641801
1267539394
1300239789
1316398639
1319164120
1319164471
1319166030
1319166195
1319166358
1319166370
1319170064
1324333420
1324334258
1324334592
1324336765
1324483510
1324484606
1324485353
1324485363
1324485375
1324485537
1324492395
1324492751
1324492853
1324492972
1324493166
1324681308
1324682272
1324683025
1324683386
1324684305
1324685637
1324684541
1324684903
1324686229
1324685158
1324686132
1324698148
1377088229
1427546987
1433864166
1478278479
1276820370
1371651104
1495971086
1133307251
1179176851
1208450840
1214221760
1214509718
1215627581
1217534253
1227028852
1227550730
1227557093
1230302969
1230314014
1235495699
1235584521
1235586095
1243870446
1244357553
1253041848
1258506870
1262459410
1263388683
1263463111
1272205651
1274000236
1283597009
1283621541
1286566070
1287910420
1289531105
1293668476
1295547006
1302788330
1304304706
1305461647
1311108451
1315127959
1317527670
1317880299
1322256588
1324664634
1328646411
1274061055
1471103363
1181273436
1205790176
1202372971
1204021202
1204075121
1205763290
1206619725
1207603016
1214054175
1214111798
1214145442
1214199330
1214206508
1214234141
1215242352
1215686321
1217290516
1217366861
1217546208
1217554669
1217560107
1217566677
1217574039
1217580122
1217598018
1217614636
1217642954
1217657518
1217663094
1217668792
1217680817
1217690169
1217704889
1218989770
1219034893
1220163896
1237653063
1241773294
1242791664
1253496636
1259578559
1259670851
1263475453
1274909251
1276551819
1276627985
1276658064
1276682515
1276750366
1277358906
1277792754
1284110893
1284130410
1291179686
1293352597
1295340416
1296391343
1296485451
1298110606
1304735594
1313240702
1314981513
1438978142
1228988509
1241778113
1274921739
1275020195
1335853222
1335859310
1335864049
1347216148
1370207544
1448280098
1180175151
1232369053
1274959136
1282799420
1293048916
1295560850
1298103167
1323577653
1268279836
1302133919
1288965879
1263748208
1229194935
1226992075
1268278458
1456767504
1357521689
1392296188
1541592533
1305260883
1358357130
1204053032
1258523626
1358357130
1204053032
1258523626
1321767114
1482540939
1257615257
1347021304
1352575758
1263597971
1215256141
1257732125
1260559730
1217527118
1241785283
1364310086
1199395413
1295613935
1257412950
1362305336
1240586129
1454976146
1035559616
1287764091
1317353936
1291959218
1317214249
1438107232
1316776768
1316792151
1424732002
1295537502
1442365014
1453255084
1456430314
1189142582
1286868892
1286874756
1286876865
1287042032
1287040606
1287041606
1287041689
1287043351
1287207322
1287211009
1287218816
1293825123
1293827035
1293831805
1293831925
1293835170
1293843975
1293845069
1293851067
1293863038
1293865704
1293866216
1293866660
1293868738
1294650530
1324485537
1324492395
1324492741
1324492853
1324492972
1324493166
1324681308
1324682272
1324683025
1324683386
1324684305
1324685637
1324684541
1324684903
1324686229
1324685158
1324686132
1324698148
1328628813
1328629206
1328630121
1328636298
1328637172
1329841246
1377088229
1427546987
1433864166
1450275896
1478278479
1276820370
1371651104
1495971086
1133307251
1179176851
1208450840
1214221760
1214509718
1215627581
1217534253
1227028852
1227550730
1227557093
1230302969
1230314014
1235495699
1235584521
1235586094
1243870446
1244357553
1253041848
1258506870
1262459410
1263388683
1263463111
1272205651
1274000236
1283597009
1283621541
1286566070
1287910420
1289531105
1293668476
1295547006
1302788330
1304304706
1305461647
1311108451
1315127959
1317527670
1317880299
1322256588
1324664634
1328646411
1331356313
1331487420
1331892327
1332406112
1333065809
1333429179
1338629765
1274061055
1471103363
1181273436
1205790176
1202372971
1204021202
1204075121
1205763290
1206619725
1207603016
1214054175
1214111798
1214145442
1214199330
1214206508
1214234140
1215242352
1215686321
1217290516
1217366861
1217546208
1217554669
1217560107
1217566677
1217574039
1217580123
1217598018
1217614636
1217642954
1217657518
1217663094
1217668792
1217680817
1217690169
1217704889
1218989770
1219034893
1220163896
1221595086
1232407125
1237605719
1237653063
1241773294
1242791664
1253496636
1259578559
1259670851
1263475453
1274909251
1276551819
1276627985
1276658064
1276682515
1276750366
1277358906
1277792754
1284110893
1284130410
1291179686
1293352597
1295340416
1296391343
1296485451
1298110606
1304735594
1313240702
1314981513
1325914332
1325914385
1325920045
1331873707
1333044390
1333045427
1333047168
1333047433
1333068732
1438978142
1228988509
1241778113
1274921739
1275020195
1335853222
1335859310
1335864049
1347216148
1370207544
1448280098
1180175151
1232369053
1274959136
1282799420
1293048916
1295560850
1298103167
1323577653
1336509042
1268279836
1302133919
1263748208
1288965879
1229194935
1226992075
1268278458
1456767504
1357521689
1392296188
1541592533
1305260883
1358357130
1204053032
1258523626
1321767114
1482540939
1257615257
1347021304
1352575758
1263597971
1215256141
1257732125
1260559730
1217527118
1241785283
1364310086
1199395413
1295613935
1257412950
1362305336
1240586129
1454976146
1035559616
1287764091
1317353936
1291959218
1317214249
1438107232
1316776768
1316792151
1424732002
1295537502
1442365014
1453255084
1456430314
1189142582
1286868892
1286874756
1286876865
1287042032
1287040606
1287041606
1287041689
1287043351
1287207322
1287211009
1287218816
1293825123
1293831805
1293831925
1293835170
1293843975
1293845069
1293851067
1293863038
1293865704
1293866216
1293866660
1293868738
1294650530
1304927580
1305259798
1305260700
1305261190
1305261751
1305269798
1305269852
1305270078
1305368438
1305365064
1305365115
1305365982
1305366107
1305367154
1305366700
1305367001
1305372512
1305374132
1305373938
1305469676
1305478389
1305480330
1305480435
1305479485
1306255073
1312005795
1312006198
1312006745
1312006903
1312007478
1312013606
1312014929
1312015038
1312048124
1312049217
1312050937
1312049789
1312049805
1312050000
1312050109
1312051234
1312059312
1312060193
1312060657
1312107784
1312119450
1312119466
1312119477
1312119578
1312119655
1313943707
1313944559
1313945172
1313945208
1313945464
1313954018
1313956332
1313955654
1314039629
1314039748
1314037692
1314038868
1314039164
1314039370
1314039462
1314039867
1314050734
1314048813
1314050397
1314153744
1314157921
1314158209
1314158214
1314158927
1314159551
1314271610
1314271616
1314272212
1314273117
1314274813
1314275517
1314275601
1314276326
1314276370
1314276902
1314279336
1314279243
1314699136
1318737336
1318735193
1318736062
1318736186
1318737455
1318742882
1318744338
1318743561
1318960545
1318959412
1318959483
1318959514
1318961229
1318959900
1318960083
1318960489
1318963587
1318965264
1318965678
1319170230
1319167828
1319168319
1319168413
1319168987
1324316281
1295336491
1295338997
1295343588
1295348095
1295357481
1295554908
1295567040
1295598876
1295618178
1296178656
1296258548
1296269774
1296273720
1296290626
1296307458
1296331463
1296344644
1296464554
1296473194
1296500134
1296524911
1296543333
1296556368
1296654284
1296678291
1296696954
1298011272
1298497778
1298538164
1301057712
1312832805
1328627450
1422087537
1227868337
1444987387
1228621345
1443421366
1317028681
1282774168
1285880795
1367591982
1389980707
1393362868
1436679821
1258480529
1305550232
1416224178
1214100479
1214190779
1226995440
1235583416
1241768203
1282825668
1291911836
1293406975
1296301797
1476916635
1316531032
1341277734
1410785702
1316531032
1341277734
1410785702
1416054511
1227554606
1257876265
1286888091
1287108192
1287108250
1287108393
1287109420
1287110148
1305211777
1305212728
1305212753
1305213344
1305256728
1305372791
1306257841
1311098000
1311098218
1311098304
1311098327
1311098473
1311302645
1311960513
1311961683
1311961694
1311961791
1311961930
1312059771
1313025003
1313026540
1313025877
1313025899
1313026547
1313296786
1313880903
1313881281
1313881373
1313881953
1313882039
1314047761
1314417348
1318962576
1321113104
1321113983
1321114007
1321114251
1321114340
1324237116
1324237999
1324238077
1324238462
1324239169
1324491803
1328640968
1328633413
1335629418
1478688966
1296532056
1296549754
1296662656
1296684278
1296690102
1298082983
1298090375
1298096010
1298113498
1298143414
1310601435
1312783374
1312816652
1312980049
1312996650
1313253411
1314161303
1317195253
1317213520
1317214672
1317214854
1323210247
1324773090
1328629688
1332233706
1333045518
1333045521
1333047734
1333046464
1333047050
1333058668
1335852182
1315019064
1456449526
1202342884
1204231125
1206631706
1210404687
1214084968
1214162016
1217147015
1217304010
1218036750
1218059603
1218065344
1218148725
1218972680
1218996802
1221977943
1227000757
1234213331
1237575183
1240604949
1240607785
1240612180
1241767877
1241776895
1246967081
1252073233
1253464718
1303975383
1303977542
1303977786
1305260766
1305260771
1305260792
1305261477
1305261946
1305262350
1305269841
1305269307
1305269707
1305269769
1305270047
1305359426
1305364181
1305364395
1305365046
1305366007
1305366393
1305366680
1305367182
1305367365
1305367744
1305373846
1305372097
1305372445
1305372807
1305373549
1305373741
1306253725
1311212989
1311213179
1311213500
1311213695
1311213841
1311213856
1311295800
1311297532
1311296387
1311296928
1311297225
1311297247
1311297328
1311297471
1311297556
1311297588
1311297974
1311301721
1311302618
1311302691
1311302706
1311303044
1311303536
1312007732
1312006214
1312006390
1312006408
1312007201
1312007245
1298538164
1301057712
1312832805
1328627450
1330032446
1332120260
1332179067
1332417563
1333056390
1338124684
1338138326
1338165706
1338170282
1338178277
1338241500
1422087537
1227868337
1444987387
1228621345
1443421366
1317028681
1282774168
1285880795
1367591982
1389980707
1393362868
1436679821
1258480529
1305550232
1416224178
1214100479
1214190779
1226995440
1235583416
1241768203
1282825668
1291911836
1293406975
1296301797
1476916635
1316531032
1341277734
1410785702
1416054511
1227554606
1257876265
1286888091
1287108192
1287108250
1287108393
1287109420
1287110148
1305211777
1305212728
1305212753
1305213344
1305256728
1305372791
1306257841
1311960513
1311961683
1311961694
1311961791
1311961930
1312059771
1313880903
1313881281
1313881373
1313881953
1313882039
1314047761
1314417348
1318962576
1321113104
1321113983
1321114007
1321114251
1321114340
1324237116
1324237999
1324238077
1324238462
1324239169
1324491803
1328640968
1328633413
1327034314
1327035221
1327036231
1327036241
1335475185
1335002409
1335003656
1335003761
1335696715
1335698262
1335698267
1335698335
1337399726
1337401381
1337402058
1337404736
1335629418
1478688966
1504194035
1198553761
1418095055
1410946577
1315786384
1407071247
1433737824
1303974021
1428895644
1227554352
1258218129
1318187531
1331438392
1228668270
1433944955
1474427097
1416637993
1475146634
1412925814
1443002710
1493158142
1435378677
1446465935
1293776763
1293792001
1313866455
1255446995
1287857412
1299949823
1276056303
1180768737
1286882601
1286884976
1286885013
1286886194
1286886268
1286887186
1287207853
1287209977
1287211903
1287212328
1287215790
1293824281
1293827833
1293829375
1293831561
1293837382
1293840979
1293843148
1293844027
1293845903
1293849585
1293853768
1293856206
1293859800
1293860041
1293863632
1293865074
1303974510
1303975383
1303977542
1303977786
1305260766
1305260771
1305260792
1305261477
1305261946
1305262350
1305269841
1305269307
1305269707
1305269769
1305270047
1305359426
1305364181
1305364395
1305365046
1305366007
1305366393
1305366680
1305367182
1305367365
1305367744
1305373846
1305372097
1305372445
1305372807
1305373549
1305373741
1306253725
1312007732
1312006214
1312006390
1312006408
1312007201
1312007245
1312014333
1312014829
1312014088
1312014151
1312014358
1312051045
1312049753
1312049950
1312049990
1312050096
1312050145
1312050169
1312050191
1312050220
1312051057
1312051082
1312057717
1312059257
1312059528
1312059595
1312060440
1312060550
1313944291
1313944460
1313944600
1313945290
1313946246
1313953107
1313953986
1313954771
1313954866
1313955633
1314036427
1314037281
1314037293
1314037556
1314039332
1314037944
1314038664
1314038845
1231212309
1339940325
1421446609
1461030257
1462509563
1440786302
1218081891
1355993329
1418107469
1546624632
1284438756
1395159822
1432299214
1436561139
1443580433
1446567531
1487167513
1241596747
1287098127
1287105096
1287106179
1287111268
1287206428
1287210336
1287210711
1287216296
1287216694
1287217116
1287217240
1287217762
1293839206
1293858863
1293869699
1293872040
1293872117
1293872567
1293878538
1293878984
1293950499
1305211510
1305212784
1305213493
1305261544
1305259828
1305261736
1305260574
1305260982
1305261682
1305261696
1305261852
1305268692
1305268907
1305268947
1305269327
1305269415
1305269962
1305270061
1305270633
1305368534
1311099530
1324334953
1324484321
1324486942
1324484716
1324484756
1324484774
1324484809
1324484978
1324486534
1324485719
1324486237
1324486556
1324489559
1324493534
1324491695
1324492018
1324492404
1324492774
1328621208
1327524779
1327524867
1327526240
1380246807
1199328948
1286934520
1421455576
1243851542
1249472916
1252029336
1252042401
1253475821
1281167558
1281357079
1281373327
1284428708
1284444583
1285880790
1291161713
1296152243
1312791014
1323033317
1332172764
1335473430
1336226155
1338133274
1339461451
1245420372
1338269181
1313549353
1352300102
1206789898
1206869963
1211598121
1217154464
1218976886
1231218754
1241778754
1268915210
1275270282
1275276642
1313943787
1313943816
1313944573
1313945235
1313945489
1313945638
1313955434
1313954204
1313954313
1313954357
1313954365
1313954396
1313954810
1313955579
1314037901
1314274084
1314274245
1314274945
1314275703
1314277910
1317915252
1317915283
1318737029
1318733517
1318734574
1318734615
1318735478
1318736070
1318737051
1318737361
1318741800
1318742686
1318742703
1318742780
1318744040
1318742876
1318743048
1318743351
1318960682
1321112222
1321112524
1321115433
1324238416
1324239071
1324240068
1324240358
1324315319
1324315861
1324315876
1324316518
1324317509
1324317765
1324317785
1324319036
1324329889
1324333194
1324333220
1324333894
1324334117
1324335070
1338617015
1338618633
1338619277
1338620034
1338620071
1338620721
1241779423
1293296539
1481465615
1348838272
1231212309
1339940325
1421446609
1461030257
1462509563
1440786302
1355993329
1418107469
1546624632
1284438756
1395159822
1432299214
1436561139
1446567531
1487167513
1241596747
1287098127
1287105096
1287106179
1287111268
1287206428
1287210336
1287210711
1287216296
1287216689
1287217116
1287217240
1287217762
1293839206
1293858863
1293869699
1293872040
1293872117
1293872567
1293878538
1293878984
1293950499
1305211510
1305212784
1305213493
1305261544
1305259828
1305261736
1305260574
1305260978
1305261682
1305261696
1305261852
1305268692
1305268907
1305268947
1305269327
1305269415
1305269962
1305270061
1305270633
1305368534
1311960523
1311960822
1311962233
1311962333
1312006449
1312006542
1312006025
1312006351
1312006380
1312006400
1312006526
1312007176
1312013399
1312013571
1312013726
1312013780
1312014109
1312014368
1312014953
1312015236
1312050268
1313881567
1313881692
1313882155
1313882288
1313945142
1313943214
1313943787
1313943816
1313944573
1313945238
1313945489
1313945638
1313955434
1313954204
1313954313
1313954357
1313954365
1313954396
1313954810
1313955579
1314037901
1314274084
1314274945
1314275688
1314277910
1318737029
1318733517
1318734574
1318734615
1318735478
1318736070
1318737051
1417807157
1275102841
1481456688
1238746988
1259391487
1277563993
1317081233
1360818868
1546665999
1439846884
1227067339
1449035027
1347369515
1391291388
1423935150
1441955149
1399929590
1048578485
1232376072
1287922062
1332395656
1250866678
1441888382
1446187783
1412848523
1287097616
1287101317
1287112387
1287215482
1293573515
1293577536
1293576514
1293577711
1293577796
1293857927
1293860162
1293863968
1293866161
1293869876
1293872608
1293876453
1293880806
1293881445
1293884357
1293887031
1303976246
1305198608
1305198695
1305199068
1305199174
1305200657
1305212010
1305213731
1305258671
1305259782
1305261647
1305260294
1305260314
1305260620
1305260671
1345046468
1208439780
1212215683
1215275558
1215493585
1217343082
1218045565
1219027228
1222081945
1234525711
1237528989
1237536322
1240589249
1240593052
1240596400
1240602134
1252323260
1259408308
1261157745
1264205208
1274234619
1275236383
1275288565
1275292695
1275444068
1275616261
1275627881
1276458302
1276515044
1276987332
1277017759
1277025884
1278080895
1278087060
1284423267
1284468352
1286958709
1287030449
1291031523
1293358679
1293389623
1294059668
1294708662
1294784458
1295271151
1296327636
1312827966
1312856126
1313323310
1313338035
1313362169
1313373539
1445578529
1328841244
1335477088
1334712210
1335054656
1335642050
1337909359
1271385605
1313086294
1313086924
1313087184
1313088773
1313089065
1313135289
1313871829
1313870974
1313871374
1313871384
1313871644
1313881008
1313881260
1313882194
1313943173
1313943320
1313943391
1313946136
1313944189
1313944497
1313944908
1313944973
1313945166
1313945372
1313945442
1313954060
1314272936
1314269812
1314271876
1314272407
1314273130
1314272708
1314274008
1314274264
1314274588
1314275457
1318733014
1318737131
1318733502
1318733604
1318737445
1318735183
1318735512
1318736210
1318736487
1318736841
1318736857
1318742859
1321103627
1321105491
1321106643
1321106656
1321107470
1321113708
1321114266
1321114282
1324222225
1324223225
1324226615
1324227047
1324239870
1324315727
1324315905
1324317228
1324317480
1324317517
1324317697
1324318392
1324318411
1324318441
1324318453
1324319477
1324334540
1255487975
1207507270
1207578609
1207871435
1221520211
1227456776
1243707060
1246641193
1275043838
1275604374
1275610868
1276781406
1276811120
1276830513
1276849668
1277012603
1281243238
1281359928
1284161817
1284220298
1295362807
1295442903
1295446917
1298004058
1309906388
1317911328
1324220823
1339305928
1449214570
1487264844
1442902360
1105253662
1217715749
1218636237
1227010622
1227088273
1230725340
1234109044
1234153173
1236238281
1237000338
1260438730
1260458934
1260592567
1267739326
1273605869
1273615164
1267739326
1273605869
1273615164
1273624215
1275244576
1275260162
1276503201
1276978429
1276992222
1284457895
1295244820
1295360532
1295375113
1295439081
1296549204
1317893532
1312847207
1313057596
1313116029
1313298849
1314002969
1314731361
1318057531
1438829680
1121637601
1311019351
1311062244
1317450194
1334506123
1366912343
1426135596
1406914703
1271386351
1325255712
1368488677
1393997457
1456609165
1473796794
1463877857
1466348372
1236113151
1252225189
1260445142
1292852977
1312001939
1313021065
1313043491
1313132874
1305276892
1401058336
1258481520
1278106422
1304972163
1314071431
1373017268
1258022736
1287936625
1295307065
1319122587
1329242490
1338399437
1426123354
1495462507
1258479063
1289384897
1451361945
1247798287
1522938346
1231145377
1449761832
1500224305
1289019030
1411690464
1230768638
1479215770
1500145238
1229490271
1252344603
1287097213
1287100699
1287103081
1287103963
1287107736
1293575702
1293578129
1293577599
1293577737
1293578758
1293579751
1293860722
1305198689
1305199934
1305199944
1305200412
1305200539
1305200800
1305212930
1305212794
1305213450
1305214831
1305214342
1305262038
1311084430
1311083205
1311083321
1311083472
1311084138
1311084758
1311098508
1311098645
1311098792
1311098967
1311098997
1311213472
1311957932
1311957380
1311957387
1311957413
1311957659
1311957737
1311962438
1311962455
1312007430
1313006370
1313006693
1313006871
1313007277
1313007747
1313007887
1313027029
1313026938
1313025655
1313027648
1313027740
1313087679
1313871533
1313870096
1313870410
1313871257
1313871301
1313871438
1313880719
1313880807
1313881645
1313882539
1313882242
1313945006
1314270069
1314270081
1314272066
1314272160
1314272365
1314272548
1314275637
1318735859
1321105481
1321105486
1321105775
1321105780
1321106255
1321112723
1321115041
1321114245
1321115553
1324223003
1324224221
1324224995
1324225509
1324225744
1324226668
1324237873
1324240546
1324239576
1324239960
1324240639
1324319342
1328645793
1414862707
1444504575
1243902592
1389977327
1236113151
1252225189
1260445142
1292852977
1312001939
1313021065
1313043491
1313132874
1305276892
1401058336
1258481520
1278106422
1304972163
1314071431
1334997517
1334999062
1334999188
1334999389
1337410388
1337410676
1337411539
1373017268
1258022736
1287936625
1295307065
1319122587
1329242490
1338399437
1426123354
1495462507
1500671722
1258479063
1289384897
1451361945
1247798287
1522938346
1231145377
1449761832
1500224305
1289019030
1411690464
1230768638
1479215770
1500145238
1229490271
1252344603
1287097213
1287100699
1287103081
1287103963
1287107736
1293575702
1293578129
1293577599
1293577737
1293578758
1293579751
1293860722
1305198689
1305200800
1305212930
1305212794
1305213450
1305214831
1305214342
1305262038
1311957932
1311957380
1311957387
1311957413
1311957659
1311961189
1311961619
1311961775
1311962438
1311962455
1312007430
1313871533
1313870410
1313871257
1313871301
1313871438
1313880719
1313880807
1313881645
1313882539
1313882242
1313945011
1314270081
1314272066
1314272155
1314272365
1314275637
1318735859
1321105481
1321105486
1321105775
1321105780
1321106255
1321112723
1321113126
1321114245
1321115553
1324223003
1324224221
1324224995
1324225509
1324225744
1324226668
1324237873
1324240546
1324239576
1324239960
1324240639
1324319342
1328645793
1326265113
1326267736
1326266860
1328645793
1326265113
1326267736
1326266860
1326267569
1326267655
1326268276
1327032312
1327032698
1327033677
1327033711
1327033864
1327034058
1327036544
1327035689
1327035942
1327036354
1328654746
1328656368
1328656766
1414862707
1444504575
1243902592
1324737972
1207538041
1207222850
1207648975
1271386157
1278608320
1281144611
1281180047
1281248633
1289188411
1312000192
1312000583
1312002030
1312170799
1314869050
1314869308
1314869744
1314870235
1315361973
1317886737
1330525478
1334503421
1334581860
1437413958
1264933102
1397429825
1398367949
1388839731
1366499437
1410194851
1425185506
1446650700
1226993157
1228293964
1230747888
1240455234
1240455790
1240460385
1240465705
1240466923
1271385292
1271386172
1301069376
1306000752
1309447431
1312001931
1322445697
1325256703
1325257533
1369036081
1335471083
1335468217
1334838527
1336202977
1336205523
1339418229
1365083301
1295596775
1444550455
1199446112
1253968685
1232384260
1260938571
1289396088
1307688874
1368418569
1420863894
1446251129
1454516968
1456785077
1463415943
1276018837
1313090985
1369574061
1303794577
1323246516
1392500084
1276027066
1276015249
1276029298
1276043339
1227168222
1319966197
1334396876
1377554949
1433757172
1217890546
1419791286
1479250055
1359722960
1384296243
1259574384
1546555192
1269148526
1275397421
1546711489
1109627447
1227031683
1229757936
1230718366
1235498841
1236105028
1236327666
1237532783
1240459020
1240465376
1242997875
1243098698
1257051578
1257864868
1258912422
1259373507
1269075393
1269635514
1273636702
1273654101
1275360192
1275425305
1276437131
1276997315
1278075205
1278205792
1297993893
1305854897
1318055724
1318173396
1330446150
1416402831
1257592278
1305822172
1330431355
1341968691
1355008822
1354404808
1369861507
1391759810
1432894913
1292836628
1384320378
1227111363
1234577896
1247690186
1258307023
1276011057
1279395091
1299719897
1305840458
1312838040
1267134458
1385025210
1218619622
1243850538
1287110762
1305211612
1311098669
1311961606
1313026586
1314273608
1314273988
1314274137
1321105568
1321105789
1321106093
1321106852
1321107500
1321107842
1321115537
1321115469
1324226590
1324226686
1324226988
1324227253
1324227292
1324227546
1324227848
1324228145
1324240740
1324239208
1324240119
1326267923
1326267945
1326267987
1326268517
1327032702
1327035142
1327032824
1327035231
1327034650
1327035679
1327035784
1329604312
1339646388
1306169063
1305046620
1087563561
1227003468
1238030737
1247902701
1249505236
1254651783
1258459451
1258495493
1266433772
1277843314
1277859822
1279535592
1281225285
1284199037
1284218983
1306000443
1312000319
1312001941
1313010835
1313104905
1313259239
1315206487
1315409989
1316301039
1316344118
1316378131
1324551483
1336210248
1455389069
1271386859
1315554494
1315073984
1333146918
1412057490
1416054087
1437740081
1500596898
1338029733
1199249563
1217707923
1221840827
1221987668
1222074875
1227004045
1227031683
1229757936
1230718366
1235498841
1236105028
1236327666
1237532783
1240459020
1240465376
1242997875
1243098698
1257051578
1257864868
1258912422
1259373507
1269075393
1269635514
1273636702
1273654101
1275360192
1275425305
1276437131
1276997315
1278075205
1278205792
1297993889
1305854897
1318055724
1318173396
1330446150
1333465695
1335490539
1335400997
1337523243
1335402571
1334824218
1335840027
1336215646
1435873774
1338544014
1416402831
1257592278
1305822172
1330431355
1341968691
1355008822
1354404808
1369861507
1391759810
1432894913
1456989978
1292836628
1384320378
1227111363
1234577896
1247690186
1258307023
1276011057
1279395091
1299719897
1305840458
1312838040
1267134458
1385025210
1218619622
1243850538
1287110762
1305211612
1311961606
1313880924
1321114360
1324239441
1328624937
1327034125
1278603228
1513400639
1338472486
1258717167
1238852465
1288167799
1385493702
1477023123
1399631528
1462832010
1312736539
1270510185
1348165298
1412250319
1276036636
1329599309
1329610443
1385059324
1251237313
1348153432
1475770885
1391342461
1450911945
1500179507
1304490181
1199453013
1230656750
1238941702
1238941921
1242673424
1248319833
1260429043
1275576579
1275591730
1276465342
1277007006
1278571248
1350334031
1292689743
1302474839
1305042853
1431164546
1312823212
1312985738
1312999814
1313005027
1313314937
1313340099
1313357116
1313374511
1318175733
1339675836
1354784071
1420809102
1424515854
1455401367
1483451704
1180876488
1227000625
1327825856
1383191759
1426004550
1411650231
1258412070
1278143389
1278161091
1278308626
1278582002
1278597718
1303333038
1500676915
1212589591
1225732632
1267487169
1313006109
1257809342
1259665553
1520993141
1351196335
1325099184
1392438720
1291852158
1356022660
1382044997
1392192736
1314273565
1314273587
1314273791
1314274203
1321103408
1321105600
1321105814
1321106283
1321106554
1321106670
1321106703
1321106895
1321106951
1321107139
1321107836
1321114732
1324228229
1324225001
1324225779
1324225797
1324228129
1324226357
1324226384
1324226700
1324227012
1324228342
1324227406
1324239082
1326265094
1326269131
1326267680
1326267696
1326268673
1326269350
1327033998
1327034633
1327034253
1327034540
1327034623
1327034746
1327034941
1327034969
1327035300
1327035475
1466833966
1471628878
1274002103
1278577358
1217886684
1243687276
1246985253
1247273693
1250860196
1254644666
1257614740
1257615873
1259597307
1263777726
1275084386
1275332692
1275347702
1275354456
1276794529
1276842043
1281389103
1291698633
1291924399
1294429983
1295303009
1295458539
1295489639
1298716918
1312610611
1312990145
1315420665
1316333559
1323417872
1324355208
1324702038
1330521337
1334391766
1334394521
1335243169
1335259746
1335185233
1337410908
1389655515
1415533430
1426630726
1450657636
1393983494
1278565312
1084939846
1199453013
1218073498
1230656750
1238941702
1238941921
1242673424
1248319833
1260429043
1275576579
1275591730
1276465342
1277007006
1278571248
1350334031
1292689743
1302474839
1305042853
1431164546
1312823212
1312985738
1312999814
1313005027
1313314937
1313340099
1313357116
1313374511
1318175733
1291810871
1291858574
1293439134
1298811196
1307565309
1312945693
1312981399
1315032563
1316102694
1316114843
1316119419
1316120152
1316370385
1317923253
1318519148
1321266933
1323860318
1324508237
1324623256
1331466804
1351445654
1351086673
1361338506
1394607044
1416343649
1417384438
1228623970
1234329793
1234331146
1237213802
1256901035
1283607364
1284017750
1295600839
1296568767
1296759450
1296831524
1298716811
1310141341
1313498953
1316615498
1420631765
1416918272
1472587990
1235017135
1240258811
1313593861
1322321357
1323510313
1298128547
1228594637
1278034908
1421470490
1424192617
1443422249
1342379899
1238755086
1275374940
1429266750
1455249687
1477485619
1234500243
1218171766
1257742294
1281750667
1472645272
1254379695
1258435760
1446500375
1467952156
1539119304
1227106200
1351250955
1356024236
1443422303
1358063369
1441686797
1457921394
1351322750
1255500012
1424827358
1225232526
1207201937
1237142927
1255516141
1349595295
1312819028
1316243653
1317073830
1422122398
1428541653
1238943272
1375999977
1317055843
1417499882
1454688304
1520993149
1534265342
1234492389
1235582229
1235681666
1237567448
1237580606
1241087196
1253059567
1264157531
1264215554
1267795563
1268043226
1268897777
1274485243
1276804844
1282630852
1282643457
1292315274
1292689819
1293457142
1294814770
1295523350
1296148521
1302973330
1313374446
1315161431
1315320080
1315407650
1316321769
1316362505
1317077150
1320822398
1320887986
1320915535
1320947824
1321112562
1321144243
1321289730
1324209895
1324301631
1324685583
1437097551
1230308320
1230317193
1232358708
1235519953
1238925567
1238943452
1246650571
1248581328
1258422872
1258466923
1258510552
1302151172
1302166104
1306106481
1306106505
1306106963
1306107214
1306107850
1306107880
1314041217
1316536233
1316582455
1318157990
1318457870
1475947502
1321541117
1350014071
1458960670
1207222881
1246047202
1273269203
1379268962
1276065178
1227027666
1275064848
1275077414
1315095292
1458944807
1235663837
1258488867
1263790515
1315032562
1316102694
1316114843
1316119419
1316120152
1316370385
1317923253
1318519148
1321266933
1323860318
1324508237
1324623256
1329293099
1330451638
1330479999
1331184050
1331466804
1335498639
1334753689
1339430092
1351445654
1351086673
1361338506
1394607044
1416343649
1228623970
1234329793
1234331146
1237213802
1256901035
1283607364
1284017750
1295600839
1296568767
1296759450
1296831524
1298716811
1310141341
1313498953
1316615498
1335554683
1334845695
1420631765
1416918272
1472587990
1235017135
1240258811
1313593861
1322321357
1323510313
1298128547
1228594637
1278034915
1421470490
1424192617
1443422249
1342379899
1238755086
1275374940
1429266750
1238924914
1238925607
1238926008
1238926485
1242851588
1238941826
1241724391
1250790758
1265772504
1292019156
1295529210
1296508709
1296761479
1300543532
1309612223
1310987224
1312537853
1312537902
1312539181
1312539492
1313821991
1313822096
1313822523
1313823183
1313823311
1313823383
1313823733
1313823871
1340671828
1372623828
1396164334
1426074204
1348790205
1230350268
1361704270
1417833805
1244690844
1225821555
1272605037
1273237998
1388790418
1338451399
1360342585
1366042600
1313934011
1505585351
1273351252
1331354613
1420836589
1330410219
1338290592
1520986420
1359798638
1379262093
1261179653
1308607029
1316301529
1332431576
1333219849
1366402166
1367675891
1370695266
1372269536
1419424005
1281576186
1392503186
1477749245
1444146431
1333093969
1450911977
1261192239
1226705410
1264802102
1246672932
1250460441
1261169675
1308796077
1309825407
1313583707
1315018693
1315094356
1317060244
1322435736
1324573704
1324605398
1325256406
1325256589
1325256702
1325256785
1420839011
1485155262
1234386247
1243117417
1244702972
1266924041
1392091692
1244130404
1250791491
1349001018
1250416286
1507810256
1305014326
1428849667
1367867616
1314067013
1308549660
1311510750
1427698994
1458718945
1333025938
1340768452
1392508974
1403173581
1507789695
1471887083
1291124198
1332140076
1517455981
1250847483
1250429849
1350014071
1458960670
1207222881
1246047206
1273269203
1379268962
1276065178
1227027666
1275064848
1275077414
1337584730
1337588497
1315095292
1458944807
1235663837
1258488867
1263790515
1272515172
1280074300
1309141169
1309762256
1225386101
1246637238
1275102844
1380588828
1207203698
1420656850
1543336670
1359285908
1445299006
1230562640
1279920102
1379752324
1448221156
1543334884
1311010043
1444662319
1238931168
1320774346
1402929805
1321263896
1444707828
1207150322
1324272241
1426065689
1454571664
1321057743
1333594887
1420858841
1251099390
1400204007
1432845978
1467073477
1475347291
1370009608
1381377927
1413249699
1183019717
1226242924
1237184591
1241377095
1246775302
1257146858
1268164379
1278542486
1280042907
1282180260
1282566166
1291908251
1302701048
1316470768
1316763748
1321233420
1324393747
1324591612
1326344677
1329429089
1331364675
1332396804
1332410682
1337400368
1334951312
1335592241
1238924815
1238924879
1238924914
1238925607
1238926008
1238926485
1242851588
1238941826
1241724391
1250790758
1265772504
1292019156
1295529210
1296508709
1296761479
1300543532
1309612223
1310987224
1312537853
1312537902
1312539181
1312539492
1313821991
1313822096
1313822523
1313823183
1313823311
1313823383
1313823733
1313823871
1326641537
1333283609
1335471194
1340671828
1372623828
1396164334
1426074204
1348790205
1230350268
1361704270
1337485710
1417833805
1435304851
1244690844
1225821555
1272605037
1273237998
1388790418
1338451399
1360342585
1366042600
1313934011
1505585351
1273351252
1331354613
1420836589
1330410219
1338290592
1520986420
1359798638
1379262093
1261179653
1308607029
1316301529
1332431576
1333219849
1366402166
1367675891
1370695266
1372269536
1419424005
1426394817
1281576186
1392503186
1477749245
1444146431
1333093969
1385041298
1261192239
1226705410
1315018693
1264802102
1246672932
1250460441
1261169675
1308796077
1309825407
1313583707
1315094356
1317060244
1322435736
1324573704
1324605398
1325256406
1325256589
1325256702
1325256785
1328803164
1329257065
1331296124
1333113011
1420839011
1485155262
1234386247
1243117417
1244702972
1266924041
1331356338
1333054627
1392091692
1244130404
1250791491
1349001018
1250416286
1507810256
1305014326
1428849667
1367867616
1314067013
1308549660
1311510750
1427698994
1458718945
1333025938
1340768452
1392508974
1403173581
1507789695
1471887083
1291124198
1267487169
1332140076
1517455981
1250847483
1250429849
1332556085
1338288804
1485155257
1225709471
1268750381
1338291135
1317476310
1474717344
1244448058
1381524220
1251518853
1408843196
1430002334
1246114752
1326246841
1246081313
1272445961
1332601715
1338288814
1244128360
1268787567
1328769893
1377037236
1316585587
1316800233
1316809777
1319301532
