927422
835967
609023
802369
644169
609019
598630
1104700591
1383908066
754114
1512895670
1388847230
1281899303
802362
1311451852
1434662076
1409632276
1332506
1332511
802355
1285398934
629361
1334710548
552418
1472453027
629376
1388832354
754116
629368
573072
629359
730451
743821
629371
1332475
1051415066
1332490
743811
1378433079
1467575811
1123674370
1432613571
1332494
573069
1514739114
1039634261
1017924442
1205557396
1247986315
1334300438
1235457369
1334292571
1235329816
1016104914
1045747122
1525306877
1332497
1075325660
1385965079
1478600514
1249522704
1369473769
1236905043
1436761658
1542514221
1205549384
1517660811
1183897488
1366917990
1123537901
1236408203
1257907991
1327028026
1378304077
1465001071
1507934072
1432613568
1186810084
1273982039
1327310095
1369462000
1393126865
1432630710
1498161842
1523721720
1531532786
1543344761
1210800704
1346069890
1351967760
1422109177
1457509900
1256912008
1391142783
1432633731
1543321277
1449157313
1229366270
1162746151
1311456852
1311461469
1327320222
1375222357
1432611805
1432628609
1447768624
1123240610
1162721638
1288509478
1293153366
1334306227
1334717803
1349427701
1369454948
1381272824
1432610120
1432612287
1432612581
1432614335
1553398610
1505511347
1538502798
