856217
1257016174
573055
1020101921
774510
935672
573048
676188
1421387676
312535
1273145399
1439858353
166794
1356906109
632585
312530
972893
312531
573054
1191687
1332410
1445494076
1123736
1347565955
372438
1159248
186680
1000569559
232337
879726
730431
1162099
1186361243
1014753
1293220
652867
573064
676191
879751
1242584
1306018173
1256396
669609
1004771747
1332414
232336
676190
1376783359
1470979739
1335685
1317688777
822670
1247858002
573053
856231
1129035782
1457987001
1515950327
1014207498
856228
730428
1293223
692504
676204
692509
1464385585
1204620334
1131948
1447029507
1207802940
1394846726
913654
856242
1335686
774508
1050205568
879732
1386443908
856221
879739
652901
644186
652864
644187
1431795989
1352625264
1359948
1222207260
1271913039
1012269842
609032
652821
1406818005
1287393738
1316323497
644192
1329773701
856201
1332194
1269941850
1149282
730412
1278871283
1326357
1473780746
1032096410
1428710052
609024
856220
1206768455
1492484015
730443
856226
1491331006
1306628
856240
1085669061
1383463420
716560
1461684974
879746
913595
1020084728
1405788738
1471418839
1304665242
1398439241
1351542040
1091450079
676192
692475
1160687311
1178383288
1258894478
1126268335
1162105
1400138693
1415944987
1484170865
1099116389
1484882891
1112597661
1341890982
1022175393
1104510571
1321507816
1046925433
1020083160
1410869578
774511
913653
1525351111
1061294644
1347499006
1237312156
1173388190
1328871469
1230303
1027701984
676193
716555
1228739085
1471069684
1056995230
1159249
1115261627
1434514056
1283952752
1305983450
1313439561
1474310258
1084463279
1392695349
1269890822
1471400101
1288828375
1409992915
1387280612
652859
1084503662
1329211674
1408408070
652872
1487600298
1438122458
1428799
609028
927426
716434
1139844443
1321501046
1447336945
1288666102
1307753
1211547450
1106336508
1061276437
1014713006
1499139721
1478134611
1100157953
1378905685
1162662370
1054589632
1269115701
1146431063
1413806595
1374559361
1442443732
1235504970
1516770341
1191505261
1073557452
1336343548
1266803582
1395158777
1235053523
1391136590
1287674451
692489
1336387382
1460758721
1482355390
1438614689
1230298
1436650347
1020590527
1387868359
1014705992
1530149074
1344884464
1328860737
1351363823
1485291515
1412698680
1448757052
1212833228
754119
1015406576
1198204769
1533526323
1255454246
652856
1084471298
1490241548
1396365653
1474307716
1073557000
1528900836
1392870428
1199414789
692456
1358327953
1094777520
1182672376
1082857877
1473788846
1411295803
1483361507
1258848735
1471363876
1145518623
1073557479
1412975645
1200476384
1073113748
1411568892
1099811
1099810
1450316802
716501
1199718460
1491758869
1205446346
1435345343
1266642099
1082035355
716551
1091119238
1175628468
1122909240
1409924913
695997
1109989
1181859499
1275063436
1346542062
1100363636
1145438593
1073557470
1322894198
1366551210
1073927442
1453524478
1448881874
1415261705
1253796631
1400659526
1109992
999077
1453580434
1249279762
573050
1016549334
1230251708
1327490999
1109996
1175638007
1109987
1082081496
1441126265
1109986
1145634
1160300739
1082021718
1145631
1295689863
1109988
1109984
1486358327
1486851905
1077349564
1431598036
1400656498
1543267194
1475809
1128015496
1273419724
1476122
1228741482
1476172
1476135
1199897223
1452856594
1106528519
1195374762
1292050427
1240921364
1476112
1475936
1406859116
1472584869
1028258266
1427104673
1334075365
1223343472
1466052385
1143432384
1078135335
1541014320
1178220861
1179161819
1437386
1343097784
1276459381
1459199788
1367573214
1215731952
1261558179
1443025647
1399941580
1004766141
1152778713
1191539668
1515722922
1530689371
1098318953
1230277739
1365435838
1385286287
1428670009
1014464655
1082093457
1160006500
1198907938
1519100299
1231250936
1231482280
1406840834
1241785729
1315455700
1437862
1108084090
1167729880
1155493747
1329149774
1437714
1036923025
1274284571
1365434818
1437834
1010730282
1087203290
1187763394
1152775246
1191541354
1227674028
1430336425
1014705272
1022967382
1082028781
1162127597
1192713430
1437245
1033924752
1084518590
1079209869
1139177922
1153538938
1178001802
1222656371
1282449266
1378822291
1435785437
1475873
1076072559
1232091821
1236184600
1322893924
1477593462
1542489007
1169614079
1210762508
1437560
1437702
1218384980
1240126790
1265785246
1411890621
1027720360
1060122252
1159348545
1191482149
1271835622
1322080728
1099809
1166920502
1179435561
1204436889
1395971593
1437841
1100119024
1156961460
1191519342
1387022570
717821
1024839578
1136905838
1437202
1437411
1475840
1033241360
1080947657
1083212968
1084586566
1231019999
1304525135
1314046463
1427370127
1441121469
1100670801
1187531300
1008376623
1013975047
1179437904
1059631540
1437893
1195237376
1374973829
1378861846
1428801
1195516025
1393883330
1183602246
1084376623
1437844
1191506816
1315461152
1437879
1021179605
1522762250
1454284709
1372204037
1206350
1189144742
1157211642
1372213924
1004591895
1134326025
1158955796
1206936225
1356605469
1178302530
1273392486
1372058379
1454272036
1464963742
716540
1182616782
1383786664
