1522155531
1155585815
1534455100
1353250643
1283922463
1417965667
1217162128
1443522136
1235446897
1470725570
1480748626
1460585181
1519962879
1533233074
1448800208
1421363367
1526013143
1541961271
1541544280
1332506417
1394367844
1192887014
1440101873
1345703934
1103452339
1470321908
1367348514
1222660571
1361279849
1474121203
1204401739
1474010278
1114326916
1422271087
1421642327
1522996509
1292445159
1307750959
1282150016
1482848805
1507292293
1463758621
1113722025
1478090252
1061019250
1220840746
1435429766
1542705549
1229908538
1350024257
1386106099
1063632322
1463758060
1523003634
1192693621
1221867010
1262911351
1527478605
1235465353
1378715249
1540868062
1421680974
1241387781
1485839297
1372259006
1231270127
1220698821
1173875918
1346719933
1518636379
1488959998
1102071972
1432078561
1186292611
1054542130
1484622559
1446477425
1308987183
1502886295
1482706042
1041491267
1519306511
1335548551
1091699740
1221894038
1531033746
1348288593
1288103921
1367345474
1397338631
1102702896
1117531184
1308051880
1179465899
1325059456
1381941775
1519119060
1287425016
1508157659
1514618781
1045678149
1102604482
1389801508
1359991833
1217240276
1371280579
1221905489
1187134282
1351525942
1436440023
1262618833
1113109040
1406046787
1519313085
1026033794
1438843728
1161606554
1423655046
1448809685
1350327402
1352333550
1307721362
1480512471
1416447089
1050822076
1497190579
1084548789
1468800018
1511870839
1361677996
1499054199
1179532342
1432074554
1340498015
1473146592
1508153561
1340654765
1502048916
1087717875
1267941877
1359527040
1271614545
1422224645
1422145000
1322551530
1333085500
1511627500
1490394859
1313084822
1219124505
1271643493
1155562922
1310158264
1474325929
1514954772
1146764562
1299813541
1411129336
1133906852
1109056705
1195522780
1298507393
1231946101
1462029005
1308657896
1075662576
1084325487
1446681304
1504081569
1456410588
1262981872
1242640822
1242603919
1367392609
1372335198
1422327625
1382014882
1381636712
1161617632
1307450251
1117382377
1498007289
1519811926
1506173725
1263307918
1521114122
1171192066
1442148680
1481896766
1434576163
1316986520
1240265139
1535239301
1497785663
1476875560
1446790664
1520629355
1536825502
1522107488
1200425529
1422187644
1545029471
1200345318
1528779257
1473548362
1510625580
1533457953
1533464009
1533460225
1533468849
1199718933
1260817631
1545022088
1520658747
1340270243
1539372502
1384698333
1396939697
1419608225
1332998522
1425026867
1258874731
1327937660
1473128447
1192225289
1421612025
1429890966
1500495367
1519305124
1225416971
1200794488
1375879067
1266353795
1437126146
1199731202
1461272239
1214542575
1438553755
1531956824
1429870293
1328523979
1384524519
1225321221
1072397883
1341851949
1065030508
1289622770
1102941488
1335551970
1396966298
1473515164
1178420555
1261049377
1012723760
1434574380
1347101408
1450376849
1456422784
1482814815
1341792889
1407736779
1372326300
1316765572
1380830160
1391312814
1081874972
1460641918
1060941486
1141257875
1212195048
1497177790
1381183313
1208021848
1411920128
1081879018
1103789856
1176605427
1270211994
1237991668
1064691133
1368198155
1426811574
1315524481
1483450997
1016443477
1111285292
1141987850
1247312242
1308505502
1464436165
1256549589
1268976718
1523203580
1127566028
1419349273
1314261633
1224115157
1350269563
1432052509
1088412534
1155945711
1503161408
1411539989
1316472115
1376676641
1502054125
1519948488
1532387293
1034609783
1112656338
1113667092
1264987330
1218105535
1240289658
1315494795
1325075441
1339266770
1483397894
1057219245
1213593142
1257676733
1278273990
1356550649
1033600272
1083040855
1179743785
1238796998
1249105227
1252795336
1314825485
1421761873
1535534991
1206581713
1150815954
1179102830
1221880948
1343418682
1443319470
1472599312
1505455340
1022295056
1030584846
1035469984
1040690947
1108877001
1123710088
1145823995
1198448158
1267874055
1476087424
1510869883
1031558781
1522740822
1226614971
1155992370
1160591287
1361719739
1358092450
1362971284
1451238619
1478097948
1503978431
1103119183
1202551541
1068134780
1068137290
1100520486
1104346271
1209117010
1246766438
1252574999
1307784264
1537167065
1071292499
1147507286
1200332059
1352948729
1237726585
1265306894
1275729964
1308903816
1348674681
1431888064
1525533064
1103139030
1037518575
1076228033
1069176080
1089375012
1316923329
1357962640
1397157876
1407945434
1411669203
1063747322
1118974684
1295270004
1314657629
1351752339
1334721543
1340844268
1501917959
1523911051
1231544167
1276387594
1415278399
1421693377
1032738275
1064965515
1070548588
1139296379
1108135597
1253820899
1270238066
1282758560
1358001695
1453822627
1074354185
1173151853
1233059974
1296617780
1355893012
1316969776
1330847690
1335039186
1431854773
1072076014
1177133724
1339898180
1476397315
1112595589
1016737538
1304582609
1361845975
1325086104
1341551057
1178052344
1182801179
1221891041
1259125376
1451840156
1513130363
1064820883
1155903419
1416266944
1333153475
1334959916
1059999378
1214041536
1222167002
1228342785
1269488218
1331197393
1383710135
1522534168
1048920960
1136666353
1323014278
1389448562
1047427143
1035565227
1059988815
1059990570
1063158791
1065241859
1031582314
1382028999
1060219598
1241538583
1231547142
1536539312
1287469387
1296633907
1353849083
1364147534
1372355569
1473542603
1497956737
1032682350
1023987960
1143029340
1255954852
964830
1025375891
1031608176
1430826353
1282125115
1317961631
1421291761
1458073675
1505309968
964837
1203503417
1117336038
1256582840
1256585843
1478095913
1497858700
1526761439
1544451040
