856217
573055
774510
935672
573048
676188
972891
573054
1332410
1159248
879726
730431
1162099
1014753
1016993668
1293220
652867
573064
676191
1242584
669609
1332414
676190
1335685
822670
573053
856231
972896
856228
730428
1379663402
1293223
692504
676204
692509
1131948
1047022210
1380273
913654
856242
1335686
774508
879732
879739
652901
644186
652864
644187
609032
652821
644192
856201
1332194
730412
1326357
609024
856220
730443
856226
753184
856240
716560
879746
1380259
1070893894
676192
1428808
1233242
692475
1428806
1162105
1233237
774511
913653
676193
716555
1159249
652859
652872
609028
927426
716434
1434621351
1180397338
692489
1087061427
754119
652856
692456
716551
695997
1395239678
1223949512
1396624485
1085340191
573050
1438632498
1249253
1180389545
1391849599
1391817764
1398410961
1031732776
1141752028
1204383696
1437245
1013205144
1039933357
1437878
1315802709
1065787997
1027458300
1409283782
1497752254
1339507042
1437879
1206356
716540
1328293392
1487446911
1315824050
1437518
1468415
1305819884
1424129892
1046459773
1147517740
1206378
1436928
1437376
1046542218
1180399706
1184056352
1232784193
1409270505
1426066564
1452491242
1547957299
1548531735
1549530774
1549697638
1242620
1400592545
1237809403
