856217
262469
573055
774510
935672
573048
676188
312535
632556
1425019896
632482
1387759588
312530
972891
312531
262467
1083746722
573054
1191687
1332410
1474670346
166793
372438
1159248
186680
1353166853
1066717519
900337
232337
1212855
1065230912
632569
879726
730431
1064949215
1162099
1139997769
1014753
1293220
652867
573064
676191
1242584
1076745986
1256396
1082000261
669609
1263750688
1332414
232336
676190
1165834091
1321389800
1335685
1002541549
1021785661
1471272250
822670
1022582574
1088991962
573053
1412332310
856231
1085522462
1212866
1220849896
1326389831
1344077318
1314513917
972896
856228
730428
1293223
692504
676204
1091961643
1171724903
692509
1207277215
1131948
1267547665
1380273
913654
1417992445
856242
1335686
774508
1172771457
879732
1392514241
856221
879739
1166336522
1380161737
791281
652901
644186
652864
644187
1359948
1266853178
1302402176
1123776171
609032
1077641047
1478185132
1031314071
652821
1394844259
1004730756
644192
1085113648
1100948545
1424139056
1433950893
856201
1332194
1124828429
1376775839
1260814
1004748881
1064480341
1270284924
1149282
1036244989
1052789840
730412
1480235329
1027273602
1326357
1296383456
1053441814
609024
856220
1222248853
1384714378
730443
703475
1191463396
856226
1079253
1171459070
1003738169
1306628
753184
1042430235
1314059080
856240
716560
879746
1017096668
1380259
1520960356
1180314474
1273688865
1066014743
1078873542
1312239726
1409270453
676192
632586
1428808
1233242
692475
1462158775
1428806
1271143049
1002625429
1162105
1409264841
1433630525
1040107387
1343418686
1233237
1206659456
1468807592
1085879368
1199653614
1018980429
1367000493
774511
913653
1019521304
1521601851
1282698170
1076025566
1083637546
1018016825
1230303
1222687949
1002894858
676193
1021854985
716555
1159249
1185078200
1077561329
1155370384
1288237135
1212520625
1142611006
1268498455
1481199248
1485134993
652859
1212860
1145651733
1031210243
1226134353
1087384024
1471444094
1471211717
1411881549
652872
1490495301
1035301940
1100356456
609028
927426
1460853782
1244218882
1063697287
1115693988
716434
1511522925
1447327886
1100352611
1340282096
1026994872
1393483454
1023058965
1145548464
1226549852
1508953808
1086670493
1276579067
1188108683
1307753
1471270836
1210295853
1492316250
1364520680
1334753448
1082014453
1406825967
1144930437
1432623335
1220314856
1409237925
1186763538
1069070772
1470153528
1054894251
1023614760
1329204755
1063014502
1469547124
1038232614
1393964594
1144933058
1450128770
1378526358
1443469395
1016757316
1357068660
1276956808
1470476550
692489
1432625362
1165218315
1015049371
1278082911
1434352608
1276815519
1153559399
1018015142
1266653740
1202477313
1268147689
1493909317
1401178804
1521914991
1471264490
1242955057
1448675004
1167714890
1292791717
1385478341
1014465253
1319078513
1123979677
1159185
1025941231
754119
1013227299
1380590919
1432627367
1002665781
1100678749
1322964046
1380191433
1031247245
1021605334
1400532795
652856
1481782894
1098643117
1232814883
1169798138
1462241099
1224845453
1023223602
1329522848
1489203875
692456
1432622819
1486580543
1157273730
1084799839
1075184667
1500346162
1451281723
1208041733
1013225519
1427321564
1204350725
1485168394
1378483332
1282220231
1243047780
1335805050
716501
1322436560
1396595004
1486984799
1394004416
1485296256
1077362065
1121927860
1091701114
716551
1364675277
1175641524
1245252580
1234265677
1457982763
1206740512
1303755350
1042220729
1295310404
695997
1484017712
1393228492
1536810382
1460659853
1352811366
1516884099
1260827
1180442163
1450984681
1232770321
1024073345
1484108409
1245327987
1091610678
1145544782
1064716782
1491302718
1508355815
1208359287
1244143660
1207959333
1403065501
1232823720
753186
1485499013
1509856986
1004751365
1433999423
999077
1516605765
573050
1214348651
1309486715
1424999842
1249253
1394696476
1267756151
1527717744
1195402982
1065451458
1231264421
1034759584
1440273856
1076063361
1449467118
1231302741
1218075793
1389363702
1408131320
1172037009
1362673
1258625501
1344744513
1245233435
1496393552
1406893625
1145634
1202957830
1110538650
1145631
1081996417
1034761211
1236667500
1196868101
1424751829
1049720724
1081989625
1378876584
1018642211
1533693792
1508158108
1205509383
1455877596
1243164411
1175645413
1231244820
1312441537
1231315992
1106433444
1038569360
1175643372
1508214929
1181491117
1230246321
1474197819
1400346359
1533687422
1013220784
1177051068
1105889943
1282696933
1190991
1022811865
1083603736
1141055968
1218968409
1129369686
1036249838
1010610964
1077324979
1502553724
1022850881
1030390866
1513950347
1076383979
1498698869
1038656449
1205944156
1396110772
1164868818
1218432042
1231624648
1324770019
1023756079
1186000043
1212861
1142196335
1084934832
1474699428
1546431874
1086188684
1323196511
1349509666
1412316195
717827
1022897392
1076112078
1204452894
1521616924
1179910591
717822
1028637710
1083124142
1085897858
1149904555
1206666932
1535342472
1084397336
1085889853
1185531605
1199246063
1316792487
1008473483
1030671350
1089140946
1112156926
1139717302
1410796442
1511984504
