1016818825
1290151820
1083847251
1400101133
1179243090
1311422141
1340427825
1206960234
1513744929
1263260304
1226434123
1235289037
1340247323
1236505829
1314529342
1178313237
1315234866
1319239994
1383747122
1316897670
1027502315
1296316568
1355902082
1257681427
1253868439
1016521270
1331998299
1184456083
1051357597
1439901424
1445902896
1184335980
1445932091
1312291801
1329842959
1331997538
1023607881
1060240890
1028817276
1016423536
1426234132
1375092063
1531653966
1219113725
1064421699
1305817100
1445947566
1451655274
1452826628
1539144783
1466072714
1531267411
1016514231
1425812451
1446020254
1461586053
1245529536
1319437419
1431966106
1508980950
1076882076
1091648393
1332805579
1208339115
1268746432
1441897274
1195440932
1303901667
1417588287
1442001547
1489213970
1502532812
1083170310
1208389860
1269296429
1480378822
1023592756
1184361947
1444538790
1521882412
1275072259
1533200288
1257854054
1444559312
1461106955
1054806289
1054806490
1375149586
1218925484
1241561041
1317937319
1262606758
1266353821
1295230790
1308741008
1546602637
1321374950
1347563847
1397865090
1413382999
1425296416
1428345660
1439905860
1441983142
1442977970
1443271464
1444555760
1474322452
1472448573
1482618483
1506303484
1508953306
1509013447
1518808605
1519900273
1529334989
1539168698
1539221211
1539840762
1543711047
1549851070
1550516547
1555081337
1076900157
1205550280
1556057890
