927422
1211637451
835967
700701
944305
1032533672
1058835
609023
802369
609019
598630
1058830
754114
1058831
802362
1058836
1202872847
1332506
1332511
802355
629361
552418
629376
754116
629368
791304
573072
629359
1058839
644185
730451
743821
629371
629362
743811
1476333481
1332494
573069
1015797856
1202892910
1332497
1323174302
1454181897
1143588276
1439558701
1546392849
1219127258
1409075874
1016367699
1050882330
1143303272
1379239751
1439966129
1478280125
1503311622
1142732293
1228957215
1327264735
1480504005
1476311934
1438877843
1144692080
1157279142
1171237486
1311470203
1478290522
1419401263
1421013495
1421249394
1421274205
1443679530
1445253909
1447491759
1469812043
1470221387
1477661979
1543674586
1546410532
1142763327
