1244265335
608988
1177121980
856196
1318858912
1242547184
730387
1290102110
591662
598696
879762
835963
1378521583
1378554494
1347525733
791301
1174467553
1024965
749047
1074103406
1506232094
1091927524
1307311911
1481377798
672533
749050
1446414780
1042210847
1061945424
1445619419
1084679867
598649
1412302439
598655
1189280787
1270331020
1450981769
1069291239
1346508571
1317755222
1350370471
1125798852
1021122569
1451609373
1143823304
743796
1312224805
749054
785748
717805
1306529949
1092592844
1254101253
1398406639
1347532184
1084685384
1036057254
1473799538
703445
1183652064
1372276889
1183702601
1361399977
1516059875
1183698244
1103559823
1361302592
1526327917
1042290645
1436965
1036051380
1149685955
1369732991
1509694291
703439
1411717092
1499134214
1254110793
1269306468
1316895566
1424065982
1461498301
1480328127
1105115136
1346502687
1522610427
1206701274
1306529408
1317763304
1318885761
1424054573
1484526000
1511059285
1046861763
1351845704
1409583218
1538112042
1375219654
1269083759
1361277924
1500184275
1509642079
1529626158
1437001
1385925744
1457494623
1457210
1209929143
1535895583
785745
1004063664
1036058553
1183648016
1375179963
1194073404
1201865363
1235783704
1308126780
1400500672
1442897378
1442916007
1489492354
1489626606
1506817766
1509627127
1519879591
1523599797
1549189731
1031141488
