154996
748944
999254
573068
652809
999249
1457300847
591688
927183
536960
573076
271554
743664
1471398
1159110814
730415
792996
1065208598
1388882455
716565
1467602
552359
598668
1467580
913652
672548
927186
871072
1486162581
1371575186
1073888629
730424
574818
944249
1159090387
927190
1489093902
591692
505047
154966
1127561286
1366211049
1477803003
1481923984
1523078610
1520810984
1083727373
1390039002
1149423463
1083155621
1490111308
1383837781
730420
1464319665
1182539292
1390080687
154962
1053355067
1495996821
1188586319
1028026368
598639
1083776181
743804
1180243071
1267883115
1024356698
1441098344
1123966668
1216655196
1504784355
1159235641
1467561
1025260448
1373686099
1391108239
1187062322
1524756473
1083660352
1024352183
1263805900
1279745834
1496115669
1521294672
1210330809
1148083960
1464243164
1107203365
1496074612
1523019355
1316169190
1024366559
1026671294
1182532883
1210345202
1522909199
1439012931
1438799532
1094984246
1335903559
1362387355
1428874282
1388706198
1391392203
1025244340
1335897779
1276732219
1378290840
1464311517
1476436205
1222762720
1522963935
1233442928
1245110337
1272290
1519868486
1024367054
1523153446
1182537513
1394851332
1025369994
1024365498
1025237719
1464241212
1482588769
1148081061
1182535095
1210792764
1245088300
1383747190
1210321302
1468185394
1521846505
1102985884
1128854019
1521893708
1437429
1024364364
1024367752
1025238275
1079492788
1511093203
1210336733
1327465421
1328477915
1375336322
1025236576
1103051098
1148081530
1148080386
1182540975
1195581392
1201293483
1216626806
1255215890
1347525759
1367437620
1431583001
1461006236
1463867409
1509365205
1521352182
1522932945
1523075528
1545815017
1530705160
1530825351
1532099065
1532369065
1533720068
1533741142
1534949428
1542480182
1554516200
1555951130
1556487850
154960
672473
835960
186677
186675
871078
871069
835959
871081
536966
871380
767114
871077
372440
871076
802350
871378
871393
802346
791282
871397
871383
871377
871385
703466
871392
871382
871395
871398
871387
