928364
211934
928344
635845
696001
692561
802277
609021
1183828
716431
856194
802371
802294
696005
716428
1284890
1078628
1284903
927416
944874
1309179
927424
927423
730390
1297995
1099206
1284912
1391238436
1408461
927418
1298017
696013
1014707
696009
1091331
1445198070
774513
856183
1298012
1309196
944263
1398999227
1388677067
1153804232
927415
1455653303
716427
1480763176
745933
856205
1242119
1516678637
1388670434
1388663070
763204
1399016713
1380275
927419
1298015
1436519776
1388666315
1431239952
1176876
1388669259
1037546527
1388669657
1032308
1388677466
1165155
1031911627
1034028899
1198043573
1388658724
1388670836
1283964356
1388668776
1248061
1388668568
1388678550
1197123240
1153828741
1030234183
1431234996
1542118432
1431913950
1431247551
1286516483
1388677020
1388679532
1431248142
1437575
1388676102
1544291796
1483683971
1157851113
1431226172
1437340501
1431228600
1167864657
1474440404
1423524219
1173414404
1166995249
1244474403
1437452869
1388663935
