1459643358
1290269174
1146733470
1143308052
1348288755
1315264939
1451695908
1162521798
1244104951
1477445969
1226657507
1312009300
1252118850
1506916480
1173767963
1143848072
1017073108
1319229482
1184477653
1355984095
1307357852
1522764211
1520879115
1476291540
1016867491
1027719214
1029711229
1290213897
1282090990
1150882111
1208698544
1027455831
1096404636
1172938053
1307293373
1437311594
1028827501
1051350958
1085898105
1426230629
1237035940
1185298150
1028827504
1236266385
1076639341
1186909089
1317236370
1143581388
1143724902
1016403846
1028827248
1059846784
1379739797
1491038475
1441881223
1413581579
1508932739
1317551194
1519194542
1518812266
1108002393
1218921431
1397861997
1051253454
1258788648
1483170176
1234570237
1184765620
1269297060
1443271581
1513799637
1521921306
1544738592
1300309236
1318818216
1442626045
1461605878
1514192758
1457147631
1466097734
1529451987
1247015069
1269297307
1266304705
1396730115
1438888394
1455873070
1462883516
1482333523
1487996285
1236586243
1313312278
1313615434
1328088825
1332022799
1397074828
1511879037
1529050354
1529484832
1051239097
1051305591
1051339103
1149180194
1238051923
1300326422
1315513211
1398789251
1442619944
1446487834
1476218848
1488146274
1507187563
1515023370
1523255498
1398809908
1509028857
1206958782
1509056192
1529537469
1519961134
1237030175
1295152965
1442058363
1016284707
1016286326
1051262764
1051299022
1184717185
1208005152
1313347234
1225794311
1238107310
1241459348
1244109536
1245260242
1247172621
1263392702
1307271936
1317244697
1334984121
1366851302
1379742212
1379778228
1397870400
1413370140
1429076743
1434287425
1434320138
1434670333
1434681343
1437331432
1438872490
1440746055
1442579772
1449013656
1449020593
1457166552
1461097804
1461575800
1461649859
1462330507
1462836635
1473167140
1488141805
1489331881
1499111230
1499120203
1500464540
1508968936
1511950680
1521901806
1522400919
1528989835
1529593964
1530662733
1538781674
1545053697
1547787223
1554018874
1554278423
1555090391
1245533765
1556100667
1516395302
