1253503101
1180437426
1508189331
1189621374
1241796109
1456721762
1423887222
1488624016
1258540958
1255820493
1182388748
1116484063
1105443985
1536478407
1186148785
1442144009
1094657684
1445860990
1149825699
1213139950
1433200853
1132257694
1410173436
1417983326
1378504483
1378495495
1314784694
1226782022
1076091858
1182554399
1392071513
1218493960
1254015826
1473162133
1154639889
1518968776
1339067594
1416059154
1314265474
1426257492
1158056723
1226377432
1101032283
1197224514
1526367028
1514911579
1518622970
1522653523
1276999169
1516669341
1170371892
1052389851
1443346044
1459585136
1101990401
1511077784
1538268947
1334248883
1476259968
1246681841
1262540308
1356907563
1511180878
1538327237
1189050137
1515517089
1389900086
1214577242
1106539740
1276975400
1510894902
1212665189
1262535756
1077272661
1442117359
1080249531
1181359629
1180130369
1106543631
1243800475
1387063857
1084877410
1146724181
1063152139
1387629161
1257630943
1192069280
1539124310
1084867736
1170431087
1259145622
1288712525
1522265079
1255824770
1442129081
1445204854
1380084098
1285605073
1162800833
1234496854
1409353445
1199611838
1522284589
1078923014
1384733544
1063150317
1407136100
1511161920
1477638208
1392411718
1420123543
1510654979
1536445643
1485738511
1242983190
1255766496
1255874631
1257558933
1379744646
1182340540
1184644426
1219611735
1380066813
1511151924
1533972511
1201818135
1242440818
1254358640
1387617952
1511096200
1211519205
1504017355
1511024237
1511048738
1080249961
1189057432
1262520229
1275095062
1263161834
1489555080
1511063207
1133158827
1185187510
1347792671
1456725424
1538391620
1538409938
1542836375
1546827358
1180137284
1180145962
1234538861
1422234111
1544392384
1544849286
1014424851
1166599278
1253776271
1283584822
1442136324
1511082775
1182381395
1257064672
1258512063
1171209468
1201818204
1282129026
1387096678
1508193151
1538445530
1539039615
1253487677
1356501237
1538366859
1538490464
1058014236
1116674776
1203827295
1194329154
1234527503
1254387008
1549081579
1311935923
1286065053
1435869001
1392404515
1393087293
1460079986
1461344594
1462810200
1508815700
1510947809
1542794574
1544426816
1544477796
1547970304
1552160640
1552204158
1552213762
1552221098
1552226883
1552276422
1552306189
1553446467
1553709808
1553724847
1075962983
1180148099
1552429625
1552254233
