1382496404
1096400282
1450180098
1099203
1174767025
1075301398
1474479333
1396664686
1031385620
1236552226
1416566042
1060129811
1517998804
1518001152
1445946279
1068594293
1315728982
1064797542
1389804888
1067637506
1522947623
1476332426
1417154004
1438585392
1260806266
1192238739
1112271786
1291104679
1195696091
1170389035
1438815954
1340466999
1448097582
1179295447
1293383448
1345116675
1031402665
1438852327
1336809439
1288005925
1329896820
1338554166
1446815255
1483891859
1347646279
1438483195
1462220625
1468830972
1257404472
1339821500
1286655096
1374780206
1052507370
1339521702
1459015358
1463632803
1132032852
1157855227
1245440136
1268975205
1332834465
1373144325
1534466524
1028399711
1043026364
1334122367
1338341212
1417002815
1533181034
1509519942
1533253343
1248196294
1438780617
1324158744
1338564524
1424153477
1101186686
1304541221
1334611885
1336831130
1336943867
1339011132
1339883679
1416953639
1438836221
1463888808
1483960925
1503299691
1242431895
1322838181
1336914092
1336998898
1338654755
1339640713
1395077832
1438547026
1438833783
1483639702
1509544347
1513514158
1533644041
1438589105
1453130804
1509651805
1060270482
1110415011
1286060771
1329638165
1373299809
1438510119
1484266567
1485099858
1530677329
1170385700
1350338421
1432887303
1438807331
1438809964
1484470388
1505435188
1514438466
1294298373
1339528304
1339821894
1438777128
1455437315
1171105584
1245423965
1286060357
1316176548
1337376621
1339927235
1438517932
1438562476
1473712251
1485162765
1495738127
1157848763
1293134235
1304439838
1306522334
1362973371
1332696704
1336820717
1336897986
1336942712
1339522046
1339528004
1339811483
1385351987
1369570770
1408257679
1413102664
1433954198
1438819222
1438477702
1438501407
1438556944
1438564576
1438593593
1438610632
1438651536
1438768341
1438773613
1438827379
1438840638
1438843957
1438856956
1454089615
1455636349
1459600907
1461736744
1462074895
1471854589
1483259188
1485260145
1485447121
1485725785
1495906207
1508809975
1509758538
1548152033
1022494014
1316233296
1555875498
