1017541
1099329
1318147
1347954387
1018641433
672811
1454961299
549875
559007
1315875
559031
550180
652816
1292664
616378
743829
312609
1464302953
549876
1177829
1184011
1079420628
1164866995
1352385730
1260828
1347967328
1184012
1103988515
1185495416
1467576
1022788614
791306
1318170
1035669066
1448619804
672585
1509346838
1429565173
1187159886
1319050
1087405203
1463433
1101969243
1114296341
1463461
1260813
1297507
1147111600
1463436
1428404348
1376728383
1319040
582749
1411628
1087406241
1024853685
1395127163
1111611077
289432
1411637
1453989273
1050222555
1479294726
1463444
1393469057
1463430
1022584748
1519367595
1297426006
1007925967
1343447473
1108816661
1129929535
1219314400
1012261659
1519392607
1026536983
1384617039
1262027555
582764
1348298721
1493420424
1007639680
1198190
1108833029
1483927632
1207691527
1004046359
1089360405
549873
1454631659
1411840508
1473478351
1432875471
1396735326
1026811599
1462912675
1415154146
1214345987
1249245
1453140596
1283102603
1042760364
1077390591
1389413827
1108558933
1519098941
1022017591
1421641014
1412879913
1061179645
1113479229
1047832132
1201947326
1041598973
1480080077
1052752661
1341878589
1246907454
1214379624
1419466809
1042683582
1521017823
1361720356
1099323
195800
1004610387
1114539435
1459118324
1020329562
1463434
1164060271
1463270883
1007928092
1520761335
1279370504
1113884904
1333424831
1451342789
1201933738
1042193571
1158933481
1214320001
1463471
1113574121
1187014041
1042640186
1317285045
1115337991
1208003157
1300082541
1475753217
1042762785
1114508828
1514424720
1304474537
1486383810
1494095905
1517835460
1024432585
1514447698
1214337120
1361718107
1520789137
1042051557
1088620833
1307997597
1476097220
1007930518
1029926337
1115346466
1214326085
1300188439
1385486644
1415159364
1474540786
1477965530
1518811874
1520794190
1503802857
1432934080
1018433733
1023599285
1057102991
1125826018
1375243454
1372089934
1185600459
1214291405
1214296097
1357702359
1376882568
1383805470
1411214578
1422094353
1417964974
1432807076
1480097291
1014983480
1041689070
1335406553
559005
1053192680
1068446549
1235451685
1198350574
1249234
1060328274
1004886726
1115344949
1163736720
1529465725
1531706845
1534731349
1534739910
1535210330
1537157588
1537176362
1543000967
1544642234
1545235093
1549837597
1552866541
1553481317
1026732952
1013903233
1533493996
1025812519
1085861905
1034303446
1088620713
1179095903
1050145048
1088614932
1114505294
1257428883
1026668781
1294909377
1530929989
1530972324
1023006915
1022994092
1216544738
1128742234
1520686476
1022992607
1023002947
1023001579
1023004217
1022993523
1023003432
1023007699
1023004466
1023000947
1023005291
1022965281
356828
356832
356833
632580
378526
550164
533481
356830
567803
806140
1554673410
1395149620
