1446036635
1089054019
1140610186
1054806459
1094645548
1190833236
1255674078
1447406241
1527130141
1520133558
1230027952
1472648562
1032156295
1227039293
1401161618
1492351380
1095509322
856188
1267667186
1098079402
1229028695
1100682175
1362399994
1082990775
1384105153
1277866542
1207107855
1345846682
1295652807
1012988113
1227123520
1160718895
913617
1215587089
1218418743
1381855315
1239074133
1243236720
1479143185
1229990376
1137586892
1022624128
1157772469
1407573257
1253623755
1417258866
1291635460
1164885034
1206877499
1296614433
1412719075
1434620704
1223850384
1029140906
1206370827
1514151257
1243221704
1077396699
1094419291
1410625607
1081705464
1267986185
1021834584
1330884951
1378803047
1114050263
1324560565
1163999408
1457946319
1458273217
1420415507
1327390337
1455742820
1089077071
1094296826
1075133564
1502892026
1227717968
1304335587
1306314577
1539221864
1022584861
1481980535
1093878163
1462382470
1402866020
1072649680
1495562815
1114071032
1227070632
1404338359
1075082973
1210739844
1416497992
1080995668
1488410642
1207180444
1411606539
1398050184
1089292303
1383534865
1147425845
1113971580
1220864263
1277350465
1193496899
1255419831
1296377404
1477703029
1259468597
1218291687
1296973448
1197157346
1006142066
1024705460
1263610559
1287281017
1501981086
1355273567
1508809659
1077058169
1223885765
1180066018
1330937970
1147531934
1442807798
1222735581
1180295415
1479830260
1439953302
1443536031
1043962145
1416768891
1411160339
1319549988
1481008439
1441626330
1501270248
1410953560
1438987638
1361477579
1477637876
1153034686
1477512962
1477623073
1521864142
1477542122
1225711789
1395368090
1508840565
1350426263
1477395685
1409279967
1438647569
1440785853
1539797886
1233176347
1211857888
1017660137
1003435005
1227116380
1332401203
1253526273
1219093810
1253689205
1481272429
1421104182
1131147578
1159568445
1378492455
1012151500
1059941208
1139013727
1356645994
1070521445
1254069483
1019348993
1068740319
1257465755
1148493939
1102150133
1129394866
1024836860
1054809419
1209826563
1461705884
1006914180
1049713663
1260993369
1319278098
1355909832
1344712662
1249334883
1177958528
1299157081
1463857509
1021481285
1161442515
1226335566
1028231670
1052713848
1094692961
1108102512
1137728797
1112193223
1179528284
1229004107
1276973703
1320869319
1055338044
1034692052
1079053860
1215560057
1218394247
1320893894
1467372798
1525155924
1098687308
1275383976
1450547448
1473518965
1051045219
1234394865
1262157970
1497589627
1522138558
1129409435
1113120051
1202798373
1255780691
1291241286
1434616724
1095444238
1102189665
1234453934
1312931517
1034660183
1091577486
1092577146
1367902707
1458714734
1393788092
1412656487
1418011600
1527454310
1112103579
1031174287
1054804725
1079555272
1197176204
1207950154
1213465308
1263920063
1343197313
1087966986
1016847625
1117882672
1054806073
1338291411
1080982442
1137977356
1095623734
1169229420
1230324318
1287728679
1345608514
1520272604
1544949289
1129438898
1003434870
1041443775
1016592091
1090683354
1017745012
1070620562
1144877556
1262160420
1313083101
1345845874
1366513308
1190407871
1165711385
1204471109
1059946449
1068730991
1398784903
1094644888
1034199704
1258612217
1339149450
1425063011
1034057152
1069303034
1111370415
1221891017
1264593451
1370821511
1527433826
1460860340
1227067244
1316682494
1254236204
1042994967
1241179466
1467335730
1164308464
1276962993
1369651556
1463111102
1007015712
1457418176
1164743904
1358016345
1449267767
1356409790
1522283092
1091124627
1215784309
1227151237
1316801288
1361414907
1362755041
1063433767
1356579721
1180285787
1490016169
1542359948
1538738316
1424742357
1440931510
1027581183
1330066980
1446472736
1521704410
1017664410
1159736646
1332393927
1436955514
1528369360
1117347436
1253901179
1198240250
1339475927
1414802983
1449390725
1474662477
1508609215
1224871919
1331522919
1356510682
1538949392
1278230090
1442809557
1477449333
1480503413
1494275303
1523184166
1533771580
1207006714
1295228004
1464311628
1076960671
1097920300
1177931520
1398986571
1391415553
1401198286
1181428414
1417196533
1474691790
1462854929
1479474123
1054806113
1054806116
1166157386
1166161637
1357854676
1467384086
1482516652
1533769470
1234435988
1341254557
1016989461
1264678977
1407123657
1464310846
1502740684
1523573029
1062914879
1164298788
1189881243
1211302584
1331979573
1362333751
1433685313
1493059128
1495781401
1522596326
1026658468
1069317767
1054806118
1094377668
1164069269
1180308991
1226318031
1220654790
1372024066
1409534334
1423974365
1448110392
1483309241
1492985150
1003304054
1425074021
1016620602
1051552511
1355892107
1078489072
1105165275
1107426308
1159742836
1183919263
1482899580
1245010398
1225403118
1221555637
1224146352
1255751753
1264720689
1377515628
1410311828
1412752106
1432000724
1435692089
1442770816
1470622235
1475884604
1481445343
1494098900
1503157333
1503254950
1526942104
1527448189
1538099595
1546235869
1016622553
1016988201
1017667881
1054806041
1054806169
1081215664
1212277688
1234484176
1264650932
1264714562
1274965754
1277923439
1398846865
1502392969
1530247132
1538030685
1400559137
1164904440
1217557000
1255675728
1296578489
1327364902
1330128081
1337142283
1398812154
1433489413
1435728354
1455073139
1455708224
1458369942
1502619844
1519674793
1528474984
1542308026
1019193138
1077058194
1110332601
1166154329
1166161249
1187104815
1200867417
1232213994
1234465494
1290947524
1312042815
1331529629
1337822408
1351827471
1382614204
1391308769
1416606315
1434330154
1439009885
1490009399
1515650895
