1100862996
1506123498
1222088202
1006170242
1020710252
1475614690
1311032136
1370322444
1037774935
1358150535
1501044964
1086192676
1173190207
1210784530
1300265056
1191264819
1072386602
1368237906
1453407813
1448253470
1402625159
1059135163
1385048277
1459203843
1086191354
1201272125
1417201528
1278333953
1004471560
1219534710
1294686273
1263217751
1416393101
1436257522
1024806213
1387919774
1453395296
1453404607
1131256217
1417527387
1004058593
1050218297
1069030664
1075097748
1111888711
1218239148
1541250987
1416374127
1122407031
1314063464
1457217620
1037706992
1416370082
1177136717
1027088624
1086190471
1198650613
1271756893
1037740556
1275355477
1122418337
1262308388
1027152614
1120751924
1271766649
1510944127
1518477166
1531275993
1259419020
1271751508
1511285128
1195527418
1433051946
1417940211
1511212207
1516840700
1282939307
1189548851
1259410295
1433054051
1485968142
1512777086
1138272520
1296232612
1425259030
1525143029
1271763806
1453401978
1511073789
1512341383
1045670593
1512423855
1121882361
1122393067
1263805215
1519558382
1226858385
1259360877
1295274194
1386435209
1501180595
1081209037
1081201996
1230626783
1296401833
1501169230
1531895140
1501433158
1531905367
1120794724
1139859691
1139822504
1246132106
1488199517
1548692858
1549223072
1550651726
1552987231
1553035534
1555210721
1225650413
1122416317
1555732150
1556333369
