1487260374
1487126246
1181120146
1452730075
1522276919
913617
1475958430
1486316009
1091930798
1184098418
1183897489
1338834238
1483521465
1430854011
1204618316
1187061014
1353135364
1183936888
1105469362
1172423177
1122979482
1017946200
1473699882
1054042517
1531500495
1533721302
1059320383
1465591899
1392523117
1182715962
1234709180
1476142355
1311964681
1101260669
1214200534
1080832752
1134361953
1374686483
1107957215
1166625826
1129223549
1123687973
1031610853
1413043650
1182715975
1100866716
1112669379
1318376239
1535846370
1262429068
1108362252
1327139367
1031616248
1327139890
1444400245
1080171873
1220610494
1079054473
1425272042
1079420424
1103668329
1305401476
1298072765
1332356039
1531622249
1052991281
1234465799
1300354770
1463574605
1546383749
1546409314
1373819870
1025372613
1079709819
1185141456
1365432424
1535847060
1026308922
1102235638
1218952253
1237879954
1031614453
1078900095
1103566658
1351968749
1365434542
1419371821
1465591595
1469928497
1473763510
1511690190
1521771656
1026308659
1082971784
1327139957
1332355794
1334626407
1380238172
1546408975
1094723940
1474391497
1238786503
1471922947
1312870444
1380477885
1425270335
1419172532
1428726426
1465592108
1472427711
1332317431
1380435221
1093735965
1273982105
1300355131
1365433179
1365433768
1365433769
1474323416
1149493935
1327138909
1452489225
1365433795
1025403283
1103627363
1300353496
1476227749
1084202016
1103649317
1123637415
1263402530
1271932303
1300353499
1312870349
1347097141
1352965294
1355912641
1380498580
1425258057
1473711668
1473776907
1492715809
1551764334
1519040332
1547658372
1547725225
1547742081
1547821021
1547835920
1548706913
1549025972
1553027060
1555882526
1555979432
