1486499334
1253726060
1236306
1232356
1165757342
772348
1273548810
1006832996
1232365
1486552541
1490742064
1167770025
1033310163
1215845
1026718703
1356821169
1025778026
1356856580
1424920543
1457372944
1494285299
1523501878
1336997134
1356218516
1028168129
1215851
1364836846
1021592099
1026718488
1086893337
1443343969
1007301632
1356849627
1354969667
1013717263
1025777202
1356273016
1356836535
1027322298
1012572114
1234356299
1337245924
1011966874
1026346363
1026375836
1468835360
1277065521
1019325821
1017960472
1006591345
1086073705
1356800556
1355872401
1506268226
1026378195
1026388046
1377980229
1026387204
1352571110
1356353289
1391432218
1539437195
1026341212
1081787855
1149075655
1026040974
1026339830
1086123306
1525742689
1433036358
1017807761
1019987834
1025938773
1434661740
1026101308
1026345161
1026365021
1026366807
1026369568
1027320362
1069521743
1334728216
1356105918
1423967253
1328434900
1556445005
1526531901
