927422
1332405
1024616799
835967
700701
1069188942
609023
802369
644169
1284898
609019
1080499975
1256933
598630
1198152
1490292817
754114
1274004140
1289107
1111092307
1176846
802362
1338915
1332506
1332511
1198155
802355
1198151
1242128
629361
1253029402
552418
1212881
629376
754116
629368
1538113306
1448229
791304
1160426626
1317811484
1022012410
1165718335
573072
629359
730451
1028380385
1198141
743821
629371
1230256811
1332475
1122648361
1081297418
1332484
1260837
1083251976
1332490
1229964832
629362
1077822786
743811
1027349011
1159584013
1495262149
1332488
1012861193
1332494
573069
1112061884
1288810598
1473004401
1016104475
1538621518
1010727035
1082571671
1022156327
1108570256
1007112963
1025289391
1031049416
1082417556
1051351587
1458741998
1012712653
1017723045
1017723177
1229939563
1335903718
1023896299
1312834153
1486545790
819265
1332497
1525399741
1007301321
1237675428
1386413246
1540458732
1185158374
1334645345
1484578969
1538997330
1491819693
1108570309
1230188862
1475948620
1390153965
1522621368
1016144434
1027530056
1108570284
1112064753
1233205329
1257503659
1491714621
1509449776
1522459477
1108570266
1383418347
1538644057
1094488387
1335879926
1425069891
1171350458
1287277793
1337255987
1492775871
1208795
1030325800
1097058650
1108570289
1501248277
1021242284
1275207882
1474229360
1475953269
1486570170
1523075170
1020872219
1273845125
1230969887
1028081166
1111660819
1111742793
1390001758
1431878640
1495668178
1500996892
1030189561
1097060879
1108570253
1108570258
1108570364
1262623161
1279721264
1305957021
1420213412
1458757414
1481838097
1503207902
1013230807
