1315260465
1144694632
1422396658
1282685272
1282701903
1282711281
1296532939
1405152858
1289270911
1289267060
1233154275
1464392968
1296492189
1138732603
1472643074
1165040185
1405145429
1207840628
1207786350
1296489138
1476193065
1315369548
1422236088
1250893836
1512538368
1304452256
1428175516
1417894986
1526948480
1048579978
1086041408
1443446100
1463602040
1389139217
1162058991
1202783659
1202775410
1485748265
1138700968
1322864954
1296524010
1066691166
1282785833
1422032435
1472709086
1432975121
1507416284
1517683294
1100502176
1241484763
1438516949
1219440082
1337482439
1100494083
1162159917
1196932431
1517740424
1165857001
1241483576
1245195228
1317216513
1258549024
1464321845
1464461939
1508227502
1202239184
1162166017
1508217881
1527063659
1544047354
1162173415
1275476460
1389671475
1083171832
1472605239
1388659800
1507513797
1538814653
1236712532
1389674718
1350362925
1464394000
1123530298
1219282712
1246697405
1389692127
1317015450
1463828791
1468648120
1472689681
1507467753
1429050369
1265193978
1523271287
1275442375
1343951254
1307074886
1389154556
1517678980
1138925033
1162172143
1246713434
1296528188
1420964175
1445127703
1463737464
1472901989
1157829862
1498487261
1252612817
1295346372
1312930008
1389695914
1389684993
1312930466
1389147687
1389701023
1389666903
1388887933
1353153552
1415185283
1464447987
1464462584
1484551919
1508224453
1546508475
1530684052
1538778070
1538792765
1539032517
1549060850
1550123008
1551205918
1554507332
1554510199
1554510304
1554511278
1554512252
1215219212
1134677195
1556531740
