1284116721
1255755004
1242433283
1097142433
1147994607
1060368188
1503664232
1476747341
1521824475
1484819870
1531993999
1427487010
1261530589
1160406565
1539909234
1290744601
1102568866
1063789046
1145255270
1087713201
1182392100
1114013571
1180705139
1024607942
1475582912
1060281038
1442927164
1499744472
1096542218
1410927134
1192826653
1261934509
1332994777
1377099393
1408298162
1448143010
1329642867
1373137581
1392063027
1179220064
1347088557
1455778648
1503891786
1323126561
1443466219
1117782769
1253084797
1378897724
1474109055
1495959492
1504453412
1540130676
1434349815
1488190454
1514087840
1127346640
1354120032
1441984763
1395951676
1019632266
1217278783
1127588101
1130687131
1155073299
1255930699
1288769009
1312549776
1337413531
1396147697
1353005018
1376805076
1378892905
1388554299
1415968048
1415990032
1420148950
1443078100
1445033892
1446491542
1466352120
1474289573
1475320078
1475563281
1477405555
1477411648
1477612260
1495712377
1495721802
1502764802
1507101913
1509923238
1513014490
1529579469
1529923357
1533615303
1538561380
1539010348
1549448630
1027507255
