1447667728
1468871454
1444420785
1297261873
1492737419
1225234906
1470234377
1183694621
1364469337
1277048670
1234064898
1423216583
1425318548
1381862170
1492728589
1479104234
1365494557
1480479508
1283497654
1360891499
1097941583
1468870432
1314673650
1297297960
1079581925
1356749178
1147664676
1480494078
1516835921
1531567155
1173299930
1207033788
1290777307
1478940035
1384927117
1173280854
1390185512
1231585665
1180696158
1136151391
1073689057
1308923071
1469950630
1231592676
1523580004
1542061856
1172651276
1430747562
1297798
1502013692
1247790266
1304811326
1014705
1479364645
1425113423
1373526242
1513755030
1522941710
1449870143
1328457369
1427295240
1462519076
856188
1362464225
1468279454
1532670255
1486338536
1382304488
1262151834
1357732994
1535354721
1188352248
1381556037
1426869036
1501586712
1368918764
1081117419
1543960468
1214221497
1526934100
1497365021
1214419184
1322620045
1335838311
1247751391
1370697590
1322346596
1080663044
1241033278
913617
1195420413
1543524590
1233049649
1480463010
1351750356
1086014211
1310706441
1115900889
1081185210
1401485988
1490510662
1210661765
1446150368
1415113092
1234666956
1426004336
1179932804
1480467756
1401766357
1080229208
1514989455
1335083543
1473182150
1107989201
1468747318
1440132319
1108331801
1239973694
1469747377
1298548535
1471444881
1511971669
1303053778
1330445304
1470158896
1530407640
1241567875
1083830116
1184687841
1185025521
1417687028
1393059628
1309400972
1277312681
1310699331
1412297587
1430868052
1472629838
1324706231
1057556084
1507062058
1443634457
1364524702
1101197985
1303066705
1266950560
1335185966
1518521156
1218896008
1396051761
1543202886
1173275172
1459248452
1266885242
1365978259
1432577823
1375098715
1176977469
1263955849
1042899529
1284155089
1275062099
1337551712
1489544272
1443831939
1469387633
1266956476
1508374248
1245229365
1533098259
1265362861
1369935339
1533088120
1539125431
1375778578
1187180188
1214513523
1365487716
1523024775
1307171576
1456768018
1534306163
1423808512
1431722440
1539076912
1479352133
1295359893
1489584695
1533098171
1523021977
1436611232
1533097566
1428889767
1119174463
1430762692
1035598200
1500491754
1435712379
1338118247
1456782513
1159015519
1413483917
1156219653
1316586086
1372230612
1515846628
1080046467
1521444227
1457974187
1388367616
1306388989
1158923033
1231530979
1311581566
1266725873
1112071687
1222921273
1112063985
1471446036
1330207928
1513567030
1090748919
1395781930
1146422892
1480513692
1419764581
1217216994
1332291786
1218440518
1543248365
1333597941
1466948826
1533098771
1499800999
1445896157
1305457455
1479484484
1471100431
1198022404
1468845359
1231600522
1322435292
1345983279
1185994264
1529423454
1520899627
1305467626
1318410939
1192218592
1464397411
1286624647
1195206306
1312773378
1489906185
1179572876
1533096967
1370670909
1468872267
1535615147
1504001512
1502506465
1428883185
1529340481
1229308234
1177159577
1520778710
1208846517
1363481103
1471259971
1535974179
1180372619
1529756369
1427087157
1366307846
1511606227
1177059475
1512282166
1177032542
1540410505
1529416999
1304860555
1468854888
1469954633
1519127887
1089288649
1495407913
1496527047
1498160629
1496566699
1519356031
1480528095
1520059163
1459468503
1089177668
1022012106
1544739265
1479462173
1391568396
1167770124
1275130905
1130963410
1408521260
1344929240
1232960767
1314376572
1218316387
1508433531
1145889530
1147878454
1543014225
1332322267
1444031540
1189614369
1307555541
1089195370
1285638854
1466410013
1285541735
1362972394
1204438971
1432741604
1444147334
1422145297
1030752630
1126829684
1322404633
1358191390
1042719840
1321220398
1471284847
1042921542
1161124847
1185626424
1262089546
1087548015
1344787172
1218195319
1225342376
1217227883
1161577897
1048083146
1073682492
1014701631
1409190239
1021352909
1222109723
1538553213
1021348390
1419834205
1469842578
1085254816
1208001937
1130538570
1206667971
1370712782
1050370994
1230934222
1332974889
1013014592
1081173953
1089989227
1317291745
1398049623
1410255491
1179649976
1262873743
1489759930
1225062697
1285605677
1429842937
1526999154
1186881283
1354971650
1248122351
1060967040
1072323241
1086019467
1337424074
1361410693
1421404116
1470290783
1180378400
1235204065
1309754614
1317277510
1368035360
1379980816
1084193027
1112025149
1116702816
1366162927
1488502722
1026561203
1033548573
1264010689
1212407677
1218128326
1294774798
1433792174
1448827126
1478393668
1189746804
1218339163
1264145218
1365289028
1442120889
1458410454
1474234803
1077636728
1179333621
1197110929
1234092746
1235223093
1300299882
1388654359
1465500267
1520216911
1380192211
1442952980
1045039509
1077587532
1097782111
1200919757
1540907546
1294181070
1310097853
1314998311
1372212483
1431652780
1522947340
1026308614
1394225791
1379629663
1023054315
1035530805
1082686222
1178313241
1181457886
1185107244
1230349557
1268982771
1372238880
1511915065
1026287955
1241350384
1177297892
1217469746
1218499095
1311579079
1373855651
1443643872
1504596628
1125522423
1161242502
1232175471
1278454884
1385855956
1403394364
1409589023
1483078800
1499613624
1024563279
1042880449
1042915572
1042924672
1066999250
1173288051
1180299500
1384572525
1215889254
1247757130
1285704194
1335222394
1406996879
1469735423
1519341068
1542054552
1025839713
1185516825
1072197393
1073325935
1076972891
1082743909
1093944604
1116733150
1149229499
1159862036
1227706964
1248042179
1319316898
1397373018
1417541246
1472634831
1026275548
1035235249
1073229994
1089192229
1128883973
1149191396
1385101196
