1075087387
1164408837
1232361
1445223406
1362860754
1313967897
1211699102
1410413428
1472423275
1172685162
1407072493
1090706483
1246184592
1507075886
1082415245
1408244815
1415368114
1211711019
1465317456
1174472644
1428763922
1226181746
1086089431
1236356
1086122117
1219166790
1332478
1234195947
1385522575
1489699300
1385512026
1156596592
1364537253
1144807378
1083838277
1182874456
1290278334
1444959783
1232350
1497819028
1345233
1234264658
1427240369
1210719131
1378142981
1446185371
1449448047
1202851537
1345234
1504468230
1526711487
1278862
1120239232
1452956439
1071744056
1465308552
1058003318
1026454247
1076080859
1012034274
1077359713
1061608079
1286783414
1401491221
1044832621
1127335492
1161954715
1434729997
1478623469
1463207008
1281386471
1348716111
1332465
1069302985
1074606087
1134669917
1248201302
1466976183
1439808865
1445908885
1265521424
1257605270
1247834782
1332471
1229134642
1332470
1093912043
1199269358
1347583442
1499050740
1199243251
1463131799
1071746880
1021422511
1468698955
1035893106
1161312400
1369451218
1369604236
1532024744
1016556511
1027194076
1058023983
1340334305
1133154726
1236998514
1332511299
1347590276
1382463048
1429317177
1470252265
1499442222
1516376832
1477821328
1221936458
1478153847
1097047273
1235426471
1367433060
1369608909
1459033310
1543217031
1011237813
1026059778
1147623530
1101508349
1126898574
1162049179
1174768200
1190689229
1180456809
1210360374
1229163703
1264252981
1458536242
1021599678
1070083211
1073909239
1126914324
1157173160
1179400001
1234991871
1280010596
1257018717
1434696247
1436257484
1460866243
1467198569
1529608378
1330609846
1304476068
1359266698
1466176823
1058086140
1255196557
1255597287
1411763011
1421359213
1478103774
1330604508
1533828850
1421043972
1165955907
1221940786
1229801594
1241558066
1343598331
1333685297
1355229212
1365909480
1401344526
1412731981
1416324430
1421862495
1424071778
1466165310
1479494869
1479610652
1440187611
1007301489
1017646507
1026029044
1026347782
1057801301
1057828614
1058157380
1063641146
1087458962
1104023797
1149158073
1159543415
1162521274
1173207216
1173701535
1227012026
1229030931
1229131646
1229161592
1231201964
1231207145
1234997759
1235020743
1244633857
1244646998
1424941059
1283914289
1283966422
1307209126
1310034909
1310092497
1356518438
1335405798
1341091866
1458533306
1462823207
1463108279
1467229895
1469529136
1469537348
1477794960
1480625660
1501351528
1533414750
1533623048
1283835247
1555685101
1556508957
