1268805365
387017
1434740002
1277961528
1248311506
608988
1529846653
1451763079
387011
1370994943
1397666032
1172373373
1470339128
1397926096
856196
1211619859
1396782020
1153626560
1416266746
1305766654
1082865400
730387
1439993929
1507614293
1508528284
1310635152
1470391365
1474882944
1287986019
591662
1452507604
1112113638
1496998289
1416716482
1375329351
1231649029
1504980378
1483481913
1491657030
1461649721
1419557421
1352422743
598696
1350288119
1242659496
1459095363
1482826449
1267110399
1435609137
1179138181
1202847744
879762
972890
835963
1406089118
1323150287
1459918594
1226342983
1154429782
1463796075
1482868380
1435857220
1349457453
1481278691
1328320114
1489620778
1123573090
1145798244
1445064717
1310095414
1361728824
1196969060
1543798682
1114800988
1433692711
1229785535
1426833615
1238024382
1196973219
791301
1445371378
1445122353
1290779969
1196647198
1381247251
1459193196
1522205094
1398044944
1416239214
1084969259
1445114919
1470466564
1262126201
1507955128
1505104023
1427574737
749047
1142242000
1416261920
1314315044
1024965
1330293582
1159331786
1434528760
1378453606
1282704242
1522021544
1434293311
1154610523
672533
749050
1144953311
1439852441
749056
1520788684
598649
598655
1445606017
1538339737
1532476290
1238207207
1113510054
1427525282
1424161513
1327482597
1427175313
1381565561
1481662427
672538
1016439043
1408208051
743796
1016092313
1019701046
1401999393
1410951828
1428176648
1242670017
1019729414
1286526775
1414869157
1182842441
1198561183
1472732007
1481522427
1507890842
1101165042
1283607807
1259498503
1202418377
1217887241
1279670842
1375185626
1408868669
1535015070
1113485058
1142252089
1179172444
1204421221
1260741670
1315414065
1332988875
1049873121
1444922756
1446601090
1526596522
1187565145
1501465696
1113633381
1116805565
1190391547
1286100522
1342996916
1369379057
1433605074
1436260110
1241449636
1436968306
1184963291
1260887077
1278364286
1019393360
1045318832
1102442467
1182367351
1051323594
1217883738
1436713275
1334823046
1379423165
1499680997
1522225504
1159946319
1379488405
1427582704
1270462189
1204282500
1421688262
1531917747
1032047484
1113517563
703445
1529138767
1347592999
1525272533
1530276469
1445074704
1454121250
1499953140
1500273669
1442187355
1444891070
1489912926
1101934574
1388339928
1438856679
1101171563
1202848444
1379837209
1411558133
1431933329
1464958049
1371812555
1427579151
1454967587
1130924736
1180165087
1198346626
1220921883
1398726642
1456401397
1478083009
1478101831
1483277698
1484334558
1487412876
1535168673
1227371260
1340757058
1445135309
1459558923
1459562826
1323118315
1369401842
1431881684
1451099339
1453125504
1085251740
1214189149
1445107286
1494435110
1499944614
1522213043
1524931811
1526325396
1436965
1100164719
1113495307
1178342972
1199776896
1260762996
1268693238
1273578567
1278359952
1314851711
1316788724
1324247400
1329904028
1352501151
1353578191
1377101461
1378016428
1410298507
1420942344
1445272328
1433946830
1443625052
1444025807
1446606591
1451509023
1455427034
1455988515
1478085708
1478088172
1478321540
1482519239
1510063580
1510468718
1534581812
703439
1025920420
1100016911
1177066612
1298451414
1333802977
1351828464
1356259237
1396716090
1424170114
1445111064
1451517491
1454083243
1480544252
1494558789
1269083969
1309024730
1310788814
1322999039
1329565968
1329609627
1331024672
1338408235
1366989701
1398721097
1422172268
1454128884
1478092853
1478093898
1497823607
1506230311
1530253854
1530307585
1113922285
1204561481
1260806047
1446424562
1422052656
1425845522
1427579463
1431972393
1432642902
1433918290
1447488325
1448246575
1457479728
1475126127
1472961004
1474666647
1483664875
1531938456
1546442093
1118512558
1143944885
1186805178
1238206274
1260805217
1272493969
1295344699
1317764089
1329633234
1338466455
1340415455
1355834318
1360941661
1408193930
1408281761
1462276497
1415194770
1445095126
1445262215
1459704750
1503248185
1503279557
1504066670
1525534837
1526546085
1539350741
1540390965
1049708320
1230478434
1356058265
1451477516
1501395404
1540054736
1546374305
1023549773
1024360265
1058112955
1088722723
1178323676
1199765389
1312466663
1317157431
1318084490
1324800828
1329185710
1329649241
1333120663
1336831148
1337424149
1376426369
1363115559
1408293184
1441508009
1427581330
1433948320
1447489883
1451075244
1451450310
1456011524
1473625508
1475085378
1477976016
1484296054
1498359260
1524748943
1534663946
1545193606
1425700109
1457496503
1466184734
1481572948
1532474026
1275702391
1286529359
1406109293
1409113757
1425818610
1451471496
1463758859
1457210
1100041653
1451607248
1267132220
1273549583
1308973802
1339514732
1411517620
1443490942
1475612250
1478092338
1482508281
1515147243
1524893292
785745
1015821646
1051339505
1052997899
1060284075
1060284117
1118547018
1148097655
1154351021
1154393545
1165105008
1178356900
1295373185
1193982346
1202420908
1451598843
1220924580
1223723774
1253403998
1259653328
1266857643
1273734804
1485154419
1294401074
1305920172
1306330416
1309983833
1310746973
1312141981
1312266693
1312353892
1313122920
1317728886
1320447249
1410604358
1329983085
1330152056
1330165102
1330543835
1331084552
1333113085
1333776106
1335391540
1335398464
1335429950
1336807796
1336999188
1337747667
1337862751
1338002883
1338357714
1398761431
1339887917
1343288615
1347038766
1363318326
1361721247
1367415726
1368068054
1371789712
1376020563
1377352219
1378760226
1381630939
1450327382
1384633907
