387017
608988
1075360286
1072905
387011
856196
1074672303
730387
1242106
1074181584
591662
1219166325
1027144899
598696
1092237431
944444
1351605743
879762
835963
791301
1024965
1127056532
1352620207
1349655762
1132067
672533
1030307763
1178155649
1218350528
1088961375
1028137652
1087593114
1030304263
1343039567
1030307450
1436562688
1484090874
1508341591
1498937889
1219282431
1162560809
1508354140
749057
1468124499
1017718972
1091157904
1498936786
598649
598655
1324111146
1515500366
1030306144
1237635487
1541592094
672540
1509699282
743796
1444084712
1447488391
1298326305
785748
1243758455
717805
1029105135
1029147058
1059966631
1485338793
1037452568
1157449360
1023390483
1448433449
1123668342
1032157244
1029155047
1029176136
1093883126
1179216539
1084731422
1180091165
1255699047
1198374830
1198397832
1497663291
1324101118
1527493854
1314393527
1398746638
1485364063
1152309612
1198393631
1383277735
1198259505
1198390177
1436965
1029173191
1440966130
1265124674
1389892067
1519265873
703439
1029181166
1214483538
1230415275
1455484235
1541601993
1268859046
1029167095
1117330865
1324121220
1532143741
1198283496
1269481754
1400717304
1529055500
1314384457
1501111419
1437001
1105615762
1324115812
1524583538
1529060743
1448144671
785745
1029115134
1029117996
1029132714
1029142875
1051353735
1139289015
1141655374
1222736722
1222994876
1242939749
1245569599
1247185693
1251012437
1262491257
1306040994
1314390131
1335501231
1446470704
1446824198
1450420172
1474433467
1484004917
1484168601
1509707923
1509717245
1524511727
1529041562
1532132715
1529046777
1531580440
1536566022
1536582428
1536643432
785746
1547490820
