626166
187715
386973
239295
875209
716300
1168748530
806143
1165214
605349
605370
1002556447
289433
1280529
654298
1013058527
548405
654348
1013062468
654354
605391
605372
656526
356832
1074387666
1486369844
356833
654340
232331
707402
356828
791306
1073592768
656536
605375
632580
328282
550187
1012996976
654338
1002613956
356830
1415247180
654345
378526
1013303135
1013061058
1515213621
1058826
1076072188
1021942979
1002832413
1002896830
1467212348
1012959155
1008362995
1002896433
767102
1032320
550148
1008360262
1012550107
1233202421
1008363608
1406992517
1002832177
1477753012
1002602104
1073555986
1073556212
1347448314
1181253864
1229908
1076072365
1076072325
1076072295
1073556071
1073590928
1259224790
1073411926
1003249384
1038429031
1032332
1448294584
549873
1500203349
725063
1076072216
1076072341
1228123149
1073590882
1259173630
1073556294
1073562901
607865
1073556369
1384668239
1531087017
1073592915
1420348034
533481
1076072415
806140
1076072241
205006
372966
1020092740
743836
1007994810
1013304107
1002896698
1019498481
1003249588
1012959248
1073556469
1002897032
1073556125
1073591663
707409
1002880287
1002877795
1008170186
1531779114
1021939381
1468260281
1008356874
1438870539
1032321
1500306435
1540355604
1022611062
1330215748
1508577221
1217702354
1168835522
1008361552
1330213403
1330214573
1536359026
1003252794
1032312
1023516276
1032322
1002897228
1002832339
703442
