1279239919
1091345862
1485116054
1517318511
1522482466
1522203115
1172435070
1400539518
1450999710
1540630756
1535390406
1430290481
1231529184
1263997821
1533453467
1184954370
1338946232
1352997860
1510570006
1507229607
1048714171
1442510258
1269994729
1034800017
1461047438
1110900128
1500806899
1270749894
1325616914
1239165542
1529574031
1357022266
1485203891
1485398417
1493221723
1426109300
1317244654
1484775335
1408029324
1483877991
1485029966
1101173061
1443179051
1477659446
1174434394
1357861906
1482746681
1473819534
1528656034
1316438680
1227478844
1463232751
1538618929
1482674622
1444831051
1049684318
1181136403
1453670535
1506419919
1540726613
1313159801
1199722805
1273756301
1521752226
1494910654
1540724434
1400544387
1144472258
1180183917
1452657272
1426086305
1307974807
1473819534
1101178955
1253517121
1487054413
1332185914
1529566812
1241606681
1392151783
1098022490
1500549265
1516680827
1290662968
1456377344
1330301451
1460341452
1517154547
1330795524
1358381749
1222862675
1479941349
1402417215
1298437335
1522516403
1483368189
1509185108
1507472539
1180172445
1455074054
1425682862
1119953966
1184842464
1467234233
1490750845
1248459294
1507271395
1529995431
1515563522
1294897389
1335740254
1500538826
1485410081
1491457864
1456404068
1522224821
1484991592
1517153279
1494357143
1512300629
1171669743
1204206669
1351220971
1003815311
1403456503
1523344439
1471615015
1253463965
1365973235
1503504854
1517153279
1454717186
1199874923
1529573640
1474368260
1485632000
1493237163
1482716492
1534920059
1178560043
1466537447
1516875220
1270001817
1485981918
1512379817
1189559532
1460345322
1460976222
1477483006
1480086390
1335585632
1226283039
1231474880
1125200957
1459557281
1425741085
1439799836
1288853285
1522571215
1520022910
1535743790
1170309631
1490030304
1516376803
1427188140
1519330294
1217156271
1297295759
1232124166
1539146400
1042853304
1174850468
1529574531
1357022264
1128716246
1389534007
1483148560
1038270907
1495593351
1490442682
1280061665
1479948888
1453405546
1400539790
1266922341
1475615828
1333591225
1503504854
1324155610
1255885144
1537821845
1178560043
1516875220
1441477090
1477483006
1490442682
1335585632
1490720310
1125156704
1192983229
1519736490
1482907743
1534665212
1529574531
1239366073
1535456756
1128716246
1483148560
1495593351
1032305045
1425937566
1231491674
1208415070
1400542705
1539205870
1137483618
1512190939
1508829508
1522590610
1101195525
1327300924
1448080395
1464379271
1071867110
1330810828
1282240483
1332163027
1454147796
1125174512
1037084816
1278008264
1482912384
1539146400
1288027177
1516996380
1485038778
1315055369
1430981857
1256516675
1421577427
1003833572
1480908121
1463359407
1475605083
1484772221
1486400450
1122349702
1396977973
1285615544
1294747243
1373381369
1526839316
1073563411
1486243884
1128909280
1486568378
1526192375
1426081396
1239390550
1362954734
1485031699
1098743098
1509007815
1356059012
1427144793
1364547477
1538956116
1042620581
1055600361
1536798734
1033890265
1226314639
1488971699
1338996603
1403488767
1037357732
1335740565
1453740568
1539110611
1271317329
1540684080
1375496434
1262992507
1302548045
1128916403
1322492095
1397722118
1426183425
1509217761
1366758521
1494662293
1056277967
1508785446
1377314654
1524853713
1174964261
1385580372
1282485208
1316283789
1300996576
1047461691
1471851833
1486400450
1400543618
1509239731
1225123854
1231549498
1253892884
1487391256
1092746465
1487325568
1337868566
1128898171
1287594664
1333637597
1518114736
1094044089
1415692982
1317285428
1330823946
1424925448
1282260782
1354888939
1489832990
1335737713
1375318430
1205727696
1038269205
1322494149
1494990704
1330322177
1378874879
1513101909
1403553525
1034210962
1222766062
1517958868
1101148135
1234312715
1460228689
1300677460
1424218876
1112660744
1317974029
1337432571
1516122173
1098690721
1398371123
1346313792
1449718753
1426061235
1453727759
1477059124
1024992406
1119983797
1481786958
1442362421
1038271797
1467255496
1040690903
1012141604
1530455888
1263978474
1400543662
1257276594
1516172463
1306244936
1487082080
1040470473
1226300452
1373671586
1517768085
1110825608
1070558106
1354237527
1409071192
1180438980
1370416210
1316439359
1318416322
1189124576
1540551185
1427239001
1038276552
1538962069
1329316891
1378857361
1302487779
1322492815
1101169630
1355967424
1498304877
1247373138
1400544735
1289518228
1231506713
1196806279
1517318511
1343978198
1266219389
1388980377
1540727486
1122458391
1453414760
1454048144
1455640097
1483130840
1490917010
1316439199
1511183204
1515179145
1508604103
1427255849
1038277569
1488856995
1492695865
1338946241
1518939522
1497364722
1471244438
1279919548
1477022511
1254061890
1403622870
1389322822
1233192524
1040477456
1115360584
1259112142
1267759517
1287444505
1042844386
1083076613
1391300592
1208391971
1189105480
1282666177
1357757234
1336095541
1239175518
1328664355
1358401066
1471505170
1101153855
1522212969
1487609313
1174850764
1515648788
1497669003
1288084381
1343565825
1448080387
1511925101
1432134554
1527583596
1512214281
1523203594
1464483898
1468969762
1469799667
1480377758
1110114242
1495300315
1314909370
1502692385
1255508259
1322363595
1255976532
1323629322
1239100060
1462597252
1483988200
1508186092
1540246915
1461051067
1533597333
1475371409
1537781438
1477020112
1475595408
1021504478
1475371409
1458400749
1400544586
1040477456
1200696697
1123354174
1324153546
1266814621
1331236276
1283984475
1042842619
1208391971
1224746750
1357798971
1375118230
1239175518
1335739900
1038274147
1055455379
1471500502
1101153855
1515648796
1328662966
1468969762
1494865925
1239328398
1511973635
1540246915
1461051067
1480506999
1533597333
1537781438
1400542211
1541135107
1282063587
1035350129
1132013997
1337939943
1455654488
1456401295
1042847798
1483145659
1177931579
1491532195
1505970561
1239100060
1511506959
1038275516
1253641362
1477020112
1475595408
1479513385
1256947847
1427255851
1494919365
1430981889
1260956322
1463879167
1528233250
1479493511
1262271373
1516536954
1282063587
1400543368
1040695951
1335892980
1093172195
1357504874
1287616736
1303769084
1489845764
1177931579
1538552323
1038280482
1055599966
1336248431
1407435124
1101199065
1322810519
1441461309
1357699819
1298061914
1132023627
1427223761
1456391869
1464370809
1255467093
1377366699
1428916251
1476676010
1499177370
1529354557
1231558444
1400544147
1480237678
1530867557
1480567394
1479493290
1266287611
1110174734
1486798718
1314473499
1353396234
1282474002
1356227872
1479054226
1479059448
1260878800
1541213403
1473237535
1022611938
1386338247
1034850006
1316439171
1460254620
1003816086
1500106644
1474230046
1003668132
1351241138
1003670592
1326107606
1337454693
1329940014
1010739631
1324153546
1271986982
1398209938
1443872786
1523820988
1231542639
1411207349
1021514330
1477024297
1003814542
1028130063
1279203865
1003833933
1400544577
1003669187
1157937082
1070390487
1028121032
1138842934
1444292146
1477031140
1012144044
1051668671
1258794761
1331234596
1475656569
1516449439
1007926104
1012555079
1260519754
1270669324
1012667020
1012660527
1231535929
1332276340
1367608931
1379585628
1444854456
1373388539
1476661865
1110758254
1136420948
1004121940
1047471872
1047445271
1475529359
1030003690
1069876019
1160554218
1476658393
1028123670
1094030525
1162512850
1259028441
1476658393
1028123670
1030003690
1094030525
1162512850
1259028441
1282051674
1397671598
1538552323
1005397255
1252600443
1043807860
1400545334
1472051387
1489876840
1098704080
1179548552
1003575850
1010717789
1034994421
1055602737
1055610162
1110743043
1444851613
1262325415
1263486590
1273716399
1275806157
1503026357
1282528828
1282629153
1291694409
1317041007
1317398162
1333657976
1336246803
1336247216
1343395763
1365995366
1398642918
1399029412
1400083537
1482269758
1019304493
1180446805
1317268104
1337889841
1480561281
1019670912
1444359953
1471610939
1484676307
1442681925
1516824393
1176570266
1227091823
1285734592
1312993493
1373618933
1416102912
1042852368
1003663439
1055601305
1055606904
1101199067
1253963303
1282219765
1317049795
1317434718
1331378293
1332970410
1333617348
1387549010
1392582505
1407419272
1411727175
1421377624
1425800052
1454927975
1391283979
1003650362
1019398238
1387472980
1320762804
1322810519
1177945888
1316310355
1422525780
1369827772
1370416702
1370417738
1406683873
1479056690
1509188039
1519313560
1019436498
1398860341
1400543588
1473237535
1530458154
1273768545
1370428983
1475506960
1542991167
1255864087
1333223301
1403402031
1011756845
1337101378
1351767096
1392863010
1473487736
1475621067
1541213403
1226268300
1253568833
1255813837
1334836337
1337101077
1369826658
1370293380
1370416287
1403706452
1422623353
1519433449
1527015084
1533068335
1173907371
1257572518
1262505649
1317283487
1370293242
1370294038
1450224070
1471584365
1472307367
1472948929
1474240156
1475651051
1530253060
1530549274
1538509473
1180459327
1222917950
1335573841
1336247934
1369827437
1387224357
1400527904
1400544351
1422076555
1444841119
1473502498
1475661424
1479339364
1488279196
1530426742
1530548371
1537149617
1539161838
1539926653
1022020728
1221616080
1335739382
1337102074
1369827748
1370294265
1400541023
1444300095
1445602459
1451366249
1472945458
1474407157
1477026455
1488266154
1489757758
1519345523
1534914540
1003668974
1070522457
1144843987
1257392210
1322864228
1333274417
1336093421
1369824518
1369826980
1369827581
1370294338
1400541011
1455650736
1464384623
1464504875
1465572324
1472282392
1472459741
1472472023
1473212480
1474304059
1489905372
1519870826
1530565408
1530876881
1534912762
1239417505
1239948301
1253475760
1254081797
1257735216
1316439171
1335739846
1340945143
1369826077
1370294442
1370417638
1400543118
1400545034
1434481353
1456355590
1466220033
1473119318
1481800360
1493037320
1519852189
1538661415
1543834725
1012646733
1024552133
1033602745
1108577886
1509617473
1231212062
1260783451
1260895595
1273788276
1396729029
1336246689
1336247961
1369827058
1369827506
1479053227
1483199422
1485883453
1512275202
1512346269
1515617448
1516571535
1522232139
1529572618
1530273496
1530400477
1530415400
1538510885
1538962087
1540657322
1004114101
1034997095
1131441109
1226259312
1237664835
1238241780
1240268150
1241591455
1250796271
1252129970
1259001327
1260454379
1312739266
1317854721
1321061574
1335738911
1335738946
1335739863
1336093998
1336246823
1369824714
1369826193
1369826303
1369826308
1370417045
1370417437
1377357589
1397993945
1399007349
1400508757
1400526706
1415179385
1425616855
1426097215
1454536884
1454936583
1461025129
1463235477
1465598185
1472448554
1473078560
1474253930
1475397555
1476137517
1477125015
1479059440
1480233190
1480553896
1484730398
1488392545
1507483137
1509183507
1511488441
1516429911
1516510333
1516815532
1517903245
1522232837
1530339065
1530370557
1530469958
1530675949
1536575867
1537819311
1539737234
1542003154
1003662810
1328665040
1335584874
1335740581
1370293362
1370294649
1370429450
1376580927
1476663566
1494976752
1507432528
1517620523
1519052913
1538957898
1543860787
1145651044
1317299690
1332989657
1335740866
1397723824
1460334410
1464310420
1472480432
1475580727
1479060339
1494929917
1499060532
1529986917
1543849112
1144387502
1241012980
1336094402
1336247829
1372059136
1460894505
1473202538
1499104408
1515102605
1517920961
1479060339
1494929928
1499060532
1529986917
1543849112
1144387502
1241012980
1336094402
1336247829
1372059136
1460894505
1473202538
1499104408
1515102605
1517920961
1537818593
1538974555
1541119572
1022062016
1162497591
1214085183
1240314168
1241346031
1332345655
1333171093
1335737728
1336247127
1370294746
1424943561
1430981567
1453548550
1456426752
1463724335
1467179508
1472349021
1480891776
1489865829
1491511919
1494180772
1509627490
1513741988
1516348521
1516565014
1529570764
1530287714
1530910909
1533107694
1534942060
1537811433
1538732952
1538969192
1538972178
1541193863
1543151798
1003662529
1028132290
1029002888
1034808393
1034989774
1038270169
1053568570
1055461374
1055466633
1055603899
1094050151
1094054374
1403497582
1098771081
1100281042
1101203459
1110663387
1110672653
1502729273
1502764800
1110770605
1112654416
1131459306
1144873311
1180468322
1189960502
1202290378
1207876139
1227429386
1228040323
1229112260
1503007704
1503473316
1239153768
1239959520
1241565356
1242723970
1243781379
1462001468
1243836584
1244849139
1247239268
1444902109
1247279786
1247287657
1248488251
1248513951
1249088199
1249278824
1249299968
1462073922
1249356801
1462112837
1250493074
1250768276
1250813163
1251042483
1252093729
1252105893
1252171567
1252196339
1252284362
1252297135
1253499717
1253593121
1253686285
1253698485
1254031392
1254098333
1255193822
1255331200
1255482671
1255516870
1255558665
1255593762
1255612895
1255635204
1255833805
1257124400
1257319453
1257369448
1257503386
1257549636
1258829132
1258924030
1258971601
1259050948
1259096230
1260673254
1260746424
1260761467
1260791602
1260909682
1260942010
1321046806
1262259874
1262350529
1262409594
1262457859
1262479813
1262543110
1263471059
1264041456
1275924880
1277169223
1282427353
1284025571
1288831376
1288867497
1293395972
1296912476
1296941291
1296946147
1299724983
1300169255
1300847818
1300903234
1308024731
1312996597
1431972101
1313523321
1313920837
1313988290
1314008349
1314489240
1314501821
1328670526
1328671450
1332975375
1333772642
1335409394
1335406918
1334902674
1335502982
1335502989
1335503351
1335503463
1335506337
1335584103
1335584108
1335584125
1335584297
1335584303
1335584863
1335585173
1335585256
1335585465
1335598906
1335741746
1335739003
1335739282
1335739358
1335739376
1335739709
1335739720
1335740465
1335740660
1335740666
1336093112
1336093892
1336094004
1336094377
1336094489
1336094659
1336094839
1336247630
1336245806
1336246093
1336246099
1336247091
1336247115
1336247180
1336247467
1336247485
1336247555
1336247566
1336247649
1336247753
1336247841
1336247850
1336247868
1336247952
1336248036
1336248049
1336248144
1336256709
1336246093
1336246099
1336247091
1336247115
1336247180
1336247467
1336247485
1336247555
1336247566
1336247649
1336247753
1336247841
1336247850
1336247868
1336247952
1336248036
1336248049
1336248144
1336256709
1336491681
1340825824
1340968590
1341155508
1343493610
1346314673
1346333223
1346335264
1346335350
1347555842
1347658024
1348211695
1351163771
1351187928
1351209353
1351240889
1354782450
1354857100
1355898501
1355968092
1356713359
1358608601
1359303779
1359475776
1360061917
1361236677
1363899671
1363902656
1363902690
1459647598
1364565718
1364601645
1366747646
1366774358
1366800686
1369825105
1369825886
1369826225
1369826664
1369826975
1369827080
1373642342
1374946214
1375003096
1375025094
1375323755
1375350385
1375434375
1376742247
1376895279
1377305399
1377323648
1378281397
1378302002
1378862130
1382190140
1386123830
1387057724
1387457863
1388044811
1392136478
1396800407
1396949692
1397161861
1397200488
1397639860
1397705821
1398038247
1398601552
1398613089
1398642383
1398661832
1398676374
1398828027
1398882704
1399173822
1399219750
1400543125
1400544749
1403253706
1403729737
1406754993
1406799524
1406810194
1406817798
1406829174
1407395667
1407406158
1407444958
1409837441
1413271293
1414074328
1420098786
1420118778
1421409939
1423161317
1424030190
1425938391
1426189461
1427282072
1429463262
1403729737
1406754993
1406799524
1406810194
1406817798
1406829174
1407395667
1407406158
1407444958
1409837441
1413271293
1414074328
1420098786
1420118778
1421409939
1423161317
1424030190
1425938391
1426189461
1427282072
1429463262
1430255312
1430982830
1430979607
1430980387
1430980591
1430981662
1430981864
1430981951
1430982267
1430982338
1432149631
1432148000
1432862980
1433907399
1463749696
1438687417
1443019531
1443051673
1444290884
1444309968
1444337923
1471519744
1444529364
1444542033
1444582778
1445212339
1445614057
1445715183
1471515920
1447504567
1447520454
1471509384
1448324210
1448705647
1449731890
1449902482
1449910066
1449911001
1449958439
1455515655
1455546740
1455810161
1455824859
1455834272
1455868953
1456044480
1456344393
1456372214
1456383738
1456398484
1456623768
1457126593
1458956119
1460272009
1460275194
1460278397
1460916447
1460924758
1460953468
1460961557
1460970599
1461450971
1461467272
1462077999
1462081303
1462085381
1462087714
1462090009
1463634525
1463823820
1464371853
1465162517
1465369255
1465583323
1465802125
1466362087
1466421593
1466450742
1466522362
1466535193
1466982149
1467054986
1467175996
1471068216
1471239330
1471244190
1471408796
1471829445
1471861032
1471862895
1471864221
1471869611
1471872794
1471958667
1471961798
1471965943
1471971066
1472065240
1472299904
1472417518
1472430755
1472434521
1472440230
1472449901
1472466089
1472468636
1472475568
1472933957
1472965050
1473090687
1473107593
1473219709
1473225595
1473481920
1473495757
1473690246
1473731183
1473781709
1473788676
1474052410
1474066015
1474075707
1474314042
1474340964
1474437652
1474512838
1475389915
1475513693
1486609342
1475635141
1475645410
1475762333
1475896747
1475907346
1475913185
1475970872
1475988791
1475994002
1476125703
1476636123
1476660481
1476756059
1477025037
1477025128
1477078738
1477365121
1477725343
1477743846
1477774331
1478406623
1479053018
1479059542
1479490917
1479491894
1479493388
1479494278
1480116981
1480236630
1480233866
1480236878
1480237334
1480238371
1480566760
1480916580
1481765184
1482212908
1482226169
1482237634
1482240143
1482331847
1482349762
1482358311
1482358327
1482376328
1482384903
1482693157
1482699322
1483113206
1483167938
1483171474
1483190210
1483229211
1483537178
1483728021
1483729115
1483917697
1483919221
1483922917
1484029147
1484144914
1485072846
1485519852
1485559579
1485570038
1485579342
1485625300
1485676658
1485679330
1485683702
1485748511
1485814015
1485817335
1485895009
1485905335
1486018067
1486032141
1486040645
1486054240
1486065953
1486067260
1486137445
1486338377
1486387489
1486406852
1486511543
1486585131
1486875011
1488343085
1488353916
1485683702
1485748511
1485814015
1485817335
1485895009
1485905335
1486018067
1486032141
1486040645
1486054240
1486065953
1486067260
1486137445
1486338377
1486387489
1486406852
1486511543
1486585131
1486875011
1488343085
1488353916
1488373343
1488405071
1488406386
1488415087
1488419846
1488484995
1488490475
1489370534
1489374361
1489527828
1489641694
1489792237
1489990758
1490722681
1490772504
1491145985
1491146778
1491405162
1491408044
1491412695
1491416428
1491419173
1491422066
1491433124
1491502995
1491525059
1491554370
1492519180
1492922311
1493017898
1493262622
1493284065
1493338909
1493419391
1493812444
1493852362
1493877630
1493906979
1494046776
1499144882
1499162274
1499203681
1499236922
1500299919
1501281031
1502070411
1502108941
1502241602
1502742279
1502789638
1504284161
1504452254
1504927135
1504962268
1505962141
1506003895
1506016492
1506040029
1506668962
1507222101
1507384550
1507439053
1507656068
1507687070
1508017614
1508164371
1508186397
1509098527
1509113732
1509157777
1509163035
1509278733
1509308395
1510450536
1510464745
1510465994
1510484407
1510508207
1511379013
1511490535
1511628794
1511629097
1511925038
1511972018
1512376089
1512446457
1513857380
1535398569
1516941842
1517934245
1520010893
1529570589
1530563198
1530876146
1531101164
1535671551
1538957010
1538960801
1540481761
1540630758
1540698012
1252269135
1257013988
1453695021
1464325443
1473745097
1482237360
1489772524
1503617119
1516471036
1535126360
1511719274
1266337075
1316366796
1375293408
1452581101
1474752018
1475974345
1529563028
1530340341
1530813710
1533704117
1003663277
1098670271
1316438210
1364244224
1465290436
1494945707
1529571852
1222727150
1260870930
1462055656
1533413525
1533562244
1540556040
1123339154
1145654220
1188282013
1502142362
1239165489
1253861535
1255107025
1260983785
1262479809
1262558574
1278147092
1291714904
1317035933
1323193503
1327567921
1333189569
1341022121
1370292601
1391585721
1424795890
1454128859
1456401323
1469811688
1477795939
1262558574
1278147092
1291714904
1317035933
1323193503
1327567921
1333189569
1341022121
1370292601
1391585721
1424795890
1454128859
1456401323
1462055656
1469811688
1477795939
1480233204
1515575289
1535328318
1516483678
1516509268
1516551086
1516960331
1519992426
1522230957
1526695870
1529566407
1529571751
1530255440
1530376147
1533753073
1538553751
1538960488
1538970587
1540688223
1540711398
1541120745
1541213329
1543975291
1546277938
1358357808
1371687599
1397321054
1479493094
1514066526
1522212972
1166157274
1488776833
1493100289
1532034700
1370429937
1487394393
1516426483
1517087659
1530308299
1263943275
1431889830
1202403880
1308054743
1313146691
1337487187
1360030354
1373415611
1396433696
1430980493
1442222753
1460620940
1463675522
1474503506
1508830106
1334781514
1400542191
1480566463
1021551285
1055452709
1055608286
1147391801
1199552309
1239147206
1252148349
1252410337
1253531015
1254073777
1260837048
1262150301
1263861940
1287629257
1296918689
1297971342
1313214730
1316367261
1317273599
1322492110
1322968164
1323148207
1323194093
1326364832
1328671764
1331973078
1333293986
1334356984
1335408387
1335640593
1335738199
1336094961
1336094651
1336248344
1336246524
1356287483
1368068033
1369825719
1369827066
1370429557
1373478491
1375087715
1384297220
1387843405
1398622938
1403305585
1406783717
1472950080
1473097453
1545226457
1473755962
1474431303
1475361859
1475397560
1475521752
1475677339
1476625744
1542776606
1477096940
1477803710
1478427122
1480553022
1480755699
1480858852
1481814124
1483162419
1484186754
1487881424
1488426788
1489649638
1490700620
1490808508
1491400067
1491401131
1498781468
1498817592
1501318240
1507205374
1509188344
1509744196
1510302509
1510601016
1511490539
1511508155
1512180462
1512267784
1512333090
1512607339
1513723774
1513731568
1513857386
1513913889
1513962919
1514056142
1514096553
1514108184
1514159153
1514735255
1514744086
1515132117
1515146294
1515158518
1515588916
1516268779
1516412954
1516416960
1516445104
1514056142
1514096553
1514108184
1514159153
1514735255
1514744086
1515125973
1515132117
1515146294
1515158518
1515588916
1516268779
1516412954
1516416960
1516445104
1516450855
1516457939
1516464426
1516479817
1516498479
1516509192
1516521382
1516522906
1517143431
1535101155
1517642414
1519331570
1519557108
1519863919
1519887163
1519928173
1519944391
1522232933
1527093268
1527133047
1528732571
1529570775
1529572945
1529574895
1530175397
1530312315
1530369592
1530372519
1530399833
1530401768
1530435339
1530455055
1530457140
1530550357
1530817162
1530857625
1532639154
1532772806
1533097967
1533158255
1533558428
1533565130
1534924561
1534919086
1536276569
1530399833
1530401768
1530435339
1530455055
1530457140
1530550357
1530817162
1530857625
1532639154
1532772806
1532781318
1533097967
1533118739
1533558428
1533565130
1534924561
1534919086
1536276569
1536279043
1537157075
1538323031
1538490510
1538951214
1538962833
1538955815
1538960483
1538960506
1538961564
1538961569
1538961588
1538965894
1539034832
1539025197
1539043442
1539025620
1539026822
1539028797
1539044031
1539029886
1539030917
1539033933
1539032758
1539033257
1539033766
1539033785
1539034073
1539034450
1539034856
1539043942
1539041449
1539042561
1540426609
1540616358
1540646231
1540720724
1540721013
1541796637
1541813306
1541829993
1541992756
1547105335
1547138002
1547146064
1547209593
1547417735
1547509961
1547518234
1547551094
1547570562
1547686953
1547724526
1547779274
1547812267
1548308218
1548571215
1548616811
1548690574
1548797282
1548903171
1548959469
1549026565
1549030492
1549038353
1549062977
1549082682
1549112224
1549139841
1549189183
1549240295
1549247904
1549270735
1549279151
1549285830
1549348889
1549493813
1549792833
1550170727
1550507154
1550512019
1550521700
1550525782
1550540598
1550540913
1550548554
1550618404
1550651004
1550658316
1550716698
1550717209
1550733524
1550742316
1550753929
1550764844
1550784776
1550805673
1550824186
1550836399
1550846362
1551774052
1551793299
1550540913
1550548554
1550618404
1550651004
1550658316
1550716698
1550717209
1550733524
1550742316
1550753929
1550764844
1550784776
1550805673
1550824186
1550836399
1550846362
1551774052
1551793299
1551799107
1551818409
1551866367
1551969753
1551977126
1551978786
1552061287
1552073572
1552131948
1552135328
1552147912
1552154414
1552171829
1552189414
1552203507
1552223432
1552376386
1552545045
1552972655
1552983985
1553012289
1553028124
1553175654
1553200603
1553218878
1553230843
1553449971
1553514940
1553531521
1553612120
1553661569
1553676134
1553683407
1553690277
1553712140
1553746024
1553756096
1554491967
1554501588
1554518646
1554551936
1554565380
1554601688
1554782293
1554797035
1554813706
1554828780
1555241929
1555265624
1555314507
1555345216
1555365435
1555381132
1555409733
1555628592
1555615682
1555619206
1555636202
1555644354
1555656948
1555744490
1555796757
1555803948
1555810076
1555820049
1555840525
1555850219
1555863710
1555942330
1556170215
1556181619
1556192501
1556222576
1556728598
1556750500
1486840882
1354089110
1432146003
1460291051
1025400205
1189913727
1239474140
1250473097
1222273186
1486893602
1463379923
1314931100
1487160110
1003663525
1314103496
1400510751
1453542679
1171101896
1325173045
1512201687
1529298277
1522602377
1328663970
1448307219
1444932191
1506306581
1518285261
1317470835
1318205768
1337480645
1340389420
1346335005
1347224873
1355140394
1355872529
1355883942
1360085167
1360089625
1364846131
1377317014
1378876962
1378887933
1408907792
1426007975
1430980098
1430980201
1430981467
1430981959
1430982535
1447529306
1452110894
1452539122
1455545682
1459667323
1460288494
1460293185
1460295041
1460605149
1460674785
1460764257
1462131742
1463591439
1463599624
1463644903
1483103490
1485342239
1487437076
1490658202
1493628792
1495346279
1505754050
1511977716
1512313127
1512488438
1513024562
1513901143
1525513818
1535443829
1389522695
1542022170
1029107825
1308204005
1305406297
1507523432
1375241583
1386357545
1516303812
1516284798
1538497426
1541993997
1480699286
1494923061
1519585068
1174526966
1522212660
1522229015
1273741498
1346314459
1101183887
1174979335
1189567957
1189892290
1189934072
1193035758
1213723954
1250034046
1250446261
1296897329
1296934929
1323195462
1328672844
1343549544
1343725429
1346313862
1346314250
1346334691
1346334751
1400544358
1432149340
1471243073
1487067685
1487112162
1490320703
1490323392
1490323427
1496310229
1532513344
1509272041
1522229875
1526371992
1541912139
1511716515
1376596910
1040452542
1165996012
1516259128
1346322903
1516256959
1487099582
1541862159
1543354941
1400544643
1038278047
1270559099
1282142114
1340408419
1347359509
1507523432
1516303812
1516284798
1538497426
1541993997
1375241583
1480699286
1494923061
1519585068
1174526966
1519330534
1522212660
1522229015
1346314459
1101183887
1174979335
1189567957
1189892290
1189934072
1193035758
1213723954
1250034046
1250446261
1273741498
1296897329
1296934929
1323195462
1328672844
1343549544
1343725429
1346313862
1346314250
1346334691
1346334751
1400544358
1432149340
1471243073
1487067685
1487112162
1490320703
1490323392
1490323427
1496310229
1509272041
1522229875
1526371992
1541912139
1532513344
1511716515
1376596910
1040452542
1165996012
1516259128
1516256959
1346322903
1487099582
1541862159
1543354941
1400544643
1038278047
1270559099
1282142114
1340408419
1347359509
1449728900
1453661892
1455550165
1460634589
1461341401
1463654595
1473991592
1483102648
1504312896
1519734957
1514142558
1519500291
1519568259
1522107024
1522133221
1522191698
1522212174
1543127046
1543142442
1543748928
1543773097
1544776103
1545345008
1546121284
1547115184
1547387989
1547731088
1547992275
1548515928
1549130321
1549166381
1549304441
1550514188
1550526077
1550534537
1550578856
1550804485
1551119779
1551125031
1551833649
1551960166
1552108719
1553119831
1553462069
1553489832
1553667908
1553721754
1553731490
1554201669
1555620310
1555627262
1519344532
1021285137
1114820993
1094081527
1389535733
1046679572
1334511294
1356223798
1114834759
1114842336
1368116444
1371694840
1399963797
1475368732
1469928338
1273665426
1102480723
1313938350
1322490937
1481170327
1375324936
1027955033
1531727910
1172744128
1055451157
1191391317
1042846047
1533015056
1186831234
1293566789
1371712830
1488887421
1112673763
1389532513
1055463342
1535876124
1021499860
1183066704
1275847426
1364635125
1463634109
1488955957
1173714838
1199465485
1224887903
1485038056
1512558755
1526457191
1534948494
1536157061
1483263923
1488695489
1507462104
1529571887
1535868205
1199517464
1233221927
1323195252
1199532547
1378836714
1487483401
1507375259
1529571398
1535873416
1536159037
1183083251
1534928196
1040684902
1192168133
1247394833
1275788660
1322491650
1358345632
1358371159
1378848093
1406959223
1432147889
1461406385
1461425516
1487516702
1488689900
1488694280
1497873156
1508497853
1508606881
1511199733
1511210321
1512498864
1519416886
1173412720
1199906275
1447729540
1534954772
1534962292
1535871335
1507414546
1519630227
1173700868
1231502060
1473794639
1535440463
1519636891
1522210139
1222595456
1509217760
1178578702
1222233084
1233160655
1239420786
1248469766
1385590588
1400831049
1491192930
1491188303
1493099901
1501576628
1507298814
1507446216
1508848472
1509218031
1509208227
1509215853
1516999559
1529571882
1536921024
1535868205
1199517464
1233221927
1323195252
1199532547
1378836714
1487483401
1507375259
1529571398
1535873416
1536159037
1183083251
1534928196
1040684902
1192168133
1247394833
1275788660
1322491650
1358345632
1358371159
1378848093
1406959223
1432147889
1461406385
1461425516
1487516702
1488689900
1488694280
1497873156
1508497853
1508606881
1511199733
1511210321
1512498864
1519416886
1173412720
1447729540
1534954772
1534962292
1535871335
1199906275
1507414546
1519630227
1173700868
1519636891
1522210139
1222595456
1231502060
1535440463
1178578702
1222233084
1233160655
1239420786
1248469766
1385590588
1400831049
1491192930
1491188303
1493099901
1501576628
1496272062
1496658975
1496662265
1501601136
1501658060
1516993761
1522204701
1522207294
1537023680
1094554848
1177972655
1537010770
1546650947
1028034340
1522205694
1537769756
1094545640
1519292166
1496270679
1505395444
1517796886
1517796395
1522209861
1175654372
1512741358
1433467150
1040459349
1308793449
1531584655
1040678826
1313003819
1021506983
1552061287
1553218878
1553230843
1553676134
1553690277
1554551936
1555628592
1555615682
1555619206
1555636202
1555644354
1555656948
1555744485
1555796757
1555803948
1555810076
1555820049
1555840525
1555850219
1555863710
1555942330
1556728598
1556750500
1534912767
1534904106
1528167192
1528653927
1530910900
1549111648
1532781305
1532787893
1443178484
1549116554
1549116662
1549117233
1549116929
1549115238
1549115243
1549107918
1549115529
1549115540
1549114059
1549115731
1549115736
1549105207
1549116129
1549116141
1549116274
1549110406
1549109469
1549112857
1549112866
1549109464
1549109478
1549111209
1549111614
1549112369
1549104804
1549113056
1549113152
1549105208
1549105220
1549113887
1549114988
1557039578
1557045509
1557055714
1557067416
1557076188
1557124133
1557137291
1557152711
1445191088
1453632022
1457175757
1445214984
1557177463
1555785251
1557199802
1557214749
1557236389
1557208052
1545905501
1545909138
1529571171
1545901407
1545905129
1545896225
1558292077
1558301088
1555232990
1557119887
1557046962
1557164995
1558669397
1558678586
1558690042
1558683011
1558673822
1557562009
1557570593
1557546537
1557579000
1557589312
1557603591
1557554985
1557597355
1557600081
1556376869
1557583763
1557605969
1557566253
1557558665
1557550741
1556404036
1557576148
1533158246
1533413523
1443126904
1531371171
1522551165
1539511454
1403519344
1312860761
1313194811
1517105638
1517105633
1517116682
1517116681
1518099000
1518115583
1518198277
1518249220
1518259444
1519301809
1520013445
1520013249
1520009516
1520011732
1520013762
1520011604
1520011917
1522209640
1522206283
1522209930
1522208845
1522210016
1537003866
1537026703
1537732636
1537743730
1537786330
1537807375
1537819123
1545813748
1545817843
1545817868
1547174954
1046792667
1171485772
1358361690
1536320212
1531325180
1542533478
1462995116
1524374405
1356972098
1463639823
1482875140
1285446943
1089910487
1108591343
1354538280
1543394333
1531260456
1266219393
1463190684
1542529828
1354738802
1476661865
1489505187
1241551143
1507603217
1529572360
1507535481
1515444428
1027997661
1497567092
1512585190
1536440460
1537863462
1252396965
1401356015
1507603116
1092815653
1483162522
1522209261
1027978453
1543392451
1366762501
1497686861
1507079424
1507138246
1511183399
1511252454
1511315338
1019296136
1507610907
1252396965
1507603116
1483162522
1522209261
1027978453
1476663075
1543392451
1366762501
1497686861
1507079424
1507138246
1511183399
1511252454
1511315338
1507610907
1019296136
1391326955
1040954851
1308096339
1480553025
1517167443
1094536802
1108834488
1123348350
1423914813
1507619077
1517151411
1543392672
1399936680
1300439281
1389630969
1489574188
1507424736
1507512053
1512055279
1512271517
1555733021
1092815653
1342527288
1045177693
1112772006
1399984642
1495583118
1499227050
1555620310
1555627262
1549116530
1557228644
1557223543
1128131231
1172680075
1208826052
1401346491
1512466602
1515623278
1522207867
1537103223
1537496396
1537857990
1540413009
1512366936
1019732653
1186060387
1490744025
1537682876
1175733263
1516289019
1516748866
1537673687
1401318240
1537680203
1094523013
1094528457
1123357261
1518287807
1491758830
1512236635
1533573544
1540460624
1543504226
1546388025
1547123853
1547187820
1547541439
1548664066
1548946138
1549058237
1549115154
1549349489
1551353897
1557061832
1122464502
1522213290
1186439449
1463003647
1494883435
1312917442
1322578817
1322893007
1400493726
1459872202
1355941284
1357767842
1384766005
1512388568
1251503680
1313979719
1486315535
1176826615
1510076104
1023225691
1475173016
1542473572
1178589455
1199752696
1207908180
1326384808
1375321106
1390654737
1029103776
1522214448
1522214640
1527489333
1537683543
1537684162
1170401164
1400474851
1029141096
1340300633
1340320516
1240204367
1535498369
1487916869
1028739904
1020796608
1033664756
1534654855
1371749717
1484681803
1239315645
1288889459
1025380550
1171163495
1446832447
1523769482
1513710228
1531599916
1028764129
1117221552
1110130002
1103268830
1494938465
1522159297
1172342815
1317303738
1354497189
1495050057
1507189981
1170342695
1473868285
1514042045
1516670742
1521953031
1112767573
1507355726
1093769692
1174853560
1486180234
1502678185
1502355837
1508813543
1538768617
1028729226
1282233728
1536267621
1019755932
1502804143
1172696559
1177955617
1368551643
1473868285
1514042045
1516670742
1521953031
1112767573
1507355726
1174853560
1486180234
1502678185
1028729226
1502355837
1508813543
1538768617
1423854283
1536267621
1019755932
1502804143
1172696559
1177955617
1368551643
1502773941
1308037446
1317409651
1339106832
1340351349
1350441688
1375323081
1400523740
1432146015
1432147977
1432148171
1432148847
1481961235
1481960491
1481963782
1487857378
1490745675
1490745790
1492868047
1495810043
1497461554
1497633848
1501879965
1502025229
1502244741
1502519175
1503137555
1503278768
1516847455
1516845942
1518280321
1186401416
1250984093
1495078192
1496599794
1506311171
1205693423
1536698235
1447755842
1093769692
1229837101
1516264713
1423929259
1516658171
1516845118
1518266004
1522161074
1546609199
1177922896
1270678156
1506318124
1511238755
1524928210
1103852747
1174907654
1174913567
1174916956
1174921602
1176575581
1190374866
1202422749
1205991517
1222241417
1251541256
1252383316
1257476921
1288801141
1291678252
1300231559
1305400634
1363825321
1375321606
1400855657
1405845917
1420079783
1421110767
1421374334
1430979613
1430980399
1445708596
1447658334
1484697051
1485510560
1485529570
1487434894
1487504425
1487534214
1488578550
1488590178
1488752609
1488752812
1488755258
1488905265
1493902865
1496602710
1496602920
1502569592
1506307029
1506301777
1506303861
1507245812
1507323868
1507468519
1507573035
1507699880
1507833063
1508198778
1508490622
1508502652
1508612447
1508803656
1508995751
1509150079
1509147433
1509146388
1509148172
1509145093
1509176747
1509182616
1509277636
1509282491
1509290734
1509304861
1511265986
1516283407
1522231517
1497579950
1513441717
1255578068
1522126998
1536690916
1234324492
1480175488
1505370662
1522127631
1541122000
1029098308
1222806235
1509172443
1512518249
1519964601
1332477242
1409200501
1446898481
1485720318
1496223830
1498902042
1501822464
1503154570
1516410780
1517584876
1516669641
1516845946
1521946614
1521952830
1522163652
1522203711
1522214152
1522206621
1522210217
1550715713
1551874499
1552069936
1552198130
1555825785
1556675752
1239399866
1518313119
1522118593
1019749388
1029020812
1174793309
1400071111
1479913610
1504096538
1029105927
1214632945
1355203345
1177048651
1487426471
1549117430
1128847263
1385527958
1400582933
1424266431
1354970263
1355247439
1377346724
1505377351
1505374837
1505370519
1505373369
1505373565
1512452571
1531189787
1541117916
1372087322
1445349212
1451713346
1507382588
1509274936
1509285346
1512537911
1516231682
1516245203
1516283377
1516291105
1519966683
1519969986
1517115308
1522118622
1522127836
1522209315
1522233081
1522228419
1533801239
1536691397
1543478361
1545926834
1545926930
1545923388
1545926375
1545926420
1554460719
1477992872
1536556109
1226365379
1179125721
1214834624
1279193797
1490889142
1541126483
1501616583
1520539399
1028736450
1214675811
1302574315
1423896305
1531619992
1029137101
1029169896
1241332564
1531638335
1413839808
1481168112
1533731775
1541121629
1541117527
1541126740
1543750146
1543747700
1543748112
1543749220
1543749377
1543750261
1543774039
1543770716
1543770879
1543773974
1423937262
1452518302
1042419186
1270059899
1490889641
1482765312
1110221486
1461607168
1113537461
1512356672
1356130951
1497516306
1019752143
1241421920
1508027688
1524392339
1171128717
1509368315
1195065773
1279216619
1234374022
1509368315
1195065773
1279216619
1234374022
1249146695
1505063451
1474747650
1481994608
1490889471
1271323736
1503961555
1522117971
1543169781
1503539788
1501247539
1512450051
1277219135
1503662466
1170291800
1170509429
1233481534
1278760131
1278853344
1281374693
1367520570
1317959564
1340446531
1340506571
1356979577
1399952118
1424246769
1432147920
1475343487
1481989367
1481999499
1490885016
1490889363
1490960613
1502084456
1502173207
1503474708
1503741946
1504007574
1504050451
1504068299
1504147819
1508587595
1512734672
1522118008
1400099171
1540848121
1541698681
1530865894
1518155306
1029014282
1537211908
1543416307
1028768978
1028915300
1029018650
1490960613
1502084456
1502173207
1503474708
1503741946
1504007574
1504050451
1504068299
1504147819
1508587595
1512734672
1522118008
1400099171
1540848121
1541698681
1530865894
1029014282
1537211908
1543416307
1028768978
1028915300
1029018650
1029165050
1317292856
1317371638
1421773958
1406717683
1461752702
1491538505
1496038744
1503414376
1506068729
1508478319
1511912598
1511939187
1511994887
1512017353
1512027937
1512078258
1515492240
1170328966
1517228130
1527170318
1207986879
1435810258
1520688720
1512489296
1241558822
1355269670
1515413904
1540647106
1541734925
1027936318
1279237482
1350448538
1356700259
1372064564
1490957623
1503327075
1503448005
1526438968
1533808665
1175838884
1421020353
1496022381
1512339355
1512384147
1512636787
1515196770
1515576115
1537216323
1537233758
1537366051
1540325975
1540388136
1540611239
1540622732
1540673729
1540677066
1543033688
1545389606
1546240607
1546477814
1547162040
1547249020
1547254679
1547274360
1547411210
1547427678
1547592579
1547615846
1547641936
1547644906
1547731786
1547777480
1547976812
1548509882
1548526957
1548882201
1548964495
1549004150
1549133791
1549141773
1549207733
1550119797
1550193861
1550567533
1550598241
1550613177
1550681580
1550696701
1550743685
1550826740
1551759946
1551826441
1551940864
1552016051
1552080360
1552099149
1552165628
1445283592
1073415014
1549116529
1555806245
1472321978
1269426705
1098679232
1189079154
1175722651
1175825276
1533808697
1533812108
1542457631
1307870487
1375942151
1283050865
1172865312
1463370708
1019763546
1279151732
1529341504
1547214776
1518155309
1487105894
1492377330
1461835788
1241259812
1513973936
1109200237
1358365887
1489761495
1486298442
1229860072
1461420963
1172670109
1202346470
1512715702
1541279205
1486291059
1509462997
1248470460
1497648583
1507711935
1239481495
1503626974
1512428117
1541266496
1021959529
1172676525
1214791024
1249024373
1443082284
1452662674
1453031846
1486625004
1502611361
1508132223
1537399340
1122478267
1512677528
1239481495
1503626974
1512428117
1541266496
1021959529
1172676525
1214791024
1249024373
1443082284
1452662674
1453031846
1486625004
1502611361
1508132223
1537399340
1122478267
1512677528
1514104498
1172422490
1175791157
1104469416
1175622656
1495612753
1495629863
1495641877
1495746637
1512036232
1512092186
1512203381
1534124810
1377339772
1122469039
1454576570
1537736440
1503459763
1527493308
1531590276
1103288167
1249217961
1494903685
1512277866
1512321672
1513895930
1514207412
1537206506
1537210982
1537212188
1537214404
1537215353
1537428306
1537467529
1537735364
1538823488
1538905107
1541774141
1543293303
1543747793
1543748584
1543768028
1543773370
1122469039
1377339772
1454576570
1537736440
1503459763
1103288167
1527493939
1531590276
1249217961
1494903685
1512277866
1512321672
1513895930
1514207412
1537206506
1537210982
1537212188
1537214404
1537215353
1537428306
1537467529
1537735364
1538823488
1538905107
1541774141
1543293303
1543747793
1543748584
1543768028
1543773370
1546268970
1546293513
1546308155
1546317056
1547213118
1547235183
1547260966
1547295874
1547432894
1547481596
1547509896
1547628191
1547673622
1547692722
1547798377
1547814843
1547827543
1547906004
1548552852
1548573751
1548593350
1548950667
1549208873
1549264564
1549269100
1549310729
1549331604
1550140078
1550256285
1550289961
1554601504
1554612985
1554758014
1555675558
1555710729
1555772930
1555813584
1504083955
1122471729
1517323851
1189075828
1524382256
1105523321
1266276234
1489412949
1495693655
1495731183
1495758930
1495982517
1496002847
1496053485
1496089908
1524532997
1028732198
1512436776
1558414003
1557158582
1111210645
1462159409
1135277871
1269951788
1342616185
1541385161
1480233707
1487147905
1476658108
1171277727
1509243976
1508995747
1128929382
1252489281
1537731092
1543299756
1543300083
1502700368
1360112462
1360135957
1476663075
1171442075
1208755721
1507167879
1520862290
1518143067
1372286468
1110861340
1503174396
1109025320
1232929007
1531561897
1543769193
1543772622
1112772007
1516838924
1192172054
1355913260
1522757020
1096165978
1273636408
1153838297
1356088889
1493491587
1525010967
1358277725
1378896076
1540765361
1489768851
1509799566
1273593926
1195059400
1489411770
1172650707
1184274489
1275920125
1378892782
1463649972
1487179902
1540778934
1199928794
1358331156
1473882087
1533699865
1170324517
1535848815
1230176180
1483488725
1512763465
1540847646
1542082241
1172666886
1175799352
1175814005
1179104805
1194216017
1208782475
1249333692
1358326210
1358538232
1360098107
1378817220
1378900647
1463645060
1487188359
1489407310
1489512839
1489507728
1489510744
1489760709
1489771244
1489771129
1489765522
1489771639
1489769366
1489829567
1489829922
1489833005
1489833290
1489833623
1489836663
1489837144
1491207564
1494499796
1495568959
1502628426
1507822642
1512133283
1534916225
1029209460
1108831334
1122486860
1490028127
1536317016
1029216467
1541278405
1175649766
1489505528
1541469666
1542059324
1180466982
1356759568
1378821672
1536326450
1536627100
1540720013
1546265775
1546342003
1172871040
1205821994
1495769739
1495788551
1496070599
1507544628
1507625732
1510156603
1511948243
1511966507
1511979061
1512283069
1516475345
1122474385
1176794577
1176820855
1263275159
1536510020
1542059495
1170319200
1514722362
1535677661
1543508644
1446864425
1507522274
1531652105
1170404712
1195046820
1378869142
1512373928
1512650369
1526521971
1526536214
1526667724
1533701251
1533701488
1533704363
1536626458
1536629563
1536629609
1537375859
1538359363
1541452897
1541931279
1542036778
1542043545
1542065026
1542572520
1542590439
1542590455
1543743337
1543742306
1545393998
1547178998
1547288675
1547416925
1547534726
1547783901
1547840767
1548521869
1548547134
1549229510
1550151550
1550319463
1550616149
1550836906
1551642115
1552107228
1552219925
1552260346
1552311850
1552359677
1553157718
1553702654
1554465774
1556158965
1515327800
1515359361
1536432225
1536513448
1491068800
1491070115
1491070912
1491071001
1184302790
1550836906
1551642115
1552107228
1552219925
1552260346
1552311850
1552359677
1553157718
1515327800
1515359361
1536432225
1536513448
1491068800
1491070115
1491070912
1491071001
1184302790
1282561103
1302861390
1495769743
1511930650
1526483388
1526492948
1528643173
1530073452
1533911497
1533913516
1533913793
1536423526
1537117665
1537154685
1537173633
1537174910
1542490794
1546782493
1020546471
1267591511
1338006671
1159106654
1542220797
1170524823
1378457557
1556299709
1556658535
1313950267
1206014025
1500291074
1530856412
1534637702
1534647829
1535443789
1535450894
1536434971
1536505116
1536511924
1330143012
1513778745
1140631328
1554575733
1555762699
1555825008
1556170210
1555761194
1555726820
1557075314
1557084147
1557092321
1558401442
1557086029
1557072038
1557139360
1558575121
1179094965
1378838310
1495828453
1495933305
1282233832
1516475345
1164931769
1175738481
1175746645
1354800467
1354979474
1486074042
1495631024
1495808856
1531703187
1496312217
1157508519
1424163023
1487416332
1495902766
1175750916
1498293446
1510558312
1496263677
1506607911
1170389435
1425028488
1491104298
1543106997
1398776267
1496478635
1516327644
1522717459
1543227413
1513988892
1514126425
1515659941
1531642435
1543226612
1117789579
1170375171
1172463070
1200839672
1208151709
1322487019
1346320470
1346320539
1346320883
1533244693
1537559495
1514054244
1542733851
1172351854
1504075190
1518089056
1542471882
1515571051
1541212151
1108815851
1109214385
1109396789
1165361933
1180474264
1184289538
1186451349
1313487913
1485926147
1487407624
1487568499
1496008034
1507529615
1507540894
1507554818
1507573433
1507581230
1508206605
1510160300
1172415383
1109211309
1507560779
1513360290
1533243533
1541395381
1119358382
1165380246
1200392641
1207854516
1249538728
1500325264
1531660534
1212450047
1513757671
1513872448
1514021659
1523763735
1536554615
1537538595
1541195121
1541322161
1541337064
1541373512
1541379541
1541385934
1542472372
1542473970
1542688602
1542734642
1543213932
1500325264
1531660537
1212450047
1513757671
1513872448
1514021659
1523763735
1536554615
1537538595
1541195121
1541322161
1541337064
1541373512
1541379541
1541385934
1542472372
1542473970
1542688602
1542734642
1543213932
1546647348
1547473564
1547592260
1547610054
1547628736
1547650880
1547652583
1547681583
1547863624
1548307899
1549100507
1549171888
1549188177
1550175831
1550361653
1550413056
1550499131
1550780087
1551709542
1551801327
1551996359
1552007906
1552098908
1552158212
1552195434
1552207110
1552257425
1552321249
1552330938
1552342515
1553090535
1553113964
1553702238
1500302491
1134408144
1186810870
1487259911
1487390848
1499863405
1500281624
1094045784
1542480522
1109021532
1109229518
1184312544
1200392909
1302855461
1487400166
1488663180
1495656312
1495956621
1496226997
1507336206
1507371779
1507385993
1507501509
1507513305
1507705532
1535346701
1516287647
1516288233
1516457282
1516484167
1522707536
1526454771
1526465988
1526475351
1526505490
1526811527
1526869649
1527292409
1531548609
1540403047
1540465299
1540492790
1540582054
1541995680
1541998316
1541999221
1507342319
1517348633
1128790071
1505237079
1517230405
1210028417
1398426862
1184163198
1533850685
1547111290
1249371703
1553756378
1553762229
1554571133
1554612985
1555710729
1555772930
1555813584
1556976394
1556980445
1556982673
1518132742
1543179369
1541433110
1020755186
1518070952
1146699789
1514765463
1518060840
1518097968
1520007126
1535066411
1542505832
1170335700
1322493461
1461742818
1504924636
1504937572
1504950904
1504962282
1507688127
1507778638
1507788266
1508152592
1510149882
1531351807
1541390411
1020296299
1019776323
1019780613
1534486924
1172866764
1199949466
1503500660
1539672365
1489969195
1330929787
1513882838
1514114963
1515350383
1515505907
1516924486
1516935359
1517662742
1518133133
1518132733
1520007822
1520014032
1522203160
1522203376
1522207751
1540336872
1542498799
1545760954
1545763005
1545764308
1548970530
1549092364
1549110448
1549290642
1550706071
1552084706
1553582650
1553716535
1537996009
1165365344
1199978028
1503471464
1504401398
1504918283
1165376675
1485399129
1504973042
1517657288
1522204563
1534468022
1535088434
1019642021
1020796851
1229257219
1219004284
1019747167
1175805292
1263561113
1020287578
1171209311
1209593265
1019391247
1512320725
1512431674
1019408293
1231401042
1495711577
1454541963
1528444496
1528448159
1019196644
1020739312
1542036774
1542059471
1542064930
1533704353
1558428320
1372262280
1020282387
1446878456
1021019718
1019713065
1165339080
1174765970
1176837208
1547260665
1547620354
1547749645
1020829816
1028733750
1509147961
1239279607
1454487176
1510064546
1523152444
1504918283
1165376675
1504973042
1517657288
1522204563
1534468022
1535088434
1019642021
1020796851
1229257219
1219004284
1019747167
1175805292
1263561113
1020287578
1171209311
1209593265
1019391247
1512320725
1512431674
1019408293
1231401042
1495711577
1454541963
1528444496
1528448159
1019196644
1020739312
1554465774
1556158965
1542036774
1542059471
1542064930
1533704353
1558428320
1372262280
1020282387
1446878456
1021019718
1556208366
1019713065
1165339080
1174765970
1176837208
1547260665
1547620354
1547749645
1020829816
1028733750
1509147961
1239279607
1454487176
1510064546
1523152444
1546199612
1218954716
1250632016
1518051517
1165373732
1239264755
1514563529
1146702375
1172762855
1227668552
1355830320
1447711403
1454512021
1474378920
1518144472
1504398376
1535445885
1534641801
1535447071
1518054109
1447736058
1454508135
1487158714
1487268025
1505136084
1517323848
1019782616
1029107080
1454507837
1486076992
1487121192
1495649967
1507487247
1509363864
1019462617
1250686796
1502570912
1514367037
1487135430
1482892539
1508054885
1171932667
1249277137
1504408072
1504470499
1504741759
1504821471
1504869449
1508019503
1029102423
1199787082
1239291297
1250783593
1322489681
1446803881
1458365277
1020834976
1199969163
1517116998
1517628213
1517630781
1518151808
1518152595
1520012238
1520006720
1520007095
1454550049
1019726139
1504799817
1517111076
1084641224
1432145797
1509242271
1146699747
1174770403
1512410537
1020786715
1029960523
1454564075
1029021578
1029212087
1526690324
1019813913
1028753036
1476658110
1488232926
1218911355
1537713444
1029112601
1029133953
1029163475
1029168275
1506079919
1507589313
1558302115
1146711480
1446818036
1207960107
1214066066
1028748144
1446824179
1499289419
1504704975
1507598035
1507595469
1543345382
1454553214
1491469498
1515534225
1516383826
1538838817
1538849413
1020290536
1322491853
1506124998
1446872613
1502569097
1513905954
1514061622
1526405533
1545382670
1023205842
1186081151
1204620605
1229757357
1249307928
1249321209
1250380313
1250492544
1322489607
1322492752
1476971942
1487157272
1487206180
1490401811
1490406237
1491471544
1491471583
1502564113
1502571384
1502670630
1502693976
1502694141
1502694217
1503770408
1503821043
1503849687
1507396259
1507541794
1507591528
1509244243
1510086476
1511969631
1512424722
1512849547
1514171409
1522212829
1526420871
1537893543
1516356138
1526464107
1510049580
1516355845
1503909276
1522105312
1322492971
1490004190
1507459619
1521929745
1524713461
1545515384
1166859734
1172867127
1199764580
1202460695
1205901382
1322491752
1322491975
1458394177
1461752742
1489999114
1490026894
1490028804
1490402877
1492973414
1501783312
1492973414
1501783312
1502771501
1503141929
1503148121
1503201704
1503533105
1505708223
1506100693
1509056751
1513920407
1518149451
1522209326
1539072063
1526580386
1513939300
1518303380
1172781242
1526356983
1541278570
1110276859
1214379548
1432149431
1487187163
1487278328
1487278772
1490405476
1502580916
1502612589
1503203430
1503222867
1503797650
1503880086
1503986930
1504024116
1507521742
1507522157
1507541410
1507590200
1512389856
1512613900
1513016552
1513869532
1513880120
1513926426
1514071401
1514117367
1514132326
1514142600
1515378386
1518046563
1520448527
1520589208
1522104884
1522128585
1522197978
1522199856
1522207799
1522210163
1528451853
1538790935
1538803651
1538861426
1538872456
1540353721
1543347440
1543347060
1546198271
1546352915
1547125274
1547399602
1547450430
1547545859
1547581903
1547643689
1547664772
1547672493
1547700738
1547710024
1547718672
1547729937
1547745549
1547764876
1547848523
1548071452
1548519319
1548543113
1548556721
1548564076
1548570115
1548575735
1548985762
1549072775
1549112224
1549186938
1549196182
1549200719
1549231955
1549238608
1549246224
1549254127
1550158060
1550518544
1550532667
1550587898
1550726896
1550815103
1551652320
1552012404
1552017565
1552140952
1552220349
1552231734
1552248634
1552295221
1552302102
1552345708
1553126186
1553131181
1553139522
1547848523
1548071452
1548519319
1548543113
1548556721
1548564076
1548570115
1548575735
1548985762
1549072775
1549186938
1549196182
1549200719
1549231955
1549238608
1549246224
1549254127
1550158060
1550518544
1550532667
1550587898
1550726896
1550815103
1551652320
1552012404
1552017565
1552140952
1552220349
1552231734
1552248634
1552295221
1552302102
1552345708
1553126186
1553131181
1553139522
1553180218
1553184689
1553186512
1553190221
1553245448
1553257239
1553264573
1553317387
1553495993
1553506910
1553514718
1553592780
1553693715
1553769615
1553773509
1553777412
1553782674
1020292873
1171263806
1205931433
1205960328
1239251052
1322491762
1458378890
1491465206
1503267634
1503586195
1517029457
1517474541
1517544319
1517548575
1517581433
1526366804
1526376152
1543095819
1202390091
1205858845
1207806869
1541278566
1029139865
1028735025
1541278477
1170577606
1028759067
1028761162
1028908387
1029104765
1029110414
1317561570
1019811795
1547281940
1547626053
1547753660
1021112616
1202531372
1510137644
1172785790
1250232102
1239239054
1502696458
1207839460
1494410371
1028910143
1139521836
1172872260
1172787621
1239300633
1503351071
1541280753
1543744448
1139521497
1349862517
1509374157
1543744320
1555829271
1556644583
1518130322
1558308984
1558305847
1558319837
1558414003
1515362920
1541404039
1205635760
1512280991
1172754436
1515403068
1537133927
1537666334
1543741702
1543742272
1543743072
1543744285
1548977793
1549104434
1550719407
1553587808
1553710755
1554588939
1555791009
1170410268
1171143296
1171153161
1509371787
1537538723
1538496728
1139521204
1139522132
1165346063
1167700121
1547245471
1547614846
1165884956
1504026977
1490957597
1468971834
1167693819
1482871251
1503671584
1184922377
1317232627
1317661370
1317666608
1490009290
1493984436
1508413504
1508422906
1538044887
1522735597
1450697513
1465399032
1514745228
1210043400
1462885096
1225414823
1508299357
1538403184
1553200579
1523143825
1184242898
1503708291
1503802888
1183930848
1184259601
1184259601
1503888611
1500468466
1516615098
1503755908
1503782705
1503830988
1503862243
1503922011
1503980114
1504008495
1504557174
1504659424
1505206336
1505258207
1516681850
1199924750
1535451036
1200392762
1167635383
1167649155
1167689400
1167690122
1167708187
1184275339
1209646243
1209658485
1209666062
1209668306
1503357327
1491232945
1538021083
1184355086
1477915948
1510528494
1518509003
1209671035
1209672276
1516714890
1209663556
1500489035
1167630960
1167687020
1209630926
1516167256
1538067040
1525137008
1477852600
1486312313
1520242257
1512698472
1532213231
1512737228
1535571335
1500574335
1500520410
1500485211
1500563125
1500569847
1477915256
1500472493
1500477610
1500481353
1520088877
1517810994
1451026541
1512476669
1512604194
1548592882
1545610248
1296968154
1555680331
1399475217
1005035951
1015570547
1554591397
1555716821
1555728867
1555739143
1555745626
1555761205
1555780902
1555806310
1555818858
1556976398
1556980456
1556982677
1556986021
1557018059
1557039582
1557045512
1557056930
1557067425
1557075324
1557076192
1557084156
1557093143
1557137294
1557149995
1557152710
1557176155
1557177472
1557182526
1557199806
1557201827
1557208063
1557223545
1557228110
1557228643
1557237035
1557238199
1557243225
1557248134
1557252227
1557256728
1557261088
1557265072
1557266311
1557270718
1557565828
1557576468
1557595709
1557625474
1557637460
1557653192
1557679961
1557704029
1557712791
1557985977
1558011242
1557609560
1411144319
1443045928
1485662485
1453632023
1453610683
1453628537
1457175762
1529571182
1545904944
1545904431
1545897901
1545897912
1545905133
1545904055
1545900118
1545900888
1545901402
1545901416
1545901658
1545901695
1545901715
1545901790
1545902167
1545902650
1545902943
1545903006
1545903617
1545904140
1545904146
1545904560
1545904955
1545904972
1545906328
1545909142
1545909152
1545909641
1545910038
1545927738
1549116132
1549104809
1549104824
1549105202
1549105215
1549117243
1549107922
1549109466
1549109476
1549109481
1549110409
1549111210
1549116934
1549111623
1549111627
1549116639
1549111647
1549112374
1549112868
1549113059
1549113080
1549113155
1549113771
1549113889
1549114055
1549114999
1549115103
1549115242
1549115246
1549115532
1549115735
1549115736
1549116274
1549116545
1549116648
1549116653
1549116663
1555733237
1555785258
