1485229629
1219346502
1481304331
1293814005
1445904031
1374707809
1413335234
1377237394
1267154689
1473140646
1337951231
1316455827
1509607239
1316893709
1032442589
1474879755
1355356572
1313170386
1387895320
1266371742
1069966838
1268646361
1477755596
1287365001
1042735805
1347439128
1320277551
1471950743
1041409610
1243393767
1416517286
1390090252
1477726118
1476057538
1445036720
1219347959
1329052339
1384772438
1335627565
1226305799
1345878027
1052785453
1361195229
1396856272
1374470158
1448642977
1032355648
1244200349
1251021455
1178512592
1298374554
1496945039
1479419452
1446110880
1053065350
1416515681
1471277889
1517696849
1316775983
1434769897
1173538219
1499806947
1313083673
1219347959
1033898654
1479419452
1178512592
1490061114
1373337402
1031842227
1465874613
1246657699
1454899247
1267630176
1489158360
1346620587
1448632534
1448633293
1264986162
1472012863
1239033689
1383733276
1268506789
1504771065
1361193795
1293659078
1041595397
1494910317
1443639219
1478299478
1101327587
1477361168
1218990593
1374698897
1474145243
1489271947
1287733571
1275748899
1534435999
1333599162
1389262673
1429458508
1455454872
1242834250
1264521408
1320213957
1448626820
1456560933
1351470108
1429586515
1052703675
1313495175
1431707705
1495662296
1317067856
1335370188
1247788939
1494942717
1248221028
1345082551
1477355370
1456862209
1234511284
1218964800
1308637470
1503882418
1460550863
1042735805
1115667265
1279589849
1048206324
1312622942
1011828548
1477652956
1036085971
1429459272
1238235452
1260604460
1411970038
1434478901
1461385468
1035025420
1275799233
1460334368
1502441222
1099321455
1226654963
1032193209
1176886894
1294138186
1481322813
1276832941
1430663392
1282614450
1178330466
1136554320
1467935694
1445766174
1472673422
1063791838
1422467919
1288008744
1351135375
1016810115
1273555937
1452891653
1242393257
1281592054
1287414396
1331074841
1390381784
1514328497
1275681013
1349448134
1475907985
1217625368
1236936742
1263333710
1466286817
1463257636
1499477580
1080864409
1337079
1219285432
1513874818
1287860228
1467935694
1116373192
1226624481
1102329356
1463257636
1441920000
1088067425
1236936742
1475907985
1505315501
1263333710
1236710476
1466286817
1376986359
1275996851
1277469309
1042485065
1230095174
1335154157
1349719
1330359586
1414015228
1082670843
1462077954
1499806948
1220234702
1470889827
1235050793
1112335641
1178335507
1460549792
1238249632
1461112677
1472664156
1463104556
1040975746
1471745018
1502235765
1293900762
1341015549
1345054389
1482079605
1477652187
1504840871
1265362759
1079756165
1226271035
1468207514
1288177628
1420635420
1102271464
1266727503
1320179204
1091338678
1477607413
1273304143
1479453715
1099334437
1460550180
1115691778
1090013166
1502964716
1226261978
1507758216
1282206414
1315230331
1352484973
1497531460
1498374094
1529228512
1497552172
1131105418
1192159533
1023804307
1411452764
1314445569
1442109140
1458702435
1080288210
1079926424
1443434626
1052703675
1028769043
1345465411
1477667962
1276832941
1125124282
1379023275
1245076386
1474637602
1373316466
1268183242
1262465282
1486932059
1033487007
1444677387
1070245538
1038088176
1276981159
1264087759
1285641191
1473562362
1259708316
1444611270
1465521590
1433096210
1450485976
1463021312
1238450043
1253924741
1341966626
1292478554
1429214079
1345087758
1481347279
1392447143
1245076386
1125124282
1100600901
1320866875
1353356741
1331396660
1053561199
1436560939
1442801594
1351828211
1364502289
1115658124
1410980341
1421571177
1231367228
1448640156
1423440169
1372530050
1477043303
1480868444
1328857370
1470581811
1072863358
1471947825
1055055573
1389837726
1283975640
1301780566
1477370728
1486862309
1448881780
1472015770
1227456566
1449917809
1441486871
1331045300
1061726171
1241290403
1246135748
1013679022
1507987610
1242718949
1439999493
1410956799
1290323842
1367615983
1409388675
1371325
1412210128
1461661243
1234994175
1313327810
1392547539
1448637656
1055603966
1281485513
1384147641
1471480860
1500014688
1513931699
1192157929
1448642482
1486884472
1507971615
1394810385
1448634186
1281463346
1426309593
1457386175
1307138849
1279524118
1328761157
1462906080
1443746845
1446745235
1337841740
1236960623
1238059659
1390362197
1462890575
1228128206
1243327840
1411012042
1010756651
1343864063
1392782455
1035166208
1063182730
1477382331
1514005028
1338517774
1422568398
1430257826
1454381933
1247912873
1448633777
1287567597
1438454216
1423873343
1052108766
1374973248
1444982384
1462318659
1025627410
1033932028
1043114412
1231628748
1245011635
1415653821
1460234112
1501050387
1310423216
1328588486
1397719318
1474053540
1478419012
1337486814
1079049880
1477382331
1475502022
1457405578
1267884620
1445765190
1254285783
1063181008
1287748421
1286820249
1474692419
1076719443
1240627181
1309059523
1330511403
1489271948
1013859021
1032309935
1283559261
1305394556
1309040853
1418639183
1448636066
1425674210
1284084156
1345512982
1428030728
1048733568
1328077968
1412905304
1078000738
1477460749
1079630507
1251339600
1352702221
1409448907
1259061842
1472712148
1310935338
1315367825
1448645726
1074116460
1261080543
1436680751
1050389299
1245135820
1385063972
1454896769
1308753954
1358660799
1307750124
1455871565
1448629070
1460872480
1474397243
1060229586
1262747661
1317092048
1408886744
1412953711
1352421290
1477709374
1061566636
1444868278
1038421674
1448632494
1034425533
1403552343
1412934396
1244191439
1408886744
1352421290
1373406810
1055670331
1129899153
1228708134
1232953147
1321278773
1354897409
1366691052
1454902932
1539790637
1032696635
1254039760
1379279402
1362650365
1454886423
1469597835
1023850113
1222889202
1240164316
1481505491
1311279884
1317541072
1416256676
1448631983
1454898047
1468701279
1412900000
1419130318
1253209703
1354796992
1379573274
1412627275
1474088099
1245618802
1253232694
1403518078
1282653352
1385026205
1454899506
1409331570
1410918552
1448640678
1159309416
1332599239
1412361462
1474460370
1453954290
1454898524
1480087843
1477323989
1457410424
1412963368
1448639197
1454903052
1454462973
1454897593
1454898524
1012559436
1076616347
1346721550
1392775215
1247136930
1470907174
1452965068
1015314341
1051326138
1058988698
1243733771
1476785767
1273231498
1305661958
1033468400
1266945966
1375670853
1335853148
1014390366
1340934217
1391052005
1453709018
1479010048
1028354307
1412927429
1238051447
1454903255
1454466315
1454894990
1454900783
1036016650
1220475693
1432110423
1407651173
1452624939
1316564028
1452967040
1331471078
1363444292
1433509959
1460277980
1472665715
1021256358
1035270332
1288017855
1389731692
1413776678
1390558760
1048321749
1173487806
1308941861
1384934414
1499937965
1477433105
1499794734
1477693156
1477330663
1481304334
1477754909
1481353693
1477346636
1477442523
1457421663
1457381007
1457394890
1457428866
1457399607
1457369636
1457391556
1453688417
1454900819
1454902059
1454898767
1454899065
1454898935
1036016650
1479095134
1288017855
1434297916
1390558760
1413777056
1048321749
1173487806
1308941861
1384934414
1448636513
1448646133
1452966543
1453712568
1454899861
1454895494
1454898794
1454899625
1454901945
1455863320
1478469397
1015382922
1309221132
1453389137
1434742136
1448631945
1448630153
1448631636
1448630761
1448638244
1448631007
1448631190
1448633831
1448633938
1448632895
1448633109
1448633279
1448643554
1448642133
1448638086
1448641430
1448638854
1448639667
1448640642
1448641061
1448644360
1448642327
1448644841
1448645762
1448643292
1448643155
1448645252
1448643859
1452917163
1452917460
1452966429
1452967364
1452963616
1452964488
1452964497
1452965963
1452966466
1453709973
1453710220
1453711273
1453711375
1453713734
1453711579
1453712802
1453714242
1453712951
1453713834
1453954187
1453954262
1453956253
1453956939
1453957049
1453957467
1454463110
1454463476
1454463490
1454463752
1454463926
1454463999
1454464367
1454464648
1454465246
1454465556
1465501151
1454469935
1454465632
1454466797
1454467292
1454468050
1454468192
1454468849
1454468992
1454465632
1454466797
1454467292
1454468050
1454468192
1454468849
1454468992
1454469760
1454898529
1454893102
1454902860
1454897834
1454900936
1454900386
1454900046
1454899936
1454895615
1454897104
1454895889
1454896398
1454902138
1454896699
1454896955
1454896975
1454902464
1454900137
1454897528
1454897871
1454897911
1454899540
1454898401
1454902236
1454898607
1454900676
1454899764
1454898886
1454901449
1454899639
1454899184
1454901709
1454899416
1454899667
1454899716
1454899915
1454899990
1454901271
1454901061
1454901805
1454900870
1454900895
1454902577
1454902334
1454901847
1454902305
1454902635
1454902923
1454903129
1456905432
1459926882
1459942945
1505548779
1034506612
1250831841
1343436450
1344161329
1448630197
1448635504
1448968949
1464106509
1503887482
1028358354
1376201661
1051367776
1178500741
1233020303
1251109984
1388068250
1407142730
1413777745
1453957434
1453954971
1453956769
1453956967
1454467671
1454469955
1454896862
1454898116
1454901546
1454898698
1454900197
1454910012
1035170091
1064265858
1074288260
1129866656
1277363229
1282227299
1305605169
1374453474
1334807007
1379573272
1396938054
1454908991
1235211170
1255158302
1411143279
1267434833
1279627920
1309399638
1425318671
1466752905
1473146829
1489252536
1008490868
1033727415
1323612809
1215863113
1258524281
1259985005
1282588987
1289229417
1293986061
1294677048
1416050434
1452775102
1454357625
1331130657
1080522615
1312633968
1361756254
1467291539
1490049247
1490128344
1012485514
1013724344
1029957605
1419198070
1241199502
1249445967
1274571842
1284127155
1308983818
1401683007
1423841512
1434310201
1443421613
1446090763
1473698629
1474149668
1032393250
1035394421
1041608029
1063206272
1082634157
1161222137
1219236863
1252096866
1265180717
1266568831
1270172556
1279615724
1312592344
1314473071
1318158468
1327382604
1444420028
1444435815
1453957277
1503788897
1041615129
1053701322
1062977169
1100582832
1102350739
1178508110
1255721907
1266504187
1275493465
1474552103
1486906877
1062977169
1100582832
1102350739
1178508110
1255721907
1266504187
1275493465
1413777746
1474552103
1486906877
1032782060
1054466352
1094894974
1202156127
1379205142
1257365741
1296999680
1298748263
1299907502
1303750659
1345338651
1374359239
1391495817
1425763030
1450353258
1474053566
1474953532
1502244516
1033477183
1055235958
1072695874
1075488753
1096957107
1231311251
1271764711
1275305027
1277080452
1296941159
1306210458
1308928554
1316871339
1317763137
1326928404
1361160076
1366539614
1402404164
1372499902
1418981830
1427155942
1433807547
1443747747
1461407070
1472666299
1477650571
1007484663
1218322958
1406852273
1036960521
1116373026
1379318346
1340663805
1346397655
1413046378
1414773683
1435438573
1438490751
1459705702
1479287664
1478501798
1008336679
1024232217
1031392050
1032487119
1035305911
1036716156
1038235986
1063799289
1053259375
1048760203
1433771142
1064481220
1125176341
1226628842
1233205293
1239035647
1245646107
1250916994
1259056737
1266630039
1275389790
1284136770
1287428425
1288010323
1290411343
1304023168
1306402670
1315275400
1331475877
1333922826
1341336269
1349134327
1353495182
1354180233
1360744962
1360971714
1372312591
1376772000
1378923094
1382547259
1404397478
1420305433
1427369422
1440174016
1441575166
1477448459
1024169084
1054166502
1049844127
1055005436
1219365200
1257781174
1285367706
1285599798
1317871787
1324195769
1333540356
1337533331
1338985110
1374107383
1378088977
1378177322
1380193223
1380240590
1417643010
1413776874
1413777761
1445537585
1448880306
1454943029
1469769985
1477513251
1049559387
1064445425
1064458193
1065768349
1076445039
1079753463
1281290666
1264701612
1229151642
1234155802
1234335242
1245070557
1259922580
1265082158
1445063948
1286947063
1289330154
1293389839
1316767564
1317713522
1326745655
1327432263
1327521205
1329611252
1334869747
1361125191
1379296134
1398230076
1413776980
1428867224
1456579829
1473708945
1008146650
1007162019
1013777576
1030997926
1034941887
1036200603
1043147961
1329611252
1334869747
1361125191
1379296134
1413776980
1428867224
1456579829
1473708945
1008146650
1007162019
1011075982
1013777576
1030997926
1034941887
1036200603
1043147961
1245891721
1045076561
1047184742
1056605148
1379828954
1061582870
1062328851
1076642796
1098782949
1107092731
1176887987
1241340538
1246952855
1255250458
1259293311
1262695434
1263410881
1263463595
1266682186
1279229838
1282407229
1285588603
1288775529
1312832611
1315503551
1328220317
1337738983
1339179167
1354178525
1364744228
1366438986
1374689572
1375020070
1400693979
1405784812
1407347958
1417663734
1434342219
1441614165
1450303086
1455921476
1466279846
1478491325
1474659220
1230895407
1054560166
1056605148
1058174168
1379828954
1059631189
1072043329
1075985948
1076753133
1093016133
1100171387
1176889863
1182359578
1242524160
1245164861
1245649069
1246808500
1249495087
1250856701
1255566578
1256304978
1262811670
1266682186
1269064328
1275878459
1288968577
1290987101
1305928163
1334398980
1320968059
1328809983
1330781923
1335381554
1338407139
1361825403
1364495578
1365927133
1366477411
1369680309
1374440045
1382022035
1385675603
1389043510
1396602962
1396809280
1398592536
1398701933
1400693979
1422332483
1414708914
1416060248
1416714518
1417698885
1419800749
1421212757
1429596803
1431995618
1437565679
1454405499
1458403244
1458702334
1464399978
1466454839
1469481708
1473250848
1471842283
1472436943
1474146695
1477952631
1489264659
1003329753
1010513114
1010882540
1030931625
1032716086
1227431843
1036853843
1036987100
1047029055
1076512020
1052694649
1053488056
1053910356
1055433134
1059697005
1074341926
1075322608
1087318465
1102366832
1172407938
1222685686
1233058082
1234401358
1243733714
1251236682
1252292037
1252558170
1255168238
1256382072
1259942530
1263210081
1263975234
1268654455
1287567604
1287794806
1288999392
1292504024
1292217918
1294373159
1304419371
1307468358
1324609797
1329575273
1333611679
1345327362
1351894648
1356403321
1357499112
1360832281
1371666881
1377282840
1392444771
1403755595
1411449059
1412748529
1426020644
1428338099
1430407894
1446708757
1455001349
1461737703
1462055878
1466725532
1470349283
1470505670
1472669539
1473433646
1481518455
1499443581
1503228813
1526351550
1018804669
1029846619
1033447570
1037399548
1053495405
1178494849
1211754300
1215302984
1234454206
1249617322
1279598314
1293501968
1344774607
1345505663
1351868149
1358656218
1360960571
1381410264
1400660370
1404426654
1408121797
1418977857
1421026581
1429608537
1433741954
1444477145
1472404976
1474782967
1242979215
1032784713
1036134878
1037169041
1256408803
1041587704
1057718161
1065459159
1067652910
1082599772
1471875195
1407191281
1202518795
1263978749
1232763877
1238044343
1245088692
1266703999
1470782560
1279595862
1287586063
1294821458
1297287108
1307911953
1312812643
1322909954
1323182060
1329602137
1340432318
1368989797
1381394937
1389029213
1407693290
1438745036
1441224386
1444112633
1472007731
1475000067
1480777706
1014792381
1006496562
1007419017
1030466008
1036374921
1052396789
1230968843
1064354431
1192741781
1215253246
1228622778
1243813844
1244334935
1245858946
1247217885
1256528473
1259585835
1270067894
1288031055
1338448878
1343064371
1347027189
1354284437
1400696383
1445590007
1454979785
1471326265
1007160402
1284142067
1032511399
1034259476
1036224236
1343064371
1347027189
1354284437
1445590007
1454979785
1007160402
1032511399
1034259476
1036224236
1294824621
1316614141
1045153862
1065282477
1081728947
1094055405
1217131253
1228622778
1232893833
1234432261
1245078912
1249083835
1264970331
1276456969
1279589733
1281007997
1296225720
1286904139
1293690484
1296283127
1374720768
1310203712
1312338762
1313095141
1381621079
1338736060
1338988669
1347368699
1349125437
1377315623
1379707680
1384380484
1393189135
1425079499
1445734776
1445602237
1455428892
1460550878
1466724555
1004403359
1008436265
1075134751
1014583844
1017008620
1021343100
1284142067
1037585768
1031453067
1032126878
1032274688
1033437074
1033551704
1410510466
1041126708
1035448963
1036324480
1037014212
1037731497
1038236607
1041236937
1041354605
1041588608
1043478559
1047571966
1048659117
1052105468
1053579547
1054577622
1055181962
1055498272
1061540493
1064794340
1074483442
1076170018
1076692120
1076804141
1079744372
1108206522
1086608288
1096516218
1102280241
1105627504
1182367866
1188120999
1196949638
1213098304
1217197048
1228330992
1222707436
1225214521
1461455295
1230311404
1234459635
1234491372
1234506187
1234986367
1235457133
1242876666
1243395840
1245011261
1245082336
1247042561
1247251800
1248304934
1249161351
1250508832
1250627497
1255210648
1255575690
1257684493
1260583006
1305988734
1306356800
1308949495
1308958627
1311511382
1313171163
1313175945
1381621079
1316178879
1316778845
1317266195
1317639729
1318254405
1322523556
1324743949
1327117018
1334854133
1334886954
1335482014
1338760633
1345040630
1347059032
1350191289
1352546867
1353601710
1354109544
1358124323
1358294857
1360193389
1468821926
1362718946
1364222337
1372014632
1373818689
1374120912
1378924704
1381391399
1383749907
1391281170
1392502828
1393983998
1397740380
1398591575
1405813966
1407308676
1422077698
1412966820
1420284575
1423858102
1426178939
1432814572
1438930149
1445564220
1453383164
1453652570
1461451958
1468162493
1471200086
1471468856
1471713169
1471714939
1478479392
1478454053
1474771831
1474994692
1475351726
1479431835
1499412111
1038232956
1041563843
1075940860
1261417876
1286358542
1305716494
1283508313
1284053381
1317993747
1443480441
1446007522
1461743177
1478479394
1014670042
1042014682
1041704354
1042049231
1053032223
1064255464
1072636120
1069019008
1214201242
1234953039
1245170669
1294818393
1312009839
1313348120
1335094788
1367818884
1379407383
1392452404
1411029092
1411766331
1437492898
1460955277
1499987155
1223003409
1225736887
1236809530
1246034295
1304691494
1398148570
1007254918
1028276594
1034978539
1041370513
1058108884
1362529218
1093002513
1339256574
1351078169
1454944510
1463134790
1466594710
1471525370
1477512066
1506411300
1496714431
1010678548
1038077141
1042003842
1046793196
1059975008
1184875166
1242877417
1264976216
1266480557
1421760070
1331659563
1352603310
1360775117
1455016564
1474072470
1329253
1013321852
1013322602
1015894610
1048054047
1035748211
1042084779
1335045195
1079128017
1227351419
1262665038
1279871142
1283713167
1309244633
1334761422
1362621714
1396996509
1448638542
1448638377
1453099833
1455451884
1474875388
1537583931
1349921
1371226
1007978479
1000803738
1001046699
1001221289
1001418556
1001490084
1341109600
1004422496
1004692806
1005607067
1005614410
1008576444
1006786688
1006970488
1007442368
1007442646
1051073336
1051061252
1051062354
1051063336
1051077700
1051077185
1051076619
1007528847
1008225821
1016966246
1016748241
1008067913
1008069599
1008132002
1008306110
1008349008
1008436045
1008522165
1010574882
1010615089
1010679769
1019553148
1013913827
1010954432
1010979452
1011034897
1011055260
1011249800
1056821562
1011444957
1011447648
1011502038
1011502548
1011566542
1011566574
1011567210
1011649271
1424913893
1425925717
1011823720
1012395586
1012398858
1012531096
1023861955
1013245789
1013436399
1013733557
1013751409
1014027875
1014043614
1014662939
1014662091
1014326682
1014316748
1014653569
1014584058
1014589264
1014627237
1425925717
1011823720
1012395586
1012531096
1023861955
1013245789
1013322602
1013436399
1013733557
1013751409
1014027875
1014043614
1014662939
1014662091
1014326682
1014316748
1014653569
1014584058
1014589264
1014627237
1014669197
1014671609
1014732551
1014891735
1014900571
1014956340
1015012405
1015072190
1015080060
1015976933
1016645146
1016648615
1016651166
1017007968
1017036136
1017100950
1018521624
1018522420
1018443607
1020544038
1022810119
1022812650
1024294424
1024362810
1024364679
1025623649
1025623683
1025784405
1026833156
1026848314
1028088232
1028481588
1028493352
1032648009
1028624482
1028632244
1028737291
1028910518
1028920991
1029405507
1029047290
1029055058
1029081856
1029084350
1029149537
1029361757
1029207238
1029211860
1029300098
1029552617
1029573355
1029996496
1030268024
1030442997
1030487899
1335774823
1030712950
1030836542
1236149098
1030965459
1030995497
1031002882
1031040353
1031097539
1236154559
1031318442
1031321847
1031343270
1031423053
1031444003
1031463452
1031467745
1031470856
1031556127
1031600785
1031604574
1031850751
1031854784
1032610458
1032254725
1032320285
1032324917
1032330997
1032333230
1384928231
1032443112
1032445946
1032467101
1032471824
1032483726
1032510638
1032568795
1032572223
1032576909
1032580120
1032581087
1032608618
1032639481
1278021327
1038655044
1034423551
1034438121
1047235000
1034508608
1034682853
1034805061
1062491934
1035088149
1034994817
1368005373
1035159977
1035211621
1035228600
1035528321
1035617219
1035680728
1035703627
1035849036
1035869859
1035870185
1035895192
1035988046
1035990766
1036135407
1036238471
1036245488
1042625431
1036316491
1036321875
1036324879
1036325375
1036326027
1036326452
1036327881
1036370453
1036433104
1036559287
1036566491
1421152588
1036838904
1036895544
1036895771
1036956519
1036965185
1036970200
1037011569
1037012859
1037014669
1037046415
1037063238
1037111800
1037154991
1037160244
1037170793
1037199730
1054437533
1041596458
1037569986
1037573943
1037575540
1037844134
1053870456
1037934813
1037938298
1037948732
1038028458
1038279968
1038606654
1038700574
1038706479
1038743815
1039613477
1039615249
1039639538
1039642138
1039849571
1039852654
1039853215
1039853944
1040473909
1040918683
1041354778
1041505030
1041611304
1077081407
1041691274
1054775288
1041746187
1041946694
1042003932
1042003990
1048255047
1256090844
1042463267
1043049203
1042488798
1042679486
1042794506
1043039298
1043119933
1043150067
1043421015
1043503543
1043824833
1043912127
1044040062
1044977640
1045061339
1045336951
1045342304
1045355493
1045433740
1045586317
1046017614
1046021622
1046086452
1046288101
1046733599
1047042174
1047054322
1047512974
1047565422
1047578804
1047635885
1048108247
1048116136
1048120215
1048167362
1048275067
1048329553
1048335030
1048569176
1048598001
1048599207
1048947180
1049037959
1049490715
1049498180
1049505173
1049538733
1049604843
1049852567
1049854306
1049860148
1049870059
1049944230
1050971801
1051254429
1051764123
1051972475
1051977306
1052116057
1052305724
1052330067
1053566623
1053567857
1053554180
1053559911
1052486053
1052590193
1052598675
1052610938
1052700656
1053532179
1053544766
1053540584
1053501743
1053482869
1052817653
1052877438
1053133264
1053145641
1053162770
1053369231
1053381618
1053425313
1053518230
1054575214
1054562879
1054559370
1052700656
1053532179
1053544766
1053540584
1053501743
1053482869
1052817653
1052877438
1053133264
1053145641
1053162770
1053369231
1053381618
1053425313
1053518230
1054575214
1054562879
1054559370
1054473122
1053910202
1053910265
1053940230
1053948004
1053948599
1053948979
1053950421
1230960902
1113975267
1054206172
1054905710
1054977490
1054985149
1055077054
1055871986
1062468184
1056259817
1057114652
1057193335
1058039139
1058129126
1058214548
1058608333
1058828107
1058853750
1059710138
1231018600
1059982026
1060032791
1060033871
1060037212
1060037347
1060048790
1060072819
1060074221
1060078008
1060078210
1060078872
1060205705
1060211340
1060844900
1364728469
1061910324
1062299366
1062368643
1062639139
1062901758
1062956476
1063047706
1063048012
1063141818
1063438780
1063749521
1063804394
1073748038
1064351853
1064353211
1064355359
1064358671
1064361634
1064368902
1064390468
1064392413
1064442916
1064454382
1064469402
1064478995
1064496655
1064784502
1064901726
1065222573
1065459245
1065459418
1065459292
1065459486
1065459771
1065539006
1065546534
1065552059
1065634625
1066138175
1066136567
1066217051
1066350524
1066353435
1068689278
1068745514
1069239821
1069539937
1069557463
1069847328
1069978851
1070046755
1078592784
1070089323
1070402549
1071335240
1071847605
1071848180
1072378102
1072391429
1072443808
1072679260
1073299008
1073863968
1073949681
1074099395
1074237309
1074436340
1074612530
1076906616
1075444556
1075527420
1076694888
1076729115
1076753247
1076824452
1076827910
1394326733
1076992180
1077703916
1079672499
1079751375
1080266740
1080267416
1080268309
1082419252
1230194322
1082598315
1082601988
1082603079
1082604420
1083083027
1083475638
1083162200
1084393033
1084545515
1084780763
1085398536
1085427934
1085484507
1085531402
1086734532
1088177367
1090298952
1090533769
1093102304
1093839845
1093877974
1093929101
1094057269
1094060166
1096533564
1097656278
1098367123
1098957521
1099278899
1099285466
1106172733
1107099569
1113875650
1185141216
1185213969
1185266103
1185528487
1189797514
1469979800
1198355848
1200712148
1201857305
1201860450
1202376903
1204272488
1206704958
1208656498
1210333669
1211601307
1425660661
1211633220
1212263355
1215248268
1215261590
1213328068
1213336698
1213338415
1213340818
1214270391
1214330854
1214560055
1216475976
1215267420
1215300315
1215306696
1215310287
1215258389
1215263390
1215266477
1216382719
1215302941
1215340479
1215803602
1215877054
1215919173
1215955586
1215970158
1216311117
1216367647
1216705160
1217138698
1217139981
1217141553
1218955678
1218964800
1218967960
1218990593
1228330992
1226386378
1220204098
1220478845
1221641447
1468818081
1215955586
1215970158
1216311117
1216367647
1216705160
1217138698
1217139981
1217141553
1226386378
1220204098
1220478845
1221641447
1468818081
1222663912
1266742531
1260798121
1225274995
1226465213
1226599245
1226615228
1226688531
1226796087
1226890528
1227619834
1227699942
1227721068
1227732092
1228135743
1228200502
1228666768
1228668592
1229013764
1229030304
1230259062
1230309465
1230310840
1230477139
1230475065
1231155190
1231246341
1231444244
1231470530
1231570533
1231621144
1231656686
1231663618
1232443904
1232479880
1235433146
1233259717
1234058726
1234062952
1234134177
1234191237
1366601791
1234357459
1234402701
1234420612
1234438268
1234465103
1234534014
1234544483
1234951431
1234979526
1234988690
1234997744
1235002587
1235024717
1235297752
1235504051
1235997651
1236123841
1236155813
1236159674
1236196457
1236214626
1236304242
1236454984
1236591810
1236648447
1236709207
1236714102
1236737522
1236740613
1237004841
1237939696
1237992604
1237996084
1239168074
1239181376
1239241232
1240209803
1240305550
1241311997
1241338639
1241340612
1241397958
1241440533
1241484636
1241516213
1243756100
1244410670
1244103885
1244405459
1244980047
1244982011
1244990093
1245015631
1245019662
1245054238
1245075692
1245147969
1245150980
1245156217
1245584904
1245853607
1246574940
1451728159
1470780191
1248630088
1249867729
1249972597
1250002347
1250475930
1250491361
1250517858
1250859865
1251028233
1251123141
1251158880
1251188138
1251200701
1252134222
1252374419
1252633648
1252702849
1252746875
1252790606
1252796097
1253796677
1253612174
1253663504
1253696532
1253770859
1253807540
1253831956
1253833135
1253911465
1254171035
1254171284
1254265312
1255150780
1255155893
1255171128
1255175865
1255498762
1255508793
1255569495
1255617109
1255711232
1255686290
1255701754
1255717246
1255750879
1255904393
1256008823
1257119689
1257180380
1257214673
1257380438
1257572714
1271628071
1268622553
1258044488
1258095723
1258515098
1258672176
1258684467
1258734184
1258739579
1259006591
1259014907
1259447601
1259629519
1260722176
1260886672
1260897774
1260915180
1261456018
1261484294
1261943374
1262346683
1262451153
1262479949
1262630752
1262680630
1262693110
1262933773
1262961943
1263057549
1263509097
1263664591
1263711647
1263754355
1263861896
1263901019
1264058882
1264073578
1264105177
1264119899
1264137504
1264271847
1264358631
1286351018
1264582744
1264720005
1264722685
1264729246
1264747100
1264756699
1264977406
1265099636
1265116739
1265121707
1462749594
1266380924
1266392131
1266405039
1266410070
1266421774
1266443202
1266508141
1266512928
1266513327
1266516146
1266533061
1266545990
1266567341
1266600941
1266660134
1266776245
1266813459
1266824007
1267009308
1267016594
1267185955
1267423236
1267439436
1267574194
1267825296
1267939681
1267943761
1267959036
1268531786
1268606206
1268625131
1268668069
1268764482
1268883870
1268891295
1274969042
1268901094
1268904051
1268904502
1268964733
1268966179
1269021803
1269063747
1269070725
1269072241
1269074181
1269074570
1269076533
1269077760
1269079236
1269105359
1269168847
1269669820
1270338953
1270416203
1270674955
1275017868
1271719491
1271860414
1271968095
1272071282
1272227640
1272239375
1272262181
1273192299
1273248259
1273297998
1273500642
1273545552
1273732477
1273831951
1274033701
1274083677
1274094301
1274097926
1274448826
1275070272
1275215355
1275440429
1275517513
1275829074
1275918322
1438966109
1276499915
1276785602
1276834206
1276862496
1276876710
1276939441
1276961679
1276991227
1277813379
1277948724
1277959149
1278142088
1278256281
1278256854
1278261647
1278268706
1278328561
1278389734
1278468207
1278512475
1279145702
1279176137
1279298122
1279385865
1279398670
1279413876
1279421947
1279556188
1279572302
1279818185
1280649197
1280927991
1281394542
1281584615
1281590600
1282088685
1297960791
1282103768
1282108837
1296135937
1297947835
1282121481
1282135440
1282150011
1282161622
1282161721
1282446288
1282462156
1296512445
1282473634
1282577172
1282601509
1282135440
1282150011
1282161622
1282161721
1282446288
1282462156
1296512445
1282473634
1282577172
1282601509
1282629024
1282632393
1282632664
1282633074
1282677751
1339321991
1296984987
1283357082
1283360441
1283371342
1283423545
1296738036
1283529358
1283528812
1283588927
1283796210
1283823811
1283944033
1283945644
1292468948
1283993669
1284039597
1284053569
1284071773
1284089389
1284202349
1284162988
1284190891
1284323846
1284554425
1284847921
1285348207
1285414827
1285495955
1286375579
1286090740
1286388056
1286444126
1286527189
1286787078
1286798755
1286911140
1287408314
1287413874
1287430024
1287469845
1287695255
1287704564
1287723416
1287775205
1288012518
1288180410
1288198699
1288729882
1288754812
1288992423
1289223182
1289225940
1289228857
1289250549
1291038191
1290310142
1290327546
1290342400
1290348049
1290661893
1290689734
1290766837
1290806906
1290953213
1290987057
1291107411
1292500030
1292394869
1292721234
1292801899
1293025775
1293025781
1293026618
1293054651
1293056347
1293060582
1293068471
1293543760
1293660785
1293673687
1293715586
1293801228
1293887680
1293977718
1294033479
1294711876
1294727008
1294859688
1294888613
1294889505
1294889950
1294892937
1294893042
1294893244
1295156427
1295191611
1295209892
1295260656
1295354332
1295566985
1296280968
1296288111
1296411846
1296482930
1298633082
1298937958
1299736247
1299905122
1300052981
1300097321
1300128424
1300395467
1301523815
1302869382
1302928582
1303189690
1303213424
1303346787
1303961752
1304108354
1304259026
1304289612
1304293487
1304301592
1304429532
1304487990
1386211412
1304570609
1304596058
1304706477
1305391384
1305406252
1305490085
1305578063
1305907777
1305914339
1305914853
1305938499
1305941352
1305943183
1305945419
1305948616
1305955126
1305965126
1305968530
1306017405
1306028597
1306050439
1306050565
1306052650
1306060471
1306106368
1306400652
1306409804
1307472348
1307559007
1307657802
1307674160
1307791326
1307803557
1307878161
1307935388
1307976984
1308008156
1306028597
1306050439
1306050565
1306052650
1306060471
1306106368
1306400652
1306409804
1307472348
1307559007
1307657802
1307674160
1307791326
1307803557
1307878161
1307935388
1307976984
1308008156
1308040272
1308090554
1308101031
1308102407
1308102574
1308193072
1308510754
1308790959
1309323990
1309377972
1309437997
1309868276
1309888282
1309889852
1309889103
1309917554
1310295260
1311117369
1311303413
1311442433
1311451879
1311530936
1311573614
1311645582
1311677471
1311812460
1312120781
1312173208
1312259134
1312376230
1312382959
1312385978
1312446014
1312587632
1312710986
1312744212
1312808565
1312897116
1313083673
1313095141
1313107436
1313307019
1313922338
1314160999
1314247750
1314405422
1314416104
1314478016
1314715933
1315044152
1315193567
1315176787
1315197043
1315420603
1315710306
1315792201
1316245431
1316293743
1321736141
1321209758
1321119220
1321225439
1319118459
1421764009
1321150270
1316381843
1316468757
1316469198
1318052880
1316577129
1316763790
1318331893
1317999098
1318309256
1317716871
1316711457
1318205596
1318198608
1318212597
1316806673
1317891261
1318727840
1318267289
1316598329
1316595803
1316639302
1316669855
1316682620
1316695809
1316700363
1317375984
1316745921
1318066029
1317876738
1316797350
1318005668
1318144374
1318137375
1316830403
1316875604
1317092107
1317223271
1317371024
1317515683
1317599197
1317698778
1317763831
1317768641
1368107647
1317895334
1319078272
1320426268
1320511318
1320792185
1320977471
1320978876
1320956584
1320952626
1320958653
1320978903
1321162721
1321210563
1321214514
1338599132
1321453082
1321663087
1322418842
1322463561
1322607925
1322979458
1323031632
1323050929
1323169204
1323210153
1324142820
1324245038
1324515354
1324944295
1325365503
1325399461
1325535545
1325929230
1325931785
1326090808
1328724153
1327064822
1327070847
1327116664
1327182062
1327404920
1327420750
1327563359
1328286504
1328299104
1328339544
1328362191
1328521566
1328788010
1329411305
1329591802
1329600696
1329600969
1329980978
1330324140
1330329653
1330331869
1330335609
1330338841
1376561623
1330490220
1330498078
1330635110
1331302005
1331331621
1331876188
1331992993
1332041093
1332080804
1332104243
1332105325
1332282125
1332414774
1332507931
1332634996
1333042575
1334467724
1333759785
1333764417
1394480540
1334556660
1335137414
1335390095
1335390794
1335396592
1335398938
1335421683
1335721965
1335762276
1336720575
1337081267
1337933502
1337934992
1338022044
1338111881
1338310696
1338424763
1338450753
1338828838
1338876419
1338925615
1338979798
1338987790
1339043856
1339061843
1339345499
1339752872
1339916730
1339928630
1340673079
1340855256
1341211374
1341328999
1341211374
1341328999
1341382159
1341494456
1342340892
1342593556
1342702288
1342932631
1342999349
1343163043
1343262685
1343320727
1343393185
1343420410
1343469429
1343503572
1343565391
1343630779
1343632596
1343675330
1343824709
1344943761
1345027553
1345030121
1345050031
1345074138
1345104414
1345113186
1345237849
1346961719
1346973329
1347091721
1347142764
1347575537
1347630066
1347630120
1347665700
1347908243
1347956087
1348220979
1349767564
1349881900
1349886586
1349887011
1372761933
1350031757
1350545361
1350561012
1350561360
1350561470
1351181549
1351508928
1351586737
1351632363
1351746413
1351755858
1351767520
1352496056
1352855548
1352900759
1352915793
1352925541
1352933516
1353094482
1353177497
1353789635
1354115007
1354129417
1354166449
1354189706
1354204515
1354214785
1354235172
1354238200
1354243930
1354353271
1360782422
1354674492
1354953561
1354956362
1354968803
1354976922
1354991876
1355067558
1355079513
1355210642
1355681334
1357993914
1358043195
1358043898
1358136568
1358136887
1364055653
1359919700
1360797629
1360811826
1360841787
1360859394
1360870796
1360896819
1360978104
1360985293
1360994817
1361150190
1362281085
1361173177
1361193784
1361233148
1361459098
1361592413
1361708816
1361948435
1362243565
1362838022
1362950670
1363179021
1363196844
1363366178
1363574784
1363603478
1364241196
1364241851
1364501695
1364722791
1364812762
1364825110
1364882533
1364955746
1365905067
1366298258
1366440740
1367339946
1367531595
1367830806
1418944260
1418950477
1418941757
1368987985
1369427726
1369461986
1369481859
1369511870
1369660031
1369665796
1369887968
1370065246
1370081354
1371770508
1371771798
1371783277
1371844017
1373115210
1372360159
1372093540
1372285987
1372479250
1372736827
1373044159
1373354146
1373407354
1373423345
1373815050
1374088686
1374679693
1374782396
1374842710
1374858661
1374874329
1374905906
1374915829
1374946615
1375016061
1375443985
1375543426
1376307539
1376807937
1376940150
1376965601
1377199532
1378131096
1376965601
1377199532
1378131096
1378331851
1378924715
1379183194
1379262290
1379392394
1379471540
1379742227
1380287008
1380492080
1381264532
1381199292
1381398078
1381690089
1381979361
1382523312
1382546968
1382547361
1382547446
1382622783
1383271525
1383379603
1383752072
1383752843
1384009752
1384707443
1384715851
1384812701
1384854653
1385066759
1385473535
1385473690
1387487168
1397363763
1396614956
1388349353
1388487207
1388565791
1389034068
1389039941
1389071174
1389103863
1389471512
1389702756
1389827303
1390036452
1390095995
1390140488
1390166704
1390387314
1391144417
1391146207
1391190679
1391295266
1395840188
1395880073
1392124256
1392154312
1397197229
1398631905
1399007269
1392843394
1393194374
1393285229
1394661844
1394889255
1394912917
1395252012
1396177370
1397946020
1397598572
1397891099
1398592639
1398592031
1398592349
1398767407
1399154463
1399478833
1399994315
1400098454
1400480966
1400489068
1400498995
1400617466
1400618690
1400670265
1400675568
1400694990
1400696731
1401268140
1403456459
1403758465
1404136795
1404247849
1404343769
1404396153
1404453245
1405024130
1405210207
1405217618
1405297212
1405676175
1405817124
1405822968
1407465669
1407578096
1408182283
1428807954
1428742859
1428711717
1428399807
1408516492
1428435730
1428337009
1428680718
1408662271
1409516929
1409528352
1409543113
1409554525
1409702244
1422369833
1422057957
1422067003
1422269222
1422396442
1423175005
1422289132
1410762203
1410762219
1422161479
1422114793
1422021328
1422149891
1422119208
1422240817
1422251035
1422468105
1422280329
1422232332
1422292977
1422504217
1422078093
1422144101
1422304033
1422189014
1422041632
1422052046
1422382411
1422381068
1422034377
1422165542
1410765262
1422578391
1422456919
1422575971
1422468044
1422482488
1422584589
1422292082
1422077944
1422383478
1422467954
1422228808
1411045992
1411438089
1411530602
1411542162
1411565929
1411572716
1412196635
1423797243
1416121472
1411961811
1412297020
1413239081
1413239102
1413271377
1413271377
1413645081
1415351296
1415353857
1415386054
1415418656
1415968483
1416336631
1416347404
1425021785
1416504992
1416565891
1416768841
1442647757
1419116182
1419530828
1422287217
1420261709
1420944365
1421197288
1421451926
1422498308
1422138083
1422172329
1422246759
1422262250
1422271085
1422307468
1422330359
1423700232
1423713211
1423759624
1423760355
1423793493
1423857940
1424198812
1424253806
1424617309
1424617140
1424615486
1424615683
1424617448
1424971876
1425326080
1425609145
1425609261
1425606878
1425608224
1425609339
1425727020
1425847047
1427428287
1428633154
1429459156
1429563842
1429561816
1429564052
1429562512
1429563632
1429563559
1429562512
1429563632
1429563559
1429563425
1429574940
1429568805
1429570003
1429570926
1429573929
1429572444
1429573437
1429572234
1429572111
1429572198
1429572216
1429573846
1429573032
1429573077
1429576048
1429574656
1429573469
1429579487
1429573691
1429579270
1429574898
1429575009
1429579550
1429575082
1429575769
1429575913
1429579699
1429578328
1429579334
1429585733
1429583517
1429585234
1429584424
1429586678
1429587550
1429586454
1429585020
1429587256
1429585291
1429585951
1429586047
1429592297
1429597567
1429597980
1429596019
1429597792
1429597847
1429608636
1429608790
1429607093
1429682759
1429682959
1430660031
1430663046
1430657205
1430664359
1430660702
1430660440
1430659837
1430661069
1430658727
1430658862
1430661900
1430661380
1430659407
1430659472
1430659517
1430659791
1430659892
1430660104
1430662238
1430660275
1430660563
1430661616
1430660797
1430664751
1430661005
1430661434
1430661405
1430662448
1430661524
1430661793
1430665095
1430666695
1430662385
1430664139
1430665340
1430663253
1430666833
1430663092
1430663458
1430663295
1430664971
1430663821
1430664516
1430665530
1430668487
1430665598
1430665998
1430667485
1430668177
1430666452
1430667184
1430667381
1430667752
1430968886
1431649682
1431995620
1432685400
1433452243
1433686739
1433778627
1433851635
1433963703
1433968873
1434035278
1434297916
1434303943
1434308747
1434342219
1434349258
1434502530
1434500585
1434511145
1434593577
1434599979
1434600196
1436672455
1436924740
1437060092
1437336238
1437865085
1438217035
1439562152
1438637436
1438639414
1438804971
1438977760
1439163049
1439251732
1440189193
1441229743
1441249178
1441259879
1441407908
1441572343
1441572968
1441572794
1441572545
1441578443
1441570782
1441577907
1441572231
1441572311
1441572423
1441577430
1441573104
1441578735
1441573313
1441578886
1441578062
1441578241
1481837418
1441578146
1441580136
1441575755
1441575792
1441575973
1441579170
1441578363
1441579455
1441576984
1441577020
1441577125
1441577184
1441577218
1441578996
1441577505
1441577564
1441580272
1441578541
1441579305
1441578093
1441578162
1441579530
1441578288
1441578316
1441579058
1441578470
1441578502
1441578652
1441578671
1441580081
1441579961
1441579353
1441579688
1441579870
1441596103
1441595436
1441593801
1441595271
1441595644
1441595054
1441595503
1441595878
1441615440
1441609626
1441610002
1441616433
1441614530
1441611359
1441611426
1441612572
1441612617
1441617687
1441614888
1441613094
1441618016
1441613293
1441613847
1441613555
1441613926
1441614434
1441615732
1441614194
1441615537
1441618366
1441617140
1441615372
1441615475
1441615567
1441615613
1441617520
1441615677
1441615766
1441615807
1441615828
1441615957
1441616638
1441616510
1441616988
1441616919
1441617168
1441617309
1441619479
1441617801
1441619081
1441618502
1441618969
1441619246
1442687788
1442781296
1442921448
1442945301
1443277673
1443672548
1443377046
1443431919
1443494809
1443510451
1443632361
1444075574
1444076145
1444075901
1444075944
1444073693
1444073724
1444075344
1444075752
1444112864
1444102916
1444110031
1444105618
1444106568
1444110648
1444109650
1444107271
1444107323
1444111834
1444107895
1444112432
1444109895
1444108416
1444108588
1444108958
1444108990
1444111160
1444109174
1444109280
1444111701
1444112052
1444109469
1444109553
1444109944
1445554699
1036850154
1419151500
1376600856
1466167158
1349696
1026847054
1387486053
1398412007
1446651847
1473485102
1012666740
1013077581
1080835374
1073540403
1088194604
1455163931
1403669
1008580491
1011936757
1014526879
1013754362
1015072846
1026834524
1028394712
1030272032
1031204460
1033304662
1034487234
1036326317
1063636740
1036805561
1062078195
1065551723
1071269921
1076612223
1081998107
1107228823
1296699992
1237990421
1283480259
1244335476
1247288824
1248021459
1249593966
1252879178
1263140297
1270180103
1276417336
1276674620
1278513839
1278524983
1281559789
1281575008
1281577969
1285363517
1286598496
1286947843
1289395159
1291029763
1302093481
1304898424
1305320749
1305358533
1309383820
1317829138
1317472581
1318361558
1330273680
1331943624
1333641115
1335027929
1335044652
1335411350
1335942217
1456408730
1337909369
1342561430
1343219604
1346101282
1346467842
1353214627
1361304850
1361672203
1365109001
1369403667
1373848429
1373928980
1378456139
1382572204
1389832865
1388805558
1396572273
1397460300
1400060298
1408549467
1408591112
1410307918
1465395004
1415168718
1416564435
1421432929
1426355199
1428307794
1431007292
1433765911
1439640799
1440158962
1455899775
1034398736
1217154000
1338962936
1012091969
1293024464
1409126757
1293067126
1509839530
1390672285
1503165079
1002445633
1238248670
1289507636
1330273680
1331943624
1333641115
1335027929
1335044652
1335411350
1335942217
1456408730
1337909369
1342561430
1343219604
1346101282
1346467842
1353214627
1361304850
1361672203
1365109001
1369403667
1373848429
1373928980
1378456139
1382572204
1389832865
1388805558
1396572273
1397460300
1400060298
1408549467
1408591112
1410307918
1465395004
1415168718
1416564435
1421432929
1426355199
1428307794
1431007292
1433765911
1439640799
1440158962
1442071821
1455899775
1034398736
1338962936
1012091969
1217154000
1293024464
1409126757
1293067126
1390672285
1503165079
1002445633
1238248670
1343593979
1308962708
1313514810
1383754387
1398342448
1504983978
1100593846
1247252211
1247902528
1248674448
1248651129
1249163540
1250700805
1250914511
1253222134
1257607230
1258000662
1262108149
1262593130
1262737038
1263649286
1263714454
1263967603
1264114290
1264281151
1264379154
1264538937
1265306921
1267623490
1272500612
1315192064
1278227674
1279495048
1282820959
1294094449
1295386169
1297373844
1301522928
1301528602
1301536667
1301976727
1304749556
1305446806
1307874080
1309795372
1311017996
1316252541
1317854032
1317458146
1320818314
1322441473
1323609974
1325962225
1326055198
1329333276
1329951050
1332784588
1333281624
1338923770
1339698100
1343108070
1343455636
1344614980
1344618402
1346226988
1347219303
1347288997
1249163540
1250700805
1250914511
1253222134
1257607230
1258000662
1262108149
1262593130
1262737038
1263649286
1263714454
1263967603
1264114290
1264281151
1264379154
1264538937
1265306921
1267623490
1272500612
1315192064
1278227674
1279495048
1282820959
1294094449
1295386169
1297373844
1301522928
1301528602
1301536667
1301976727
1304749556
1305446806
1307874080
1309795372
1311017996
1316252541
1317854032
1317458146
1320818314
1322441473
1323609974
1325962225
1326055198
1329333276
1329951050
1332784588
1333281624
1338923770
1339698100
1343108070
1343455636
1344614980
1344618402
1346226988
1347219303
1347288997
1347563924
1349166726
1354871054
1361334798
1362659819
1364125038
1368544815
1371321287
1372224634
1373525793
1376965498
1380950624
1383373083
1388140080
1396787336
1397100742
1397798321
1404824705
1409469147
1415392341
1417608245
1419516171
1421589910
1429458486
1430239882
1433521899
1434377952
1455570395
1461679509
1232983640
1247536024
1459703803
1304182538
1361831210
1410276190
1208178441
1407441738
1479371720
1178281337
1233130948
1492800179
1443610696
1460058774
1215256193
1243312325
1325184502
1328726508
1257651936
1349124906
1323439265
1424377090
1471200062
1479436620
1486949521
1094331543
1249834565
1318620575
1328533099
1409194467
1438871631
1372260167
1442492390
1432029020
1276461146
1276461146
1346100260
1364671894
1364186253
1463072993
1344614122
1296838488
1339350321
1353416010
1392701267
1286796604
1178516989
1355193865
1341682327
1368284882
1434287641
1279721318
1028391225
1032570808
1231304231
1305541042
1305553375
1290865293
1311939589
1391875903
1122297859
1232478315
1263663122
1343636506
1241359560
1398343480
1504752558
1252403001
1278423605
1367577009
1387286068
1418542093
1046597440
1250062884
1421663433
1032197678
1066265042
1314032224
1331403561
1445578518
1319207796
1159510862
1307910220
1308794788
1463192917
1022867585
1408874394
1445097326
1014373423
1265208111
1470600738
1473053240
1266280735
1462826405
1470157717
1035748758
1472908746
1229005384
1388117654
1491065268
1473049937
1473050658
1502500841
1329567387
1491039045
1215867957
1253805709
1314522817
1379058277
1398304506
1421076461
1438810148
1456874900
1253963882
1507786872
1411452822
1262223788
1263650522
1384900262
1456587160
1304717076
1331152132
1321208984
1363176673
1245272320
1270599582
1029422129
1296687337
1334740078
1236673254
1279142850
1279643732
1349826011
1244048950
1375103454
1433672308
1448881772
1455516757
1042294125
1055048349
1208614348
1260839663
1286797201
1450149154
1476313591
1501935989
1036925822
1309392230
1086097132
1217727623
1244401964
1254651777
1029206463
1380734447
1052763616
1456649179
1295141464
1379040282
1454198916
1457098487
1406179138
1419507115
1478428139
1236863947
1444504101
1255988752
1358713170
1309807742
1376363223
1411956568
1477612505
1477616028
1003329199
1006250504
1008300897
1018441397
1019687530
1020880374
1020881499
1025818585
1025820315
1025821934
1044067032
1027639884
1028390972
1028390961
1031874476
1037713095
1032635528
1033125795
1034512811
1035308213
1036143572
1330308748
1255310366
1048682807
1050193793
1055048268
1058184780
1063458527
1066118132
1067753005
1077949285
1084414884
1084422906
1129965372
1223625063
1223625404
1223627319
1223627584
1223628782
1227654527
1227677845
1229154983
1257288918
1246569140
1250506277
1250795261
1254265441
1254280488
1254299167
1254322899
1255301622
1282532211
1256118822
1256294926
1256341063
1256343892
1257504339
1259778960
1261384901
1262104674
1262209663
1271276241
1271239225
1271198053
1267026157
1267815523
1274442659
1276359185
1277447576
1285802084
1286407675
1286917732
1287235594
1287273591
1293948227
1296655956
1314421722
1303860373
1304579026
1305535233
1306288078
1306368664
1315197981
1315206584
1315549690
1321451871
1316720849
1317118125
1317414541
1319123802
1319946494
1320942721
1321202501
1321205188
1321327855
1321755652
1321930962
1325350304
1325363668
1329547871
1330060843
1330500346
1331467020
1254280488
1254299167
1254322899
1255301622
1282532211
1256118822
1256294926
1256341063
1256343892
1257504339
1259778960
1261384901
1262104674
1262209663
1271276241
1271239225
1271198053
1267026157
1267815523
1274442659
1276359185
1277447576
1285802084
1286407675
1286917732
1287235594
1287273591
1293948227
1296655956
1314421722
1303860373
1304579026
1305535233
1306288078
1306368664
1315197981
1315206584
1315549690
1321451871
1316720849
1317118125
1317414541
1319123802
1319946494
1320942721
1321202501
1321205188
1321327855
1321755652
1321930962
1325350304
1325363668
1329547871
1330060843
1330500346
1331467020
1332166723
1335449121
1335761106
1335806676
1013373254
1023811378
1029824945
1030803594
1488190558
1032117091
1062249085
1034716173
1035179135
1035303973
1036072485
1053259916
1038024070
1050899923
1050989254
1233046864
1060218501
1063493997
1075498801
1114221097
1200670088
1217715173
1220233376
1227457617
1229900362
1234996306
1237532050
1240445351
1371674254
1241104997
1241130636
1242652293
1242857136
1244273302
1244401963
1245638352
1248782523
1249104793
1421383134
1249218359
1249464525
1250097713
1251111895
1252444912
1252840574
1253422432
1253894266
1254333951
1254353620
1254373343
1254403102
1255232083
1255246080
1255259089
1255278415
1255289222
1255296237
1255375620
1255390063
1255395393
1255398175
1255403308
1255585284
1256539565
1259811544
1260680357
1260837682
1261918045
1262490368
1262536810
1262639063
1465212929
1262913517
1263386637
1263680204
1264198922
1266706191
1266713999
1267913588
1268238286
1270505090
1271352166
1272478652
1274040593
1274053484
1275376294
1277025867
1278603681
1278688945
1281570145
1282375922
1292078064
1292722251
1294181201
1298034900
1300022129
1301528209
1301528392
1303920382
1305426508
1305436442
1305766434
1307430731
1307514169
1308053408
1308545058
1312246505
1313840203
1314036997
1314059282
1314762348
1337495452
1315515670
1316291976
1318968215
1320214526
1320456200
1321548087
1321666425
1323132917
1323567787
1324457619
1324774975
1326351520
1326353026
1326390706
1327369688
1328847046
1329177863
1329627047
1337209726
1335102855
1335682742
1335959320
1337011738
1340769206
1342661629
1343165553
1343315558
1344613627
1344615065
1344615119
1348981496
1349608429
1351347695
1352792531
1353407158
1355965362
1357001771
1493408822
1358672214
1363259055
1363362758
1365961539
1366085915
1367080701
1368454880
1368536712
1369409963
1369493272
1371314506
1371598586
1372501847
1373826332
1376597951
1380511977
1380650353
1389970507
1390129026
1391752593
1397053168
1408025080
1411175025
1411376776
1418378799
1425858496
1426887699
1431209749
1434056685
1030530758
1398798525
1310543390
1344604996
1445055483
1263773091
1061169999
1467285042
1010583205
1255845134
1471817012
1412910387
1419795468
1468284903
1059742314
1459577658
1299734060
1512303312
1033423882
1523173849
1030826079
1036913296
1512500619
1237856467
1331700168
1303041330
1318616590
1410984588
1262318708
1506886872
1099032035
1409113957
1525933999
1241359578
1498584927
1344614057
1411253205
1067729909
1223629047
1300987523
1032594537
1036375077
1293412830
1293565544
1297818261
1317752357
1348757348
1441276885
1457166421
1504056532
1443590693
1040507005
1229273482
1242822288
1434487805
1293725073
1444888569
1011092575
1203870064
1304164736
1306286544
1311001409
1443478650
1269981481
1325650764
1304084733
1354566763
1356316677
1445224207
1032663754
1270192893
1294713140
1311706537
1409648980
1055625319
1306107070
1456520046
1264813616
1307174798
1236427888
1328351398
1443457116
1473032450
1255280414
1299774536
1363641315
1445099512
1235272743
1366527667
1260564851
1445554681
1453894815
1381678002
1353074192
1415404173
1444523607
1464395052
1050069564
1073612994
1265203168
1409559732
1463174651
1088222096
1091912961
1320938240
1333747061
1471527783
1260448140
1266756515
1454294047
1050984045
1235124136
1431730513
1444366853
1460883171
1502536094
1047758250
1291014575
1302686859
1344614937
1449929679
1325650764
1304084733
1354566763
1356316677
1032663754
1270192893
1294713140
1311706537
1409648980
1314045730
1055625319
1306107070
1456520046
1264813616
1307174798
1236427888
1328351398
1443457116
1255280414
1299774536
1473032450
1235272743
1366527667
1445224208
1260564851
1453894815
1381678002
1050069564
1353074192
1415404173
1444523607
1464395052
1073612994
1265203168
1409559732
1463174651
1088222096
1091912961
1320938240
1333747061
1471527783
1260448140
1266756515
1454294047
1050984045
1235124136
1431730513
1502536094
1047758250
1291014575
1073210710
1050866268
1235535629
1302686859
1314032316
1329182890
1339242236
1350438843
1066151366
1356912513
1037044708
1439735061
1006716670
1014992000
1015067990
1018442649
1028253900
1028415331
1028934110
1029045639
1367785702
1036244438
1037043818
1267598084
1037069355
1037069378
1042424572
1048110587
1048739324
1060964570
1073442722
1073862540
1088237847
1088184215
1205274583
1235546933
1236307877
1238002897
1238203134
1246920047
1246751749
1253163510
1256023673
1257911551
1260471119
1262336489
1262628619
1267518307
1267539761
1267827327
1267935981
1268638663
1275035104
1278108551
1288257644
1406729671
1296888823
1299746333
1304842020
1308853514
1309088073
1312161926
1312473303
1313545767
1316282494
1316784715
1316830664
1317356923
1325090609
1326047335
1328295774
1330894638
1337958991
1338521535
1338595892
1339668066
1341872407
1358708579
1361767156
1368127450
1371486707
1373120900
1378809788
1442954454
1379018710
1384089480
1390613946
1400345972
1418857337
1213117829
1292721567
1309050731
1482948450
1286726055
1421940924
1333946039
1356928235
1475019818
1031083989
1032529151
1034713168
1036316240
1037148064
1048773341
1054627709
1057576355
1086162920
1213831336
1214231839
1230639663
1238844455
1244368395
1249019874
1250884994
1258024366
1259477169
1259733202
1259764445
1261463877
1262012043
1262722073
1264533969
1264808042
1265196276
1267042946
1268015083
1271873088
1284183642
1292135292
1296406866
1442954454
1379018710
1384089480
1390613946
1400345972
1418857337
1213117829
1292721567
1309050731
1286726055
1482948450
1421940924
1333946039
1356928235
1475019818
1031083989
1032529151
1034713168
1036316240
1037148064
1048773341
1054627709
1057576355
1086162920
1213831336
1214231839
1230639663
1238844455
1244368395
1249019874
1250884994
1258024366
1259477169
1259764445
1261463877
1262012043
1262722073
1264533969
1264808042
1265196276
1267042946
1268015083
1271873088
1284183642
1292135292
1296406866
1300586811
1303716077
1305564949
1305775864
1311044947
1312352443
1312601677
1312854499
1312868649
1314000219
1314774016
1314783256
1314785810
1314942833
1283879857
1296867764
1315785388
1356263784
1371858230
1449468484
1361100980
1235328098
1292901498
1337100007
1310446665
1051287232
1356487495
1499032176
1444470862
1246791696
1467027129
1474532199
1300533954
1391849560
1316891237
1470668392
1066540926
1225011738
1327978498
1438585164
1238816942
1401101192
1444418134
1093988521
1268181971
1478615598
1501925602
1506377059
1230393709
1255815041
1434437926
1455128066
1463215309
1213121293
1315391411
1401140469
1455079042
1462979713
1509929195
1518451857
1005883281
1217731887
1289151410
1477801215
1284302997
1374748439
1437912286
1255329724
1450480930
1211494597
1382585046
1411891814
1412070150
1479120070
1363147510
1363641313
1453169078
1293478048
1244688781
1280704500
1361487811
1245447122
1263745361
1398072031
1484564333
1340655591
1443434483
1442962213
1455444456
1449929671
1253854635
1262515266
1270655576
1276709745
1283879857
1296867764
1315785388
1356263784
1371858230
1449468484
1361100980
1235328098
1292901498
1337100007
1051287232
1356487495
1243054650
1310446665
1444470862
1499032176
1246791696
1300533954
1391849560
1467027129
1474532199
1316891237
1225011738
1066540926
1327978498
1470668392
1438585164
1238816950
1268181971
1444418134
1093988521
1424713395
1478615598
1501925602
1506377059
1230393709
1255815041
1455128066
1463215309
1213121293
1315391411
1401140469
1455079042
1462979713
1434437926
1005883281
1477801215
1509929195
1518451857
1217731887
1289151410
1374748439
1437912286
1255329724
1284302997
1450480930
1046285275
1079566089
1211494597
1382585046
1411891814
1480606648
1387986132
1479120070
1217492906
1228661920
1309833300
1394456808
1351501831
1501143224
1052652312
1251181418
1284283261
1379409414
1450603041
1433260389
1514362636
1259581689
1276654058
1341013608
1463090729
1067023832
1088139093
1227873712
1247885785
1373277370
1412711447
1296956076
1326680777
1458117451
1218048925
1289198591
1243340417
1374778743
1395001978
1462829951
1313042049
1313888506
1338058455
1348059798
1441248951
1013104049
1033129381
1037041577
1047832350
1228672483
1236643078
1286552256
1303726732
1322544583
1323165797
1366318497
1366864884
1387320776
1424129283
1478863618
1054614519
1237525778
1288959305
1398285112
1443758538
1008282456
1274419844
1389467305
1227473217
1410935877
1411010027
1478341650
1047788226
1063313008
1272752498
1330765933
1367358845
1267815472
1250890229
1265036892
1275411345
1374542217
1446037523
1226280295
1266455556
1349523245
1373874514
1385890607
1389290518
1392662909
1409183673
1471832320
1371308
1403594
1229762481
1012069509
1012385502
1012388629
1016878055
1016883723
1027925992
1029195743
1030190989
1030798104
1262760983
1265569765
1266794649
1269019634
1273845040
1278343311
1274265414
1274456125
1274967796
1275351713
1275423316
1281747186
1281777982
1282622397
1283507871
1285850645
1285589740
1286201238
1287405194
1288874610
1290301379
1291001779
1294641007
1296724674
1298043765
1305497644
1305508510
1305396397
1307699581
1306363272
1477807578
1308866779
1308988765
1309350544
1312618753
1312947337
1421775721
1321481048
1316743687
1317887502
1323975911
1320891519
1322475174
1323428414
1323591340
1324155594
1326058672
1332650914
1333360074
1333647922
1335513271
1335657479
1338520003
1341995888
1355209681
1356927549
1360139721
1360204316
1367731939
1364920074
1274456125
1274967796
1275351713
1275423316
1281747186
1281777982
1282622397
1283507871
1285850645
1285589740
1286201238
1287405194
1288874610
1290301379
1291001779
1294641007
1296724674
1298043765
1305497644
1305508510
1305396397
1307699581
1306363272
1477807578
1308866774
1308988765
1309350544
1312618753
1312947337
1421775721
1321481048
1316743687
1317887502
1323975911
1320891527
1322475174
1323428414
1323591340
1324155594
1326058672
1332650914
1333360074
1333647922
1335513271
1335657479
1338520003
1341995888
1355209681
1356927549
1360139721
1360204316
1367731939
1364920074
1365509555
1367052937
1374764646
1380541776
1385532392
1389466133
1389723422
1052885810
1054000290
1054962818
1056470094
1312588616
1063310504
1063311874
1063313879
1073443476
1076443472
1077318007
1085301399
1200347152
1235534941
1237523681
1237550046
1237942119
1238042376
1473298352
1242669552
1245281871
1246713359
1248526906
1256325244
1256528451
1257189750
1257381575
1259339962
1260547964
1259565165
1260459198
1262873487
1263701508
1263948902
1265215230
1266722641
1267000039
1267506810
1267927718
1268139398
1268177441
1271936395
1275042260
1275403443
1278405285
1287263015
1287449498
1289472290
1291915298
1292492736
1291771561
1291944859
1292220776
1292408843
1293536712
1294679209
1295557377
1405722433
1298731811
1299707614
1063313879
1073443476
1076443472
1077318007
1085301399
1200347152
1235534941
1237523681
1237550046
1237942119
1238042376
1473298352
1242669552
1245281871
1246713359
1248526906
1256325244
1256528451
1257189750
1257381575
1259339962
1260547964
1259565165
1260459198
1262873487
1263701508
1263948902
1265215230
1266722641
1267000039
1267506810
1267927718
1268139398
1268177441
1271936395
1275042260
1275403443
1278405285
1287263015
1287449498
1289472290
1291915298
1292492736
1291771561
1291944859
1292220776
1292408843
1293536712
1294679209
1295557377
1405722433
1298731811
1299707614
1303116216
1305643658
1305702648
1308760668
1312708705
1312709547
1312821227
1403056858
1408480277
1411399916
1412121449
1412226707
1419373488
1420992430
1421985330
1423611169
1427328492
1439689434
1369599910
1457300295
1042993403
1241033975
1034765308
1061579673
1458040336
1267906495
1047612178
1084716276
1264956352
1274437409
1008166555
1344683499
1374476957
1032002129
1076355640
1468688580
1478000056
1503592115
1032142256
1035787596
1100742646
1247251281
1288132641
1309303377
1323437518
1399130427
1412923651
1436651333
1082433742
1218047642
1011882724
1264213259
1453379452
1329619632
1334954122
1347941175
1519735172
1054189658
1264715573
1500531801
1035454000
1311357526
1050073497
1478446601
1079558578
1445023397
1031649682
1420992430
1421985330
1423611169
1427328492
1439689434
1442969940
1369599910
1457300295
1241033975
1034765308
1042993403
1061579673
1458040336
1267906495
1047612178
1084716276
1264956352
1274437409
1008166555
1344683499
1374476957
1032002129
1444868275
1076355640
1468688580
1478000056
1503592115
1032142256
1035787596
1100742646
1247251281
1288132641
1309303377
1323437518
1399130427
1412923651
1436651333
1082433742
1218047642
1264213259
1011882724
1453379452
1329619632
1334954122
1347941175
1054189658
1264715573
1035454000
1311357526
1050073497
1079558575
1478446601
1519735172
1445023397
1031649682
1033634659
1234534251
1253161624
1264157954
1269383290
1295473702
1305431674
1463608571
1016967912
1091819899
1273406992
1454398373
1460081576
1255014185
1255965430
1306301008
1397027622
1032223842
1351781787
1014608276
1497229406
1006238999
1029151997
1224066149
1277060638
1318716775
1466882507
1478452393
1371925
1099064209
1215548603
1260806455
1278057323
1295425117
1319086858
1339703269
1354457123
1397024094
1462078312
1474098858
1478428437
1011785231
1028168605
1030153639
1032521361
1090050341
1245577397
1296275995
1321352899
1354134930
1412003977
1233457742
1259808113
1264385954
1308841955
1474218989
1501969364
1032683191
1060878873
1262417180
1309126973
1315127201
1330299068
1385098406
1419830895
1028494839
1249213828
1290889544
1384665563
1390142478
1442254371
1457224302
1057292282
1373297653
1235834341
1300356096
1474368093
1499860459
1290889397
1314592711
1324656160
1007523483
1008179941
1015191823
1027172209
1028414149
1030105085
1030459020
1030504445
1030837343
1041393761
1033482574
1033746478
1353499447
1035435124
1036384094
1036429183
1037016984
1037076331
1038529745
1038668909
1040094179
1057760266
1060459363
1070668625
1075206362
1089258925
1086067448
1094579990
1094594747
1100128883
1199735359
1218051035
1222966192
1329098186
1229866851
1232970150
1235681873
1236167389
1236262022
1236315499
1243994517
1244577291
1452907596
1251501853
1339703269
1354457123
1397024094
1478428437
1371925
1011785231
1028168605
1030153639
1032521361
1090050341
1215548603
1245577397
1296275995
1354134930
1474098858
1233457742
1259808113
1308841955
1321352899
1412003977
1462078312
1474218989
1500531801
1501969364
1032683191
1262417180
1264385954
1309126973
1315127201
1330299068
1385098406
1419830895
1028494839
1249213828
1290889544
1384665563
1390142478
1442254371
1457224302
1057292282
1373297653
1235834341
1300356096
1474368093
1499860459
1290889397
1314592711
1007523483
1008179941
1015191823
1027172209
1028414149
1030105085
1030459020
1030504445
1030837343
1041393761
1031820826
1033482574
1033746478
1372229163
1298592818
1299252052
1468360324
1299645478
1299717015
1301772486
1307526785
1307534242
1306085641
1306315340
1312580959
1515095934
1312902241
1314666561
1315432854
1316976240
1317707288
1325401158
1327315698
1332147156
1333940598
1338328754
1340528579
1341732992
1346318120
1357757317
1361300385
1361316631
1364968222
1369418046
1371952325
1375066641
1377958467
1375268258
1376881972
1389271229
1389332725
1391149968
1393042358
1394782439
1394802469
1397642232
1398646854
1399044553
1402192538
1406589839
1406938624
1407466266
1411705059
1412019552
1412842765
1419090933
1419271778
1427205390
1439562731
1371200
1029811626
1031820826
1208797199
1299645478
1299717015
1301772486
1307526785
1307534242
1306085641
1306315340
1312580959
1515095934
1312902241
1314666561
1315432854
1316976240
1317707288
1325401158
1327315698
1332147156
1333940598
1338328754
1340528579
1341732992
1346318120
1357757317
1361300385
1361316631
1364968222
1369418046
1371952325
1375066641
1377958467
1375268258
1376881972
1389271229
1389332725
1391149968
1393042358
1394782439
1394802469
1397642232
1398646854
1399044553
1402192538
1406589839
1406938624
1407466266
1411705059
1412019552
1412842765
1419090933
1419271778
1427205390
1439562731
1442299910
1371200
1029811626
1208797199
1240960359
1290939638
1324656160
1341427183
1047189139
1054172842
1060845796
1061217064
1061300838
1062244676
1064470823
1068659811
1072361468
1078968801
1081719650
1086912365
1200730758
1203933337
1227074924
1227077735
1227076819
1227980675
1229374176
1229384782
1233108037
1234658177
1238909931
1239982990
1240018463
1240053489
1240090246
1240273424
1240535973
1240549442
1241027375
1241047619
1241365725
1242999753
1245169654
1245454405
1245861337
1247052234
1250842918
1252579011
1252769442
1253157925
1253836588
1253846461
1256142185
1257132426
1257640136
1258009773
1259362796
1259411637
1259413852
1260467754
1261249772
1262039944
1262074223
1262348324
1262569711
1262658325
1262673601
1262942208
1060845796
1061217064
1061300838
1062244676
1064470823
1068659811
1072361468
1078968801
1081719650
1086912365
1200730758
1203933337
1227074924
1227077735
1227076819
1227980675
1229374176
1229384782
1233108037
1234658177
1238909931
1239982990
1240018463
1240053489
1240090246
1240273424
1240535973
1240549442
1241027375
1241047619
1241365725
1242999753
1245169654
1245454405
1245861337
1247052234
1250842918
1252579011
1252769442
1253157925
1253836588
1253846461
1256142185
1257132426
1257640136
1258009773
1259362796
1259411637
1259413852
1260467754
1261249772
1262039944
1262074223
1262348324
1262569711
1262658325
1262673601
1262942208
1264177888
1264212012
1265169284
1266315655
1266337632
1266909154
1271604117
1273274688
1273337337
1273343679
1275331084
1275670861
1276019365
1276474985
1276733230
1276915163
1276984828
1277240115
1279442867
1279670776
1279674794
1279806422
1282310247
1282582427
1283603642
1283649817
1284129650
1284309364
1285469523
1286188644
1287886361
1287899599
1288083146
1293749071
1290897012
1291673933
1292121873
1295384717
1295425698
1302179484
1296639815
1298144520
1300026170
1300360167
1304012776
1307790692
1307515919
1307701830
1308929706
1309322126
1309820143
1310180413
1310293219
1311972146
1312562829
1314936070
1315838565
1316319326
1319607413
1320658595
1321283602
1323436373
1323437690
1327490300
1329136378
1329568418
1332156430
1333061485
1333150663
1333165104
1333711352
1334969922
1334970387
1335626723
1337531655
1337687876
1337726528
1339652489
1340649579
1340741964
1340929332
1348460275
1349522838
1351877803
1351891579
1351975875
1353354369
1353400442
1353461491
1353528059
1354738287
1366549069
1367422889
1369591356
1370364631
1371621533
1375096725
1378790987
1379903868
1381780782
1385098363
1385195788
1398850226
1400841485
1410150340
1410164150
1410173286
1414767023
1419509575
1421783045
1421907660
1422019753
1423744942
1430078321
1430148705
1433801403
1286817154
1266546257
1392486338
1184622055
1478402760
1033759324
1367969805
1399507431
1033128783
1223782159
1287791095
1290560624
1348019913
1372852625
1017256876
1277133610
1347868374
1315087568
1412920205
1218047258
1481057951
1007189621
1232844063
1273826765
1288381580
1288970424
1332302502
1417745351
1523411973
1461672488
1036345794
1011189280
1444366854
1459699761
1032651971
1036763127
1298720840
1352043744
1068757378
1280490871
1441270062
1499220237
1162640502
1228082237
1261515664
1264136470
1268169580
1303842732
1305647487
1319084442
1333795628
1369039615
1407993882
1459264231
1478453275
1309787016
1306378565
1411746851
1037317418
1235484599
1313917788
1400784423
1264741543
1478411658
1478866454
1296237893
1457361493
1254016724
1312045118
1461451771
1388157
1011467145
1094590174
1227077530
1255056540
1356241770
1459052461
1462249991
1040431136
1053423935
1055828756
1094655722
1250013248
1285494691
1290327677
1292021469
1294780529
1294843817
1314205197
1372058366
1409294547
1412880654
1030094527
1223414633
1251539496
1387308000
1409129931
1486025103
1036588311
1177179068
1250834283
1287902406
1324909267
1370924256
1458976585
1245781108
1034199816
1411008573
1235333999
1030229096
1038400410
1276504164
1314713909
1338366260
1008177117
1015582120
1015582481
1018086056
1028147667
1030812317
1030835154
1033263845
1034474658
1034942234
1036587041
1036592284
1254016724
1312045118
1461451771
1011467145
1094590174
1227077530
1255056540
1356241770
1459052461
1462249991
1040431136
1053423935
1055828756
1094655722
1250013248
1285494691
1290327677
1292021469
1294780529
1294843817
1314205197
1412880654
1445099507
1030094527
1223414633
1251539496
1387308000
1409129931
1409294547
1486025103
1036588311
1177179068
1250834283
1287902406
1324909267
1370924256
1458976585
1034199818
1245781108
1411008573
1235333999
1030229096
1038400410
1314713909
1338366260
1372058366
1008177117
1015582120
1015582481
1018086056
1028147667
1030812317
1030835154
1033263845
1034474658
1034942234
1036587041
1036592284
1036890106
1037570036
1275002318
1275439546
1279612531
1279849946
1282223878
1285895353
1288762995
1293972436
1296821419
1300150756
1300243346
1305395828
1307196696
1307116847
1307155298
1307544391
1311081501
1312946546
1313590273
1314721343
1321489416
1318225475
1319343868
1323027949
1323434482
1328156241
1329017330
1329617577
1330836734
1330853856
1334312409
1334649954
1335684151
1341422001
1350394499
1361939385
1366569397
1374010988
1378432765
1378919106
1383488806
1385665549
1385757970
1399551845
1400279834
1411053428
1412748758
1412915418
1421026263
1426158958
1426919173
1430323840
1474536959
1440410914
1444521043
1028291549
1226889655
1292972230
1304688656
1414964200
1032438308
1065560594
1187779799
1320491710
1421456250
1287423949
1443938714
1369103
1369120
1013483179
1028142653
1030136580
1030829959
1031608801
1033650785
1034369747
1035603160
1036356920
1038716973
1040433686
1041603619
1048246329
1048732055
1051329532
1054774478
1055078860
1057267652
1058052474
1062306247
1070572981
1512160942
1085680918
1089402550
1212413976
1227076778
1227737879
1228052395
1229291415
1230624234
1233194997
1239060800
1245319332
1249854940
1251607489
1252436881
1252897622
1256382491
1258020336
1265299913
1266230085
1266330565
1266871843
1268683127
1268938154
1270686140
1272238891
1276822947
1282833726
1283925080
1286419918
1187779799
1320491710
1421456250
1061950563
1287423949
1507319686
1443938714
1369103
1369120
1013483179
1028142653
1030136580
1030829959
1031608801
1033650785
1034369747
1035603160
1036356920
1038716973
1040433686
1041603619
1048246329
1048732055
1051329532
1054774478
1055078860
1057267652
1058052474
1062306247
1070572981
1512160942
1085680918
1089402550
1212413976
1227076778
1227737879
1228052395
1229291415
1230623313
1233194997
1239060800
1245319332
1249854940
1251607489
1252436881
1252897622
1256382491
1258020336
1265299913
1266230085
1266330565
1266871843
1268683127
1268938154
1270686140
1272238891
1276822947
1282833726
1283925080
1286419918
1286681660
1291670672
1292033416
1292933989
1293406932
1293511079
1298797865
1296729096
1296782542
1297233550
1297419188
1298127768
1300075486
1300557307
1304420658
1304749581
1305672691
1307237105
1312535198
1313135457
1313720596
1323975589
1319471599
1329029688
1329592930
1332327115
1332710491
1335067728
1335953079
1336075332
1337480665
1337494585
1338324088
1339620938
1345497585
1346022217
1351856156
1351962381
1371611450
1372239128
1381001331
1377334794
1380119901
1396137809
1400029864
1400209528
1400544864
1411931571
1411984018
1413777156
1415262068
1415285767
1416422874
1416459090
1416517852
1416928702
1418168914
1425073750
1415933180
1444534255
1444534255
1470231046
1500711684
1014043780
1032438983
1281634927
1255795201
1334348149
1466271606
1438108205
1031872735
1094596272
1356930187
1033423507
1033971783
1034394574
1043152125
1217729917
1264123131
1296610662
1250898553
1264666729
1382542732
1416042223
1077409461
1266787779
1287376643
1287403229
1287671764
1287693607
1287832301
1287841862
1287881918
1287893110
1288204524
1307098945
1324930930
1350654709
1422057254
1478379984
1222905939
1478429148
1063709211
1295443542
1478422186
1462398533
1087208431
1272155111
1283866673
1286539413
1371211114
1395052547
1396741631
1433169578
1423682606
1305626679
1062293413
1079449682
1268265366
1428757754
1312376337
1417658951
1050454058
1236236773
1319077469
1357522995
1413777143
1035189573
1046493916
1252418617
1262868228
1352256115
1375659854
1392996097
1526425913
1253915150
1253843909
1254622063
1279503096
1292045189
1322103532
1429131245
1479847571
1008143309
1200653525
1493072333
1029197529
1351550939
1478399783
1251574379
1290932584
1290953167
1311733599
1335371971
1470344219
1478433404
1005956700
1011017179
1344894647
1027745446
1031767301
1032629990
1033487243
1035002191
1035007108
1035127134
1035879072
1036251074
1036617488
1037866749
1046023676
1046112847
1047090516
1053669671
1057606447
1059021500
1063156324
1088220527
1337048628
1227908666
1526425909
1050454058
1417658951
1467563999
1236236773
1357522995
1413777143
1035189573
1046493916
1252418617
1262868228
1319077469
1352256115
1375659854
1392996097
1253915150
1253843909
1254622063
1279503096
1292045189
1322103532
1429131245
1479847571
1008143309
1200653525
1493072333
1478399783
1029197529
1296821428
1351550939
1251574379
1290932584
1290953167
1311733599
1335371971
1470344219
1005956700
1011017179
1344894647
1027745446
1031767301
1032629990
1033487243
1035002191
1035007108
1035127134
1035879072
1036251074
1036617488
1037866749
1046023676
1046112847
1047090516
1053669671
1057606447
1059021500
1063156324
1088220527
1337048628
1227908666
1438739353
1438907580
1247131982
1286844756
1330874472
1373804283
1032003641
1478425649
1218989524
1253096821
1437447533
1507900754
1507869304
1073742853
1220512570
1305666323
1456761487
1498972067
1498956046
1263795097
1263804386
1263825440
1268639024
1278079746
1004171002
1004179734
1011478949
1011479295
1011479491
1011480336
1011488696
1011488761
1011489485
1011520646
1013636078
1014559454
1028173038
1275047079
1033397677
1033132785
1165065486
1037823176
1039961507
1044419925
1046142685
1063032950
1066385855
1066541810
1079231679
1091699076
1226920323
1238764860
1240370998
1243377803
1244637662
1247204075
1247584584
1248479614
1248581347
1258976574
1252134222
1253434474
1257962389
1260731208
1262339858
1262624573
1262786484
1268025174
1269704522
1276909597
1276924570
1276928822
1276968625
1277119652
1281031991
1283177032
1283508649
1283577107
1283624558
1284094044
1284219584
1286866881
1286958691
1291112777
1292396507
1292708932
1292711152
1293064414
1300548218
1301671003
1301675418
1306024488
1306116601
1309047792
1309298315
1310342337
1312153831
1312193077
1314202315
1316215541
1316722851
1317001562
1318806339
1322406651
1328618712
1329283590
1411457346
1330808767
1331558943
1331725517
1333975229
1336005427
1336753873
1336930009
1338572878
1339623879
1340948955
1353414600
1353422977
1356482630
1359941434
1360795006
1365598139
1367822190
1398268374
1404366307
1408850601
1411358502
1411531334
1412748176
1416247377
1419227183
1421901949
1424006111
1427710009
1432935143
1432934833
1440643423
1027171690
1242947256
1284216976
1412918643
1388568578
1036745293
1059998971
1293940074
1470241114
1037837899
1226737868
1407549512
1471733805
1031126733
1034556115
1250921456
1311525695
1361740786
1471730256
1276029965
1444509192
1481355571
1263946896
1032392518
1037246845
1260944394
1266758398
1287817453
1287937542
1323434299
1417677849
1295147725
1391593450
1471798551
1011005947
1523428853
1073969636
1242791823
1036205742
1089887393
1256484502
1263810045
1265389027
1283794516
1316148112
1334295716
1338078540
1367818656
1376220176
1385677874
1419012311
1442860029
1300692985
1010718184
1040073210
1491078471
1499205289
1499603313
1282551880
1323322581
1321685211
1321361310
1463690765
1012928870
1443417266
1444552627
1501234961
1245631957
1307875589
1340894768
1364856475
1430014157
1076356648
1188360431
1338459822
1263727575
1358132144
1029235164
1247446449
1306366940
1029157267
1033389479
1304621092
1427360048
1291673935
1062527583
1378172998
1006364114
1031111309
1250787790
1431613985
1488966838
1499214143
1055933064
1270755781
1019607873
1241707363
1335110847
1007928320
1096381363
1289065393
1299655411
1256484502
1263810045
1265389027
1283794516
1316148112
1334295716
1338078540
1367818656
1376220176
1385677874
1419012311
1442860029
1300692985
1010718184
1040073210
1499603313
1282551880
1491078471
1323322584
1321685211
1321361310
1463690760
1443417266
1444552627
1487497145
1501234961
1012928870
1188360431
1245631957
1307875589
1340894768
1430014157
1076356648
1338459822
1358132144
1364856475
1029235164
1247446449
1306366940
1029157267
1033389479
1427360048
1006364114
1062527583
1378172998
1031111309
1250787790
1488966838
1431613985
1499214143
1055933064
1270755781
1019607873
1040082577
1335110847
1241707363
1096381363
1299655411
1357009239
1442792973
1307959476
1417975847
1443069023
1036299085
1086938650
1258889935
1293995943
1334481688
1347608851
1452508671
1033411879
1297996352
1234350708
1275827087
1288837504
1291019889
1310034035
1336181369
1409326474
1432786927
1441918606
1529148805
1384818
1402622
1032542740
1034814855
1178452432
1253080135
1288029726
1293055076
1319108385
1376997497
1402103305
1413581042
1430133381
1462149483
1371300
1008431600
1283794160
1288910196
1427365239
1015228013
1231094114
1361668255
1402065774
1478375626
1017024725
1036945626
1040082576
1253101114
1336081459
1383295994
1243744063
1281071453
1356400797
1474211050
1313730011
1269150246
1275821829
1305754919
1045985307
1046109439
1046922122
1052404462
1054427673
1460915388
1056004703
1057604007
1062031827
1066959613
1070640131
1071469184
1079128420
1083040143
1083493669
1083700671
1087321742
1087376606
1088174737
1085507318
1085777450
1087318509
1088051000
1090622729
1095738809
1199318130
1217942069
1219301675
1220286368
1222030347
1226213387
1224992888
1230164066
1231100692
1231105705
1231641340
1231650716
1232038294
1232050615
1241887815
1242896869
1244202512
1244684125
1247970093
1253096419
1251653256
1252155386
1252428324
1252900198
1441321180
1253139642
1253191408
1253215346
1253218292
1253673842
1253875850
1258029160
1258742385
1262408451
1262405387
1083700671
1087321742
1087376606
1088174737
1085507318
1085777450
1087318509
1088051000
1090622729
1095738809
1199318130
1217942069
1219301675
1220286368
1222030347
1226213387
1224992888
1230164066
1231100692
1231105705
1231641340
1231650716
1232038294
1232050615
1241887815
1242896869
1244202512
1244684125
1247970093
1253096419
1251653256
1252155386
1252428324
1252900202
1441321180
1253139642
1253191408
1253215346
1253218292
1253673842
1253875850
1258029160
1258742385
1262408451
1262405387
1259504307
1260038112
1261477054
1262572372
1262611320
1262643382
1263814092
1265317298
1265566893
1268028325
1266294451
1416071689
1268134789
1268673092
1272356513
1083700671
1087321742
1087376606
1088174737
1085507318
1085777450
1087318509
1088051000
1090622729
1095738809
1199318130
1217942069
1219301675
1220286368
1222030347
1226213387
1224992888
1230164066
1231100692
1231105705
1231641340
1231650716
1232038294
1232050615
1241887815
1242896869
1244202512
1244684125
1247970093
1253096419
1251653256
1252155386
1252428324
1252900202
1441321180
1253139642
1253191408
1253215346
1253218292
1253673842
1253875850
1258029160
1258742385
1262408451
1262405387
1259504307
1260038112
1261477054
1262572372
1262611320
1262643382
1263814092
1265317298
1265566893
1268028325
1266294451
1416071689
1268134789
1268673092
1272356513
1274354655
1275063192
1275086622
1276412813
1276581269
1278275586
1278279431
1283831624
1279892617
1279899032
1280919317
1281326439
1281726903
1282784860
1285889895
1284056900
1286958646
1288336531
1289107709
1289351662
1289500072
1290877722
1290968895
1293893900
1293921256
1294138896
1294172094
1296691468
1295309049
1296616018
1298142984
1299578293
1299811017
1300340540
1302898869
1305287978
1305648863
1308521755
1309738369
1310463875
1311419257
1311425316
1338413158
1313687730
1314457593
1317892250
1317901458
1317906835
1324214855
1324590567
1324774289
1329859368
1330014732
1330135990
1334975390
1339825515
1345374987
1344928808
1347302824
1347333115
1348990122
1352035575
1352048132
1352050266
1352258001
1354235743
1354544056
1354635102
1359563311
1360276025
1361227472
1362264519
1364183403
1368058260
1401438370
1370260618
1371299357
1371914491
1372477776
1372899669
1460294924
1373898802
1374520035
1374527238
1378024624
1378806330
1380790060
1382106210
1383358570
1384529228
1388960590
1389815026
1392150806
1392154757
1392265002
1396842226
1396900423
1396955412
1397431746
1398416016
1398420257
1398423352
1398599457
1399500255
1400208046
1401142126
1402025363
1402032863
1406172061
1419360226
1419389495
1421200157
1422723531
1424286697
1427655193
1427742110
1429188272
1432248620
1433696889
1433690800
1247932071
1248022327
1252671278
1253807309
1260938594
1259961960
1262478215
1262942881
1263115263
1263734435
1266797533
1266810327
1267111835
1267936054
1268597026
1268640652
1269485108
1271491721
1271611319
1275576170
1276802090
1280069457
1282086209
1283535781
1283746655
1284251669
1285478122
1289005531
1289695001
1290331959
1290807049
1294745699
1297427237
1298053489
1299155264
1299629258
1300615295
1309476695
1310696596
1311758335
1312174865
1312386779
1312623380
1313534165
1315795775
1317315471
1319006181
1319567969
1319787527
1321931093
1322366582
1323412569
1326216344
1327082886
1329583952
1330299540
1330753560
1464358230
1338061523
1338474361
1243854006
1244698995
1247932071
1248022327
1252671278
1253807309
1260938594
1259961960
1262478215
1262942881
1263115263
1263734435
1266797533
1266810327
1267111835
1267936054
1268597026
1268640652
1269485108
1271491721
1271611319
1275576170
1276802090
1280069457
1282086209
1283535781
1283746655
1284251669
1285478122
1289005531
1289695001
1290331959
1290807049
1294745699
1297427237
1298053489
1299155264
1299629258
1300615295
1309476695
1310696596
1311758335
1312174865
1312386779
1312623380
1313534165
1315795775
1317315471
1319006181
1319567969
1319787527
1321931093
1322366582
1323412569
1326216344
1327082886
1329583952
1330299540
1330753560
1464358230
1338061523
1338474361
1338755425
1338806375
1345210195
1345727062
1345735855
1346084900
1346088151
1348619780
1348861634
1352707105
1362527784
1363552743
1368706812
1381153408
1384368658
1391820406
1397746768
1400363049
1400437731
1400443491
1401104686
1412914248
1412923302
1415538261
1423113413
1429179233
1440270764
1507958435
1498910871
1028131151
1096386661
1482887509
1418564608
1012253019
1273850729
1399590607
1230082829
1401030507
1210860198
1260829852
1007100845
1078168974
1337374097
1459265684
1029233748
1033345770
1194435428
1322453120
1521402342
1034671570
1036429429
1040433701
1235253411
1250578158
1252115104
1293073210
1323887533
1493879082
1011026195
1037821881
1307637282
1455439015
1008008923
1070013337
1236488150
1236541567
1241629438
1250759653
1262169283
1323048398
1352309418
1035547519
1091769356
1295232372
1325047909
1346547469
1389663085
1412651159
1012990770
1033338722
1117799715
1446877743
1248188206
1287409068
1409294539
1462218783
1036876865
1007270971
1258856775
1116811582
1285383525
1012298105
1013266150
1013311655
1013323792
1013357275
1013371913
1029960584
1311346300
1033348085
1033349152
1035015173
1035098475
1035558195
1035843300
1041281626
1057715466
1057729319
1057802577
1062391200
1062777604
1066202048
1071762557
1071949511
1073509576
1087254184
1091879564
1099604216
1295232372
1325047909
1346547469
1412651159
1012990770
1033338722
1117799715
1446877743
1248188206
1287409068
1462218783
1036876865
1007270971
1258856775
1116811582
1285383525
1012298105
1013266150
1013311655
1013323792
1013357275
1013371913
1029960584
1311346300
1033348085
1033349152
1035015173
1035098475
1035558195
1035843300
1041281626
1057715466
1057729319
1057802577
1062391200
1062777604
1066202048
1071762557
1071949511
1073509576
1087254184
1091879564
1099604216
1215597414
1224114101
1224110278
1230273988
1230934115
1231542675
1236314612
1235536180
1237730805
1238001362
1239124083
1240200091
1240254871
1245552543
1243927710
1246019191
1246657787
1247476231
1247569289
1250753277
1252494873
1252527457
1252591198
1252633263
1252776456
1252841801
1253104570
1253586046
1253857624
1256488005
1257993962
1259703915
1261558941
1264793489
1511690991
1266818415
1273711481
1275133084
1279778964
1279861279
1286094721
1286861477
1293334328
1294029635
1295651221
1296319232
1298342871
1297033207
1298244106
1298524915
1299619953
1299648378
1361308027
1305012439
1305800422
1307087934
1308085116
1412222272
1309628102
1309639256
1310376378
1312355343
1312408395
1317544972
1317618321
1327390350
1324177355
1324769128
1330677321
1327447166
1329788629
1329836441
1333560856
1333975831
1335165055
1335183703
1335435877
1243927710
1246019191
1246657787
1247476231
1247569289
1250753277
1252494873
1252527457
1252591198
1252633263
1252776456
1252841801
1253104570
1253586046
1253857624
1256488005
1257993962
1259703915
1261558941
1264793489
1511690991
1266818415
1273711481
1275133084
1279778964
1279861279
1283558114
1286094721
1286861477
1293334328
1294029635
1295651221
1296319232
1298342871
1297033207
1298244106
1298524915
1299619953
1299648378
1361308027
1305012439
1305800422
1307087934
1308085116
1412222272
1309628102
1309639256
1310376378
1312355343
1312408395
1317544972
1317618321
1327390350
1324177355
1324769128
1330677321
1327447166
1329788629
1329836441
1333560856
1333975831
1335165055
1335183703
1335435877
1342912532
1343664778
1345274444
1350104922
1350117348
1353160649
1354513253
1362425348
1371623185
1374962541
1378814921
1382316686
1390502691
1392785546
1394280884
1398215462
1403403957
1419421280
1423039452
1424547453
1424902548
1425866522
1427310364
1428891158
1436016087
1439034017
1443460992
1460637642
1014367681
1470583978
1260838287
1478687586
1323097283
1020743997
1030372859
1219003392
1191014157
1309447949
1336975335
1388124
1002936454
1004170137
1010714209
1011524805
1011525280
1031634640
1032220652
1033659864
1034353278
1036071031
1036511834
1037261775
1070767943
1073694034
1074341232
1088818672
1200724536
1231186294
1237941788
1243878704
1244809625
1244582824
1246772704
1248638800
1382137628
1256532550
1256456267
1259457740
1261539533
1267788016
1269669894
1272012512
1277110458
1278861742
1279886876
1280052123
1282426565
1282825841
1283800446
1284251628
1284627155
1286248621
1287365125
1289182827
1289499108
1290944033
1291806150
1291987944
1292895541
1295593859
1296137854
1296462864
1301674426
1303719548
1303733250
1304720271
1309040232
1313534199
1313723937
1313910318
1313943277
1315787398
1323975651
1321074292
1321969206
1322274416
1323020705
1331276894
1327175518
1329642290
1332165152
1334591778
1334838660
1334974481
1336956724
1339766039
1076641445
1283805802
1249951968
1367970303
1416582492
1411894093
1008128514
1017012390
1033402845
1276968593
1409335849
1478417328
1414146739
1075952705
1312641017
1333741727
1407905035
1417799
1309816206
1488336343
1036848949
1245380413
1273716100
1353054152
1361899583
1265659810
1273514595
1308692604
1008408082
1088129097
1225698914
1243113237
1320938144
1404105862
1478464838
1493171371
1037266627
1055927442
1245139637
1289047217
1389728927
1458278196
1488392182
1008405161
1097023453
1097033499
1097038721
1292908635
1321326205
1329777482
1335806861
1392466107
1011153891
1285319977
1364754412
1458019839
1478424005
1486032355
1484755196
1424752486
1096829681
1250978896
1256050354
1371582715
1321762030
1330299648
1332654853
1334578577
1335620215
1338867853
1353144915
1380176003
1384274624
1012995569
1321211569
1031976326
1037812161
1478422405
1514190164
1330556744
1320943165
1057998716
1262350420
1320364316
1338946483
1033127035
1079587841
1023851587
1383436190
1314627815
1334942935
1411666052
1352187272
1379011563
1497716664
1017147915
1357971328
1017024371
1047266259
1264633530
1333105050
1481405579
1037253901
1049322807
1290958779
1357015088
1410894500
1064532633
1076641445
1283805802
1249951968
1367970303
1416582492
1411894093
1008128514
1017012390
1033402845
1276968593
1409335849
1478417328
1097312253
1034686630
1097315493
1034803174
1034806337
1036141387
1036246511
1037048887
1414121912
1038592712
1042031132
1046035910
1055930037
1368170967
1062513259
1063852676
1076337596
1090736581
1113719164
1149906624
1213538435
1224937522
1224139838
1222751440
1228684435
1230962773
1230946776
1231215086
1233341860
1239154099
1243435292
1246795676
1247340183
1252653063
1253260021
1257594524
1257895553
1259325380
1263816115
1266499924
1266583832
1266792730
1270686934
1283634455
1285946680
1285080430
1286009219
1286355540
1288148974
1288293030
1288811957
1288986290
1290663019
1290739221
1290826564
1291780504
1295680606
1298252208
1298362928
1299832990
1014043830
1015438395
1028093276
1032729601
1097307510
1097312252
1034686630
1097315493
1034803174
1034806337
1036141387
1036246511
1037048887
1414121912
1038592712
1042031132
1046035910
1055930037
1368170967
1062513259
1063852676
1076337596
1090736581
1113719164
1149906624
1213538435
1224937522
1224139838
1222751440
1228684435
1230962773
1230946776
1231215086
1233341860
1239154099
1243435292
1246795676
1247340183
1252653063
1253260021
1257594524
1257895553
1259325380
1263816115
1266499924
1266583832
1266792730
1270686934
1283634455
1285946680
1285080430
1286009219
1286355540
1288148974
1288293030
1288811957
1288986290
1290663019
1290739221
1290826564
1291780504
1295680606
1298252208
1298362928
1299832990
1302128085
1307176137
1308849595
1312815396
1313934831
1314437723
1316502875
1318282016
1318480533
1318734933
1460651473
1329516255
1335047755
1347868683
1352985411
1353122526
1362600548
1368290908
1371688789
1373583674
1374961156
1374961446
1388143291
1389484726
1435940639
1394280896
1397019375
1399455661
1399505545
1405938323
1408080844
1408136321
1410772162
1415613417
1419025116
1426535359
1426988274
1438178043
1383595107
1063236268
1462168414
1397941902
1478434273
1031542488
1031630074
1032361505
1033209578
1033952234
1037865519
1037866038
1049768151
1056615580
1051724028
1055133191
1062162579
1314584159
1331899775
1352546025
1392617848
1394728006
1416036221
1041671050
1028815666
1055099376
1249768285
1290951288
1306395260
1316330354
1318096966
1376442391
1377970415
1418871073
1172666296
1033862824
1055096276
1014233998
1323400306
1340986481
1389947102
1291955887
1006711156
1483626547
1358146106
1264240948
1286078269
1290435641
1328320164
1329645932
1333961101
1000749715
1028754258
1388152290
1244391365
1398949298
1376531732
1500153989
1296880761
1300402929
1350567630
1035650545
1013301502
1160556373
1283799545
1030839241
1416928016
1076004507
1007103141
1036472353
1044943103
1289061130
1309841551
1323575584
1361666495
1400119315
1417953634
1398708276
1369144
1029804397
1188402270
1278591875
1314584159
1331899775
1352546025
1392617848
1394728006
1416036221
1424757768
1041671050
1028815666
1055099376
1249768285
1290951288
1306395260
1316330354
1318096966
1376442391
1377970415
1418871073
1172666296
1033862824
1055096276
1014233998
1323400306
1389947102
1291955887
1006711156
1483626547
1358146106
1028754258
1264240948
1286078269
1290435641
1328320164
1333961101
1000749715
1244391365
1329645932
1388152290
1398949298
1376531732
1500153989
1296880761
1300402929
1035650545
1350567630
1013301502
1160556373
1283799545
1030839241
1416928016
1007103141
1036472353
1076004507
1289061130
1309841551
1188712738
1231331695
1234258951
1237563940
1237852903
1244195557
1244331417
1247249715
1247257148
1391765920
1253819927
1259520388
1259692693
1263700644
1263825774
1273394229
1275054096
1279743316
1281504157
1286406085
1288801917
1290559260
1308707598
1309917284
1312219613
1312790158
1312866969
1312920029
1312978710
1313103799
1315029731
1315642521
1317402844
1321170918
1330534678
1333142159
1338081029
1341024609
1345978171
1346191167
1347422893
1349132004
1353573864
1362921876
1362938151
1362969033
1366193737
1371749293
1372325967
1372928134
1375823913
1379379925
1380507894
1383737396
1396803117
1396960165
1399149914
1408170833
1408420760
1409272302
1085480547
1183110244
1188090333
1188149632
1188712738
1231331695
1234258951
1237563940
1237852903
1244195557
1244331417
1247249715
1247257148
1391765920
1253819927
1259520388
1259692693
1262415915
1263700644
1263825774
1273394229
1275054096
1279743316
1281504157
1286406085
1288801917
1290559260
1308707598
1309917284
1312219613
1312790158
1312866969
1312920029
1312978710
1313103799
1315029731
1315642521
1317402844
1321170918
1330534678
1333142159
1338081029
1341024609
1345978171
1346191167
1347422893
1349132004
1353573864
1362921876
1362938151
1362969033
1366193737
1371749293
1372325967
1372928134
1375823913
1379379925
1380507894
1383737395
1396803117
1353375973
1362999318
1372268722
1374734152
1381712230
1385292930
1385674899
1389461294
1397950800
1420325670
1420325924
1421228626
1421382227
1421834411
1421835540
1421839384
1421846307
1422809647
1432111394
1048627731
1230427368
1280554684
1360372333
1364686176
1397949071
1434571530
1481901848
1275366852
1513433777
1034107034
1278599110
1381832526
1399319478
1471262220
1429207029
1037578869
1320967253
1307517492
1097292525
1212260444
1232064311
1236761973
1246846995
1255466189
1283991695
1287569587
1288299410
1321720906
1333741880
1373025615
1385794754
1394898862
1400235688
1404140885
1434010739
1314840245
1483427504
1247836249
1346523972
1471080234
1348431386
1348944719
1349210470
1352530536
1353375973
1362999318
1372268722
1374734152
1381712230
1385292930
1385674899
1389461294
1397950800
1420325670
1420325924
1421228626
1421382227
1421834411
1421835540
1421839384
1421846307
1422809647
1432111394
1048627731
1230427368
1280554684
1360372333
1364686176
1397949071
1434571530
1481901848
1326440319
1275366852
1278599110
1381832526
1399319478
1471262220
1513433777
1034107034
1037578869
1429207029
1320967253
1307517492
1097292525
1212260444
1232064311
1236761973
1246846995
1255466189
1283991695
1287569587
1288299410
1318810565
1321720906
1333741880
1373025615
1385794754
1394898862
1400235688
1404140885
1434010739
1247836249
1314840245
1483427504
1346523972
1471080234
1034826446
1264659227
1263798107
1278396738
1357802940
1387974
1496809173
1430733983
1306493698
1453999104
1501469831
1011117826
1080256619
1308742191
1401188122
1405078488
1309722786
1400838627
1041628773
1361681333
1374852082
1303776542
1428327274
1481905749
1312783750
1330110600
1354373672
1399520708
1290564760
1381736948
1095698106
1375653431
1249495826
1420042447
1497890216
1371677
1385278
1037835124
1288745715
1308676348
1454359075
1382475
1062389440
1234134190
1242769866
1411544029
1491075118
1243863363
1284678231
1397206833
1095700605
1482446388
1272089131
1394133830
1087735699
1090609393
1232714732
1232715673
1284670883
1290422028
1299067173
1306139395
1313036034
1319353011
1358106938
1362920431
1362931201
1372278554
1373087315
1375839468
1378694002
1378695791
1393977657
1420289059
1428935684
1427310355
1283558091
1043779338
1079129198
1263786350
1320872628
1402513044
1402460259
1490155454
1323057835
1012738513
1289578082
1253933829
1253961260
1375843942
1377454754
1378719771
1394947115
1398463828
1403834171
1478426841
1304860548
1033777943
1058997520
1361395340
1376069173
1398465460
1398628541
1429814796
1385299902
1288363606
1036229215
1089916927
1381736948
1335985992
1432402538
1427407104
1471004347
1354166986
1442784403
1276127602
1286434866
1416572789
1416725715
1416731185
1059075189
1319447167
1376553778
1407901961
1417000499
1032989356
1361755903
1441997594
1337931761
1360931331
1430125185
1496708854
1412854615
1415024043
1396569384
1336002599
1349012661
1454359075
1344649857
1403527279
1415932602
1453391038
1006495295
1388153140
1078166292
1317091886
1317100583
1376050628
1318474985
1397952888
1232715453
1353344490
1427737134
1292919567
1032161018
1188063998
1249132816
1259529920
1265031956
1265089305
1277074823
1312737577
1313545163
1316753097
1333081489
1338425458
1344668959
1344674870
1344680177
1344695300
1364089051
1366029917
1369894445
1412044229
1089916927
1335985992
1432402538
1427407104
1471004347
1354166986
1260763775
1059075189
1442784403
1276127602
1416572789
1416725715
1416731185
1286434866
1319447167
1376553778
1407901961
1417000499
1032989356
1361755903
1337931761
1360931331
1441997594
1496708854
1412854615
1396569384
1415024043
1336002599
1349012661
1344649857
1403527279
1415932602
1453391038
1528893601
1006495295
1388153140
1078166292
1317091886
1317100583
1318474985
1376050628
1397952888
1232715453
1353344490
1427737134
1292919567
1032161018
1188063998
1249132816
1259529920
1265031956
1265089305
1277074823
1312737577
1313545163
1316753097
1333081489
1338425458
1344668959
1344674870
1420618806
1424693646
1417375508
1031451289
1337877767
1338494087
1355215255
1360169146
1374637451
1381086518
1405064396
1429811690
1439874166
1417840110
1420632891
1420695507
1420725213
1423655196
1425897049
1427119730
1447087489
1490169122
1392669049
1352309548
1494264898
1360212097
1419713396
1035881825
1381271034
1390569542
1422287096
1430374241
1422292932
1475865446
1233227779
1475985399
1352303126
1443160824
1016241949
1411583906
1347640353
1345486998
1403246053
1429302375
1359763834
1382176764
1415683932
1480666661
1417842385
1294162165
1503801957
1359785969
1374247783
1352303905
1350817653
1208820343
1484969645
1470570831
1264879992
1352303117
1433068298
1435954916
1377442707
1377381436
1316676
1324681
1316189
1316473
1316674
1005981608
1316244
1227721
1419607910
1316054
1316617
1316324
1011022610
1268107355
1089822376
1054019040
1316521
1007953582
1380279484
1027434335
1027610240
1028038785
1028116325
1028231958
1028235454
1028250874
1028252183
1043558464
1044832118
1048587769
1074181637
1075144695
1316692
1316491
1034949756
1265169
1316170
1316188
1316369
1316673
1027419547
1367054780
1223928
1261408
1299959
1316050
1316573
1316238
1316688
1013085815
1437563354
1013976649
1015248989
1015373807
1033001070
1314262
1316147
1316213
1316205
1316202
1316297
1316306
1316304
1316413
1316690
1316557
1316574
1316679
1008049369
1013085646
1012700161
1013976944
1013977236
1014425628
1014699502
1014795873
1014948225
1014948815
1014977670
1014977799
1014977823
1014977920
1014978106
1437398829
1367179127
1367156637
1036196164
1431622892
1054762263
1062988111
1271775866
1300426693
1302908333
1316830798
1378910365
1528893601
