1469838588
1276762481
1324683849
1474964610
1290865880
1355228298
1216526335
1143816840
1016438405
1111300288
1401067954
1250988464
1334686925
1425193850
1356102732
1228735065
1446760420
1290799322
1385988801
1522046666
743807
1186066463
1336780774
1143193005
1539083032
1139686181
1339566991
1124266270
1252283185
1115245213
1462183444
1241559863
1252553626
1117361227
1261934111
1305817760
1475385647
1435237858
1060295754
1520603919
1096749611
1330131741
1331118234
1337997609
1229455778
1337691829
1376429165
1443565195
1337400085
1338466958
1338535084
1374980581
1371178963
1446753953
1448705147
1502882802
1028825550
1321970638
1334604857
1336897121
1338903083
1379888476
1436375421
1489987576
1312693776
1451904673
1333196731
1338466954
1376828952
1493213555
1131058147
1282480548
1376422367
1311396787
1333094900
1339547619
1339659238
1372889567
1478180549
1113973557
1161862854
1161863461
1190762197
1261935436
1362893531
1302545681
1306736989
1437762658
1329649438
1332707041
1333222732
1336285672
1336781154
1336792831
1337433061
1338351963
1338395018
1338491594
1338636208
1338961468
1376412663
1395962494
1421677497
1466346632
1477530380
1505742652
1511030837
1312549738
1331154222
1368471991
1443452085
1505188231
1295844565
1303843651
1337580605
1475166400
1451729510
1478125454
1269275822
1329885668
1330174328
1334124439
1338636509
1362456060
1409153760
1412142289
1419650634
1444118448
1449441252
1526321599
1546467240
1546475508
1297402076
1345575717
1443481436
1505742303
1516798488
1181283099
1165752438
1230754308
1307068428
1322004598
1325200799
1329973653
1330068792
1330390388
1330390698
1330543246
1331035549
1331089411
1334506220
1336891140
1336944152
1337406239
1337573474
1338002133
1339658011
1339672185
1339683664
1347691663
1368378072
1379734187
1400389569
1401693531
1406348950
1410491196
1420174718
1420162066
1416404721
1421690547
1422494821
1435635620
1443547260
1444369364
1448705050
1448705144
1451771647
1455873116
1456448485
1456728366
1456731286
1457287646
1460968681
1466301165
1466348094
1475064908
1475389993
1475533060
1476008982
1476200281
1476647999
1477546735
1478954718
1478988773
1478990311
1478997096
1480584090
1495918406
1506316783
1508389372
1509940375
1511036627
1520295250
1520586454
1523475629
1533140424
1538366240
1542599248
1549156285
1554125876
1287810461
1555929289
1556615561
