1446432728
1030936273
1378853789
1425062299
1064718687
1510644505
1197220838
1332478
1021158861
1485760250
1445663631
1473879739
1336913415
1285636978
1066154113
1045786108
1369156787
1313649919
1339095007
1456440097
1478430560
1507491664
1332471
1501622239
1332470
1445909247
1159600089
1228922798
1329477490
1331225949
1336768523
1414823357
1416981080
1496383110
1329915180
1334119280
1217688973
1343411232
1329646464
1505899828
1104042794
1220761709
1306799022
1329622488
1334032199
1338389064
1468695801
1470236888
1513814961
1534560314
1220778584
1228934588
1308376726
1326501145
1329664435
1331025174
1334073110
1337690769
1337691339
1338594199
1355689000
1468688425
1470228500
1473886768
1482701466
1526780990
1310759027
1485714792
1132044874
1337406233
1337877521
1416252430
1460869532
1513918199
1222065085
1439997272
1321398498
1337956292
1339105134
1458153594
1228920262
1329644029
1331010514
1339102315
1495778752
1103417914
1208775404
1219238274
1362889459
1316911240
1397121976
1432934127
1329654549
1329915670
1337412263
1337806471
1338353982
1338384586
1338624774
1416935620
1461359730
1477015052
1495805595
1497858781
1503354685
1315933577
1499207026
1115994336
1204062829
1228946021
1228963488
1229897776
1256484887
1285398701
1300979600
1301076711
1389498213
1311729501
1397046521
1329493036
1329597395
1329602983
1329649151
1329652807
1329663184
1329896508
1329935681
1329983260
1330103001
1330549979
1330802969
1331139290
1394623070
1334018870
1334076255
1334287808
1336285942
1336880776
1336880958
1406234294
1336986464
1337368947
1337378140
1337738011
1337832459
1337851662
1337866213
1338343584
1338344036
1338402052
1338624564
1338641424
1338645072
1338922176
1339010552
1339093898
1339513015
1339897876
1354628749
1355855332
1383678790
1410218049
1410507886
1411080992
1412153923
1416976064
1421743336
1421763794
1422463658
1424975224
1425687514
1426184874
1435881878
1458088696
1470234362
1470238942
1475596732
1478333059
1478468680
1482297160
1485270212
1497629551
1505346013
1505748045
1526413465
1547440849
1550985128
1550755889
