550127
656532
654305
1256416
559257
605287
154996
162407
142549
165904
656555
142566
236694
656518
232332
1256410
654308
582744
692464
162411
692505
162410
656561
818160
766880
854751
748944
195802
549868
654328
785849
654303
573068
652809
656551
1323141
999249
749027
591688
692553
550129
1031394175
559274
879707
927178
239767
766933
692549
644616
559270
1031380943
1031384981
818145
605288
654300
753184
645419
344467
1031407866
672459
536960
654301
692542
792993
654311
559269
1076072576
271554
743664
766887
1031309708
879700
1031409889
692486
559267
654307
730415
1076072556
708468
792996
601616
654316
1129920537
879704
644631
601620
716565
142540
692546
879710
1323003
1323093
433901
552359
598668
726661
1157755016
818132
1467580
672548
559276
854753
1159197
927186
871072
661257
654302
1076072772
766911
601617
730424
766874
726674
944249
1031355319
854754
743699
927190
1345247
654313
591692
505047
1031410901
692479
1257664580
582758
154966
818142
559271
1161546840
1073557563
559255
627889
822594
1076072519
726658
559273
1076072425
1031405695
818141
559027
654323
730420
154962
1076072540
736936
1076072618
1257675153
1077699216
736896
1026800577
818144
736932
1066168537
598639
1174753463
743804
1257668968
654324
536964
1169125975
1467561
559272
656514
644581
1076072485
1424852329
1519449787
1242704250
1467993605
582750
1245379886
1034603560
1257666540
1036550907
1245382052
654314
785857
559268
1073557751
1438783168
582756
1076072569
1160700814
692470
766905
1537132898
1144571392
154960
672473
644569
644584
1160701158
1345242
818219
1418122368
1443331972
1443368189
835960
186677
186675
871078
871069
835959
678771
871081
703467
632558
766931
536966
871380
871077
372440
871076
802350
871378
871393
609019
703422
644169
703432
802346
525549
791282
871397
871383
758131
871377
700708
785855
871385
856196
871392
871382
344492
871395
871398
871387
717805
