1264730
879778
901104
1134504964
793004
1233229
1280528
1504016660
1297836
1149349129
1331152902
1069169865
1063904434
763214
1232284274
1401534707
1479125937
1474414907
1490779183
791254
913608
1438568380
1032307
1422052630
1123295013
1091152903
1080673073
1520955329
1520731135
1486968819
1490960730
1252633985
1307176455
1155541330
1474419792
1093724177
1422801619
1058659803
1134709430
1111196081
1388817284
1433998136
1408010725
1030417419
1160650170
1413412238
1002718827
1026861219
1093138439
1369880067
1137825959
1294058853
1003541837
1331216799
1113200538
1262849801
1499906754
1142283706
1081787145
1027492497
1003540952
1344717714
1442696859
1347080573
1427274069
1111390650
1022030550
1084618716
1116538679
1241555476
1437956
1023059783
1289298385
1334655204
1015876039
1233144444
1026565187
1030695961
1098790920
1372287977
1510514386
1034469768
1220982410
1229878354
1474440937
1027329166
1016159217
1234522366
1501290027
1515018689
1184294405
1520943543
1164847538
1246973547
1474426738
1416407488
1439920177
1022954241
1351739558
1371832413
1447390045
1153761318
1174745894
1338259477
1497257422
1449998270
1442752380
1460876760
1498198966
1520104379
1526383870
1398641124
1329549039
1447337993
1071391517
1075140508
1474430649
1077644659
1194395136
1279722764
1427221462
1363293739
1374829965
1422389324
1217572230
1371814265
1332983594
1364065864
1394784143
1475081225
1489703308
1509908660
1051204326
1097149458
1123704525
1134709123
1159081471
1167024393
1238047515
1287887892
1315364026
1424997693
1416388162
1445572088
1084228316
1259505117
1289417927
1298685879
1372358183
1442857095
1476142663
1015874392
1260824843
1416360688
1329078910
1416309574
1474402222
1475093892
1496019623
1497316184
1075154032
1226876390
1365080967
1418855428
1511152265
1084239504
1227164154
1282723109
1318893349
1322481861
1324211393
1389666007
1438807019
1478100697
1482411747
1495991911
1027473867
1047628809
1057011988
1124901520
1177052096
1180377125
1198388367
1229467862
1337275213
1233146611
1312902129
1322463568
1329858880
1332282060
1332413897
1337968375
1341052180
1394758836
1412652949
1416326395
1424986499
1424970073
1455716562
1440169872
1443578986
1446705131
1454051764
1477766153
1496043472
1516661779
1520121961
1076734360
1439784097
1284898
1289107
1058835
644581
1017850
1017844
1529402705
1530316148
1532223756
1542833196
1546384462
1550371919
1550891788
