1519982614
1436741042
1264311842
1370288144
1366206740
1267177033
1370370885
1365613882
1112978288
1370308486
1370322254
1264823081
1532863333
1026962790
1366952279
1370370883
1354508720
1232861010
1264966744
1370354851
1365406267
1267193329
1366883680
1370341848
1365055452
1365583907
1363719669
1366857309
1348509236
1365518815
1355818288
1280177493
1333768909
1356885297
1367042436
1430979677
1026963447
1536833910
1110541382
1366507069
1026961321
1026960674
1226882575
1230254763
1291288316
1332984208
1347950608
1365678857
1461013062
1536938794
