1290819108
1255873670
1443328597
1387994121
1425853628
1427624140
1292695034
1094778412
1110715702
1223009742
1203830880
1145731482
1427626480
1477292936
1087705533
1288769205
1296841570
1508059675
1268621060
1273434078
1432597014
1402943559
1478098657
1027507207
1042073844
1094024071
1543251022
1319912789
1321400210
1393661389
1464415807
1269290141
1455996580
1502772834
1282948362
1454121305
1371183666
1502774487
1504450152
1115584898
1234683342
1466739198
1296847398
1434258748
1504468072
1475991269
1376812534
1255890648
1323159061
1395937932
1428914394
1463171791
1465852109
1524121999
1520546128
1523559907
