856188
1284615360
1229296341
1378616513
1186522299
913617
1024700060
1438534693
1490932888
1113620303
1423555608
1487106914
1101832
1173203481
1056579807
1004771767
1263177792
1438568736
1371427250
1093858155
1021256990
1004707703
906231
1027137159
1082123962
1013635607
1436949311
1433792190
1475224440
1275643018
1133947647
1151992588
1022175514
1068684750
1229306086
1252502621
1229300811
1229302720
1263763894
1238692077
1488948373
1416818339
1044873275
1407139865
1148499538
1469881569
1316401601
1420822112
1356967943
1056335218
1490928383
1466966186
1075985014
1218098337
1505011312
1333011976
1114176276
1024825854
1421060861
1011200171
1010709471
1325048701
1421070510
1352866681
1024377464
1113729619
1148504415
1005709989
1104760604
1056046661
1312012584
1173404083
1516981594
1330338013
1233191379
1427327055
1114131502
1210664547
1361334208
1004771827
1020633175
1068706293
1070492344
1266838878
1432604910
1056636533
1311983188
1097312053
1300362746
1517036603
1022929855
1055621145
1068998447
1013497406
1316273946
1013512291
1173205657
1048432833
1129903541
1025700396
1385667443
1115529175
1166007623
1368029933
1378738533
1378757970
1368971317
1419649224
1527229969
1378729763
1464273316
1024824045
1108790319
1173167814
1173225182
1311115596
1379147427
1379152754
1510728043
1515745046
1420227
1064766784
1090264054
1028229898
1105199913
1208418053
1075985480
1108784227
1139361550
1264943635
1369015061
1369028420
1464259282
1514207607
1108787055
1111303681
1173214884
1264939775
1533537877
1546066276
1064382206
1263493860
1354526306
1464292802
1059980766
1075982147
1208422368
1311449355
1464296272
1001972692
1105201592
1131265184
1173185664
1222010981
1376447855
1379151132
1538013748
1181124541
1084919776
1111324950
1114232537
1232986930
1282769865
1464284601
1388843969
1464262720
1464295844
1056654933
1107924799
1111311899
1164030640
1176617344
1208097112
1425695007
1303784486
1311485680
1311495712
1311496430
1433588388
1464266164
1114207782
1173196406
1515759832
1102386578
1117680105
1153439951
1165965871
1264947455
1282779788
1354491311
1378742084
1400450579
1470735706
1513442265
1520323738
1520648082
1548620858
1550370071
1024362555
1113988561
1547963
