1177692172
1241385670
1031279243
1390167652
1170359568
1152069025
1322248
1170474993
1031262080
1394361618
1481674000
1289111
1221591881
1076499191
1260831
1072453255
1241407545
1192637075
1393087700
1188645260
1193448815
1497347277
1136217063
1393103450
1241392854
1290317420
1179051966
1273963320
1116739850
1465580232
1123028308
1090609563
1062313309
1062299119
1290310390
1239043457
1120300690
1145584130
1394378477
1234366838
1392169890
1208404312
1350291108
1392192687
1225209468
1390150374
1339963282
1532505209
1546271717
1228353638
1430895574
1457164746
1543192419
1205662114
1427261194
1543403039
1226459122
1159008979
1225263348
1239070802
1253925733
1530605513
1321272033
1461512614
1538395605
1226183192
1463262195
1384983252
1184685918
1294735555
1369044484
1488208154
1546170198
1147514356
1184843214
1272060672
1305915081
1321132919
1323231305
1353680980
1343427070
1356758546
1380204603
1386208558
1392304053
1425688316
1459783847
1467172899
1506429736
1530280721
1530652434
1550800966
1555772218
