1352870182
1234327441
1481413953
1110327758
1023245323
1384244210
1032303
1230946300
1356348091
1073535495
1180285166
1410938750
1467564
1266936300
1467565
1442938919
1467648
1366910706
1407058151
1347814073
1317841685
1073549180
1371441838
1161750960
1449166206
1333274333
1057782553
1078099677
1005611849
1142406320
1528376620
1343286113
1459596831
1209810934
1093900581
1366920985
1211705581
1468244875
1428895285
1074427489
1419535470
1057775018
1082898644
1073047498
1386489842
1076331595
1057782524
1190690165
1435890071
1340847887
1008361003
1315464962
1002894061
1065838166
1057207315
1403714183
1394556907
1416260565
1475550747
1088316044
1008356691
1057538790
1211757517
1509504706
1008212171
1475401775
1150914778
1416466100
1053238065
1063239809
1156089209
1324511020
1210828654
1208845102
1245278253
1401172690
1502229853
1013755790
1010671923
1049775773
1007716523
1421298946
1431837877
1298748845
1514033878
1226803267
1022786441
1468270150
1035114537
1070506087
1349688847
1049776580
1417241132
1085264786
1088045829
1465799044
1484756627
1507935182
1277944248
1467482492
1005364220
1241376897
1378676662
1049776618
1324508077
1341057822
1449329159
1459019109
1475037271
1508516128
1007715092
1366683007
1457115493
1479353724
1010498228
1049776978
1026026562
1288290629
1035230706
1069978538
1012547346
1021589527
1049776187
1070051586
1072732655
1097147471
1012892953
1218112450
1049776564
1253503009
1265253650
1367589998
1391759827
1394650367
1049776959
1506324757
1435237992
1449152004
1180735081
1211395361
1358128143
1367534772
1459598522
1508471150
1180848331
1509515020
1037049985
1049776070
1409663827
1475056476
1158154877
1396944807
1449181390
1502519645
1049776746
1218467937
1220701548
1240561977
1257515391
1257544482
1315456004
1315472192
1383246466
1218260078
1427662362
1449277715
1451822873
1457119373
1468218379
1481534554
1194490346
1049776258
1475404049
1021589483
1026797296
1111383288
1193711391
1049776183
1253510374
1275020609
1049776382
1049776733
1049776456
1049776101
1049776729
1049776953
1176663442
1049776910
1210831221
1156908696
1156931819
1194503351
1049776984
1049776933
1049776584
1220858904
1222664383
1222938255
1248200545
1259471381
1259454578
1259378946
1193765023
1257551646
1193781964
1280217419
1293332833
1315467138
1322453249
1329518332
1341075077
1341146335
1367575069
1368989703
1378682307
1383248759
1417203166
1429392408
1434317389
1437240120
1445424606
1447700016
1448976636
1449117519
1449218518
1451851130
1454121800
1467223090
1471797585
1472699751
1475032817
1480433908
1502524728
1508125783
1514172741
1523896901
1110809858
1529464983
1531646015
1532582639
1544735795
1545272706
1548104360
1550814900
1552411894
1556163172
1556462626
1556491146
1112337884
1511930002
1116076036
1474739529
1489795683
1451839318
