892917
928364
1092985393
696001
692561
802277
609021
1309675318
1183828
716431
856194
802371
802294
696005
928347
716428
1284890
1078628
1284903
927416
944874
927424
1403095246
927423
730390
1297995
1099206
1284912
1492493663
1309100137
1343218328
1219319276
1408461
927418
1390146676
1298017
1317290746
696013
1014707
1327092029
696009
1218494614
1091331
1035819649
774513
856183
1298012
1222709158
1335751223
944263
1538715192
1473811464
927415
1406950832
716427
745933
1035531508
1213515048
856205
1242119
1524637141
1492778154
1375529624
763204
1380275
1031312816
927419
1298015
1469952373
1454678062
1180113515
1206164
1163617834
1282577134
1311604447
1234237176
1090063326
1492888041
1309654135
1394698295
1241289118
1002447787
1179168825
1060232768
1523860827
1333083438
1531561995
1248061
1164164584
1476014095
1397250807
1035082524
1407969454
1469537349
1486317895
1035507104
1076925040
1164150616
1245244273
1147349
1007202853
1334839491
1466465904
1414041306
1457935241
1528391995
1282452089
1488133098
1488801815
1214045131
1435260575
1308870555
1523134262
1540365088
1093215900
1233219727
1247876574
1476109585
1522426764
1421655451
1327070872
1495586183
1083170692
1488092145
1080276202
1179360047
1463707210
1440018863
1530772983
1538735239
1199579230
1364320393
1433838312
1437575
1083663988
1275528646
1361801762
1392594697
1222999778
1411772309
1420608729
1521465146
1076720534
1080268475
1165827348
1213349277
1255842598
1330197935
1468646174
1477292082
1515209291
1515222654
1534020245
1397031011
1521389182
1082154119
1436997937
1538698104
1538745974
1172605360
1452834279
1525137635
1393044890
1255822966
1488088231
1532229974
1077051608
1079989730
1080281494
1189204858
1221624297
1333080976
1381996948
1439875001
1446821125
1464317720
1511160132
1519883361
1521401912
1521457301
1536064882
1076672728
1179229279
