1232357
1231354
1232365
1514552139
1034724595
1034764824
1389336662
1034760241
1472916625
1293584345
1472446065
1332014607
1210583636
1157782750
1527672436
1022912800
1170423695
1149546681
1336919474
1036373336
1059662114
1324122805
1061911741
1110332730
1038670239
1490016852
1028987794
1023695144
1179332603
1307590835
1131385806
1167858600
1420380344
1451361674
1020961941
1287738380
1324305959
1381846528
1098687879
1005049344
1540311513
1141214410
1199484011
1261479569
1199752711
1306392110
1409287748
1102100260
1139855031
1467087878
1300353695
1376943665
1473246650
1521279349
1475070983
1467916356
1170185522
1265182612
1506276654
1412198215
1075919083
1020956263
1102099215
1199737317
1465804898
1521281022
1471423605
1375020936
1378548315
1514557928
1378634344
1437338813
1475073694
1527676771
1462006381
1465785127
1545633130
1475066766
1376545432
1186769500
1266282192
1311662363
1338810905
1378656967
1398786714
1437303640
1465791082
1465793571
1514541103
1521286960
1548938086
1549791431
819277
1544289300
1557329882
