879778
901104
793004
632487
1297836
1090276480
763214
913608
1438568776
1192186293
1067917535
1355382142
1422521542
1114522580
1517375089
1382065230
1439839064
1203686496
1218927320
1307069904
1411552225
1499249844
1372913381
1204805424
1225224203
1350510149
1438590020
1382073357
1234183977
1054661863
1492432491
1144668825
1224152657
1396776029
1440103549
1515314404
1315006163
1514705957
1155293372
1455644844
1444125857
1525486929
1396810257
1401667489
1419002052
1438597821
1439881365
1502000192
1530866892
1531015367
1545142358
