550127
605280
1052836117
656532
654305
605276
672797
1256416
1215874
1450914574
559257
573996
605287
1020565991
168295
162407
142549
1218416771
1165197
1105662906
296208
1089929242
165904
656555
1464284292
1253068089
142566
1081996922
236694
1075331404
656518
232332
1286321
1197652
1204008
1256410
1064361966
1286326
1490548721
1199425674
654308
1453006692
582744
692464
162411
1123739
1522423157
1404352820
1111383223
1472642767
692505
1065788954
1250958163
162410
1486810273
1392510057
1463730008
1022715033
1114321981
1432914386
656561
818160
1050844975
766880
854751
1334827141
1075433011
1186145252
1463725372
1225194369
1500468856
1145763651
1060122575
1102857008
748944
1064226544
1112894428
1099377
1207204420
356888
550087
195802
525548
1180963449
549868
654328
785849
1498312157
1068653892
1051294905
654303
1277970550
601620
1065231077
652809
656551
1197654
1521021134
1463125296
1319222762
934774
1234721340
1033848191
1497360669
1293131629
749027
1097936468
1352372388
1438680622
1458688834
692553
1065789582
550129
1485162225
559274
879707
1111389138
1471503512
1102845536
1452862259
1055430583
1463715934
1197653
927178
1212918
1398849037
1106713421
1255081261
1525000353
1130044304
1001549585
239767
1376073
1378451897
692549
780860
1411650817
1008486980
1297642405
644616
1057855654
1463689227
1488645731
1413531246
1491634459
559270
1406148
1277961312
296209
1089118802
168333
1091382
296194
559262
1378302104
1207189988
818145
1165183
1520633285
1452630679
1057852594
1204012
1307147
1463692862
1504565089
1006965180
1457262587
1322995
1338886
1026460455
1449085170
1145372836
1252471134
605385
1215867
1421599
1099636520
1377981571
1064738195
1114182802
1079728435
605288
644506
654300
927183
1462973257
1254001416
645419
1485227164
1515077589
1377989182
1323134
344467
1212917
1204013
1421601
1065352341
780858
1445930773
1116466
1074574535
1231559824
1114317802
1337975825
296199
536960
654301
692542
1212902
1433459183
1466850891
1471480867
1515259563
1008553840
654311
1468230667
1227064858
892925
1026701437
296206
559269
1064215463
1008387051
1272288
574034
944306
1491638724
1058832
1207074235
1012681799
271554
766887
1098521011
296204
1471552960
1359905
1471398
1307304
574024
1212847
1212847
1052373046
1513368148
1202444979
1143493604
1526844579
1032072400
1117577422
1042948099
879700
1052489071
1462975503
1378019550
1307183
1449731896
692486
1503001554
559267
1210086404
1319550048
1467978156
654307
1455666694
1453049815
550113
1262603
1197002849
1307157
1031284807
1065332261
1485194739
1463116290
1032305
1176494
1212901
1008387272
1441269111
708468
1373722430
1237635503
1131238637
1468059503
1074478523
601616
1013675433
559251
654316
1378491243
1376136
1065586599
1234200544
1462867861
644505
879704
1233373462
1493399321
1274994684
652521
1376011
1449104051
1064365804
1468219092
1168427889
1212916
944304
1462484633
1025194490
726661
1064510943
1158148430
1187900093
1495820715
142540
1376056
1389687031
1471781850
1484404959
1295269537
692546
1036533855
1467602
1074575577
1013738698
1164863947
1347728842
1462902715
1348657641
1476053025
1482540779
1144770897
1502570978
879710
1282736
1136708860
1197007527
1052176327
1454126692
1519195086
1372684175
1471844938
1016234390
1053617545
1375858
1441462706
1417154841
1176490
1076537557
644573
1091369
1084787804
1053140843
1104759681
1356293152
1489973537
533482
1082003481
1453803907
1025537996
433901
1002600466
1478449350
1441302309
1131652966
1101969296
1159358
1468272729
1051294940
1398836421
1204967274
644557
1289636078
1065322551
1032073440
1380839359
1023412684
1399914
818132
1244270221
1467580
1323095474
822593
1074570523
1234218707
605386
1401436811
559276
854753
1490059922
1491652753
1462437094
1036057395
1159184
1441309885
1218519942
1206163
1500350852
1443672185
927186
1455845456
1505391846
1197979142
1074573075
1282807682
1230649150
1162104
1411656174
644585
1244283478
1013477962
1384247125
1023805299
1008334005
1204600223
1042927575
1392126551
1013705704
1296758075
1490086523
1378009347
1463758694
1116859816
1096386499
1051277029
1105498990
1357991441
1181168682
1084272301
1463758694
1380662736
1022879515
1376018
1123346696
1145580971
661257
1378445696
1098316235
1467961120
1086035797
1517046173
1013675806
1052376633
654302
1065371356
1098214876
1109670766
1398804191
1053139975
1113660107
766911
1443681545
1480064620
1098427447
1051276751
1026460547
172128
1460963950
835047
1380204267
1448294643
1506375686
601617
1388819433
1083137328
766874
1098242351
1257479986
726674
1377973248
1458112026
1001522580
1064082679
1439010982
854754
1211444322
1206191
1211638689
1090116595
1380688245
743699
1159189
927190
1074566100
1409439970
1098411830
1307073160
1052491654
1257450147
1345247
1166806318
1468239670
296198
654313
1013676081
1366141
1204295431
1398694664
1470645306
1106232871
1194173112
591692
