1307336
708466
1110018
1323115
1192727826
1206160
1146811114
772369
1256418
1495737035
1259732
1127664212
748930
708465
1429683308
856203
1256988
1206166
1259726
1495764947
1036613502
1035069966
1429803772
1388656731
1495654863
1471703777
748936
1429805263
1374719966
1490015463
1024121483
1306634
1430308496
1373757229
1426147793
1425825356
1049857869
1430308802
1011114193
1206167
1345225
1360545419
1323172
1429802309
1507653182
1173489368
1315094491
1202001391
1429803550
1050353172
1004362582
1049753031
1300280781
1441942867
1429802998
1379550738
1364783268
1008121643
1370790516
1429802178
1048728903
1429803743
1429802984
1306636
1430575663
1462036601
1520556611
1429803183
1145303562
1429804340
1374706940
1520051044
1462014853
1506348597
1200329466
1383161895
1409293517
1433922660
1109902257
1532010056
1542917702
1553112501
1026427184
1335918017
1345238
1073382844
1030551409
1533242764
835966
835965
835964
708468
605332
