1469454163
1399854
1264730
1207870345
879778
1482984752
1359588999
1519457376
1114166557
1255270
901104
1366179101
793004
1332687544
1379283234
1445411521
1004728953
1154727538
1506709207
1179934156
1052071922
1304688131
1280528
1316541153
1015872452
1087452482
632487
1230232689
1297836
1388903232
1430861765
1283553789
1270392129
1112927246
1449638036
1482987656
1128903913
1097801638
1495583047
763214
1351567751
1293806718
1141761007
1188532541
1378452189
1163956597
1249483162
1434980171
1495721419
1179310972
1473810379
1482492032
913608
1282081618
1104163696
1098749302
1339187194
1522860094
1151366778
1365435654
1107986303
1168158036
1053154793
1276882825
1021954444
1380128765
1367848732
1513977640
1454082305
1472984569
1393275754
1462979777
1323043738
1096591869
1282106462
1072879496
1503751869
1379527470
1242997629
1317376821
1171398706
1469525119
1475030257
1032400883
1289760616
1013031515
1226865897
1265233175
1465742423
1333020155
1195400381
1184238329
1473898289
1364794816
1189476329
1357515051
1022932059
1237779
1499811384
1470663357
1475400576
1520956305
1208975841
1474186532
1305409534
1409820181
1433941004
1439251704
1098715247
1378484668
1450372178
1184230988
1105994513
1049192417
1391093689
1198360238
1092465901
1259354825
1411580329
1362435806
1133949071
1107929755
1368196845
1146831537
1308886463
1457071193
1323174315
1103088206
1439132475
1315261053
1133642541
1312348670
1111795009
1212615388
1371722559
1382203211
1372877995
1272016444
1161778584
1368561184
1021323209
1071413472
1444670335
1381409854
1371068533
1284070154
1026794400
1091549426
1330369304
1082601977
1148926278
1281237177
1226249673
1074342185
1226879536
1476037
1098740503
1076213059
1108296338
1230192420
1137486297
1227743944
1114019806
1125027972
1189980344
1314558475
1205805336
1056348681
1325474427
1075952081
1022973870
1283431059
1421467539
1476067
1298545348
1295025276
1186498597
1427623635
1442706303
1057158622
1156913537
1367832937
1308761144
1201268144
1473368544
1032142618
1111663217
1226871534
1236787817
1274026683
1082996970
1198422920
1315143691
1072621175
1048078329
1220307229
1283837817
1056748581
1471414371
1328728715
1428210093
1034721504
1049553208
1067744771
1101355958
1049106017
1111671994
1127475059
1391886521
1271731334
1426599335
1067752272
1135447625
1217417202
1183892078
1234464550
1248125759
1143047532
1314091160
1268028693
1520342355
1104171307
1289093961
1056269441
1057143493
1046988658
1114033069
1118967571
1355818936
1090599382
1239179325
1321441986
1000423857
1180778365
1030776211
1118191507
1241224004
1439082249
1453037852
1153729805
1274061977
1114082703
1029000392
1362453586
1024255554
1206040794
1381392239
1294941654
1310082601
1037372999
1022667097
1128211357
1327476124
1475935203
1248516568
1278147380
1131449268
1056725848
1127411029
1227745769
1422215832
1111669319
1025820666
1250398996
1502450584
1021961181
1478090543
1118203948
1204403934
1349247792
1436363747
1032772061
1438734937
1362724141
1435552163
1208394187
1292900554
1023893228
1137578272
1414846839
1520121624
1114535914
1025817477
1427631319
1506725863
1076458165
1477645484
1459654671
1269410157
1180995184
1472711162
1410966914
1295283536
1014168566
1194347823
1253756341
1165971097
1360730239
1482363572
1498563319
1184166237
1103747264
1144079740
1113971415
1380209712
1513832509
1064959295
1174697708
1296319250
1352110382
1480286158
1338105786
1335937829
1521386837
1082642763
1128726325
1307764308
1241085525
1111717723
1307860244
1379257589
1413356670
1021324158
1421256009
1459710236
1004765143
1526359402
1020170756
1022271152
1023888002
1235215213
1302549115
1351548347
1317800438
1077269078
1172661239
1211752595
1475447590
1515512315
1459708494
1235366384
1283450486
1143066238
1241060793
1519885027
1459271969
1472712647
1169190580
1227375509
1435582527
1020536864
1024849952
1032402805
1347247987
1459689509
1231376434
1233032071
1264589451
1267869901
1356908137
1143062770
1526167483
1472717468
1111665815
1463140600
1233120269
1452840400
1470483782
1523897325
1031184643
1082447259
1082991001
1253955476
1169306479
1294655353
1114103755
1021313207
1004765509
1314754396
1379283250
1292935613
1390109372
1403033295
1443382920
1456931865
1336194196
1511008558
1114046534
1518874666
1030517887
1056391344
1362418290
1059005026
1133240047
1411046391
1302537503
1296951417
1520558670
1348820433
1114506457
1333578176
1409320389
1454289814
1526459316
1028231051
1069583196
1362449909
1204424646
1207902673
1358726631
1267519998
1114507163
1354581488
1413346216
1459713680
1482539642
1506441389
1113296727
1105888568
1032774458
1358662101
1459693267
1361746907
1049553673
1070358183
1309629851
1091800326
1114527285
1383701772
1139171282
1193711452
1204404685
1361728151
1221811891
1273947147
1439023658
1315178199
1333052895
1398543213
1435700471
1455550983
1471344927
1478923443
1293953898
1479056864
1498615365
1518021971
1525482261
1362726744
1022599289
1032066602
1049553536
1061376345
1462287735
1215210051
1253917358
1472757954
1389108347
1361750866
1393042373
1412767543
1429206820
1434005226
1448295998
1358683495
1468834743
1478610111
1488531019
1057227493
1134052286
1174594053
1284168140
1459196972
1339234264
1356908251
1369896460
1398845709
1459653365
1482529192
1362429048
1134767915
1482977944
1496440666
1505227357
1184072034
1362712778
1049552923
1059324996
1146068956
1148616965
1208986090
1327476472
1231073261
1252488529
1281246388
1299885218
1317689316
1339378883
1439520822
1447375552
