927422
835967
700701
944305
1058835
609023
1099438
802369
644169
1284898
609019
598630
1017859
791255
754114
1445918819
1289107
802362
1338915
1257079976
1332506
1060309380
1332511
802355
1342768149
629361
552418
629376
754116
629368
1342760816
791304
1360721423
1256958524
573072
629359
730451
1290602194
743821
629371
1212882
1475917592
1391169317
629362
1141885785
743811
1333002947
1170345497
1042322225
1497614557
1306391528
1409564204
1332494
1204639225
573069
1488558658
1130326871
1159835715
1329093868
1282734655
1451867896
1462001677
819265
1332497
1049081059
1470671642
1183974993
1388896730
1487998349
1451714023
1451353332
1266523151
1103678246
1445938834
1267851400
1110372223
1409598274
1110154462
1451894778
1543100215
1451898488
1480403253
1186390308
1503134388
1541698245
1227399872
1234844400
1243124608
1451884894
1384946551
1461068308
1519040889
1305266105
1203925166
1243907689
1243925978
1409584219
1446433719
1451872265
1470940837
1497717422
1167586827
1167678421
1105074304
1150872706
1234846891
1244737689
1267881722
1277856760
1409596446
1451862547
1555756198
