1234491978
1362926935
1087408632
1205794970
1196613470
1483595315
1238098319
1349421602
1445646289
1218498545
1083604484
1394244609
1480563576
1218041880
1189618455
1337210203
1195128390
1483920302
1508414317
1322467155
1314609033
1488011941
1384970961
1130356695
1537301342
1497885950
1538738661
1126580224
1212395031
1444439930
1302401605
1410393363
1268897092
1316968672
1432819306
1171746571
1218259261
1218498928
1533989865
1083115436
1194146146
1330437072
1461675538
1520252098
1232188328
1186110575
1192519415
1453682880
1117754085
1266982911
1083635568
1105102673
1300343830
1361337852
1475990728
1078348600
1043060258
1187581981
1368742083
1193997526
1218042860
1438965137
1083686705
1192605540
1217279972
1159586862
1316655621
1295364189
1422467875
1189827960
1194411875
1222071520
1218512526
1365948231
1479194991
1535515586
1053199832
1351714297
1214199329
1195527992
1282106167
1436151790
1192602294
1356909203
1468233387
1074437970
1218033365
1389658378
1391306693
1464392388
1317205012
1353071688
1371831944
1164400676
1166650268
1243030572
1385790347
1498731419
1229963938
1442035417
1333983231
1351726430
1356908573
1372247994
1419170690
1510231840
1427379161
1406596271
1190733818
1356908927
1408010651
1515807557
1546649785
1026479076
1218863979
1219249070
1227059059
1244383856
1285744957
1391281240
1502311338
1510697501
1066956509
1237976461
1282091006
1305738670
1356910115
1415646201
1533740102
1538464337
1218041184
1275895412
1304900207
1332469443
1352965668
1356908618
1138808056
1331411648
1408506097
1426838546
1489369928
1102295142
1216657310
1268016500
1317010340
1334645105
1424631141
1484430552
1538470338
1035662079
1042464658
1043071054
1192573590
1351201624
1334718566
1356908184
1361573090
1391259253
1411703586
1421702298
1472886519
1499246171
1533702169
1139004544
1285605191
1399846104
1370858189
1492862407
1506527189
1511638884
1526410023
1531981736
1180225914
1179574843
1275517457
1355014644
1432161711
1539902008
1124752233
1172841738
1208757933
1227026456
1390182001
1353001062
1411229618
1437275320
1489378050
1494984172
1162470255
1196893537
1266932600
1278303389
1282141717
1328164500
1332466956
1332467382
1332482384
1353071771
1397349809
1412744924
1421236300
1421675505
1443142613
1472881930
1484560895
1502136038
1502305865
1511887846
1526880722
1533132110
1023755965
1026697263
1095423099
1146871085
1149449934
1158096884
1208787652
1329356369
1375651184
1379615670
1391295884
1410197302
1432163955
1454264151
1515632432
1514016537
1532810993
1536464934
1033591741
1214225158
1208714061
1419170312
1536562078
1538431981
1160562358
1162489504
1210819557
1229944939
1237824206
1250825498
1339622303
1353071765
1432905837
1436150349
1539089842
1197936819
1408461572
1467487472
1133689122
1186205216
1245515527
1341189719
1436141803
1484049652
1502190071
1083134243
1433886258
1146741055
1160592139
1162494850
1162497074
1164018337
1173402484
1180332252
1180996699
1181016297
1194229815
1196859740
1218507700
1217428947
1275884230
1281395069
1302991698
1323427680
1326888867
1334710473
1337142797
1347965625
1353578584
1359528666
1384184744
1370817189
1475920914
1379041275
1401955188
1432161908
1435736908
1452886924
1452893776
1454502817
1458346684
1462005171
1462290254
1465590915
1467481326
1474665894
1474668991
1502140132
1502196188
1504117082
1506538106
1520231528
1532678546
1536537669
1538478460
1550306267
