1030674157
1516835282
1276937910
1016752613
1231427187
1452319548
1083528653
1146722433
1471334023
1378836734
1420463052
1284137188
1423943319
1474675944
1384608624
1196925305
1374359781
1075323656
913617
1031883243
1266259795
1473715569
1083876157
1146127540
1035576038
1185030414
1252231133
1090580327
1206963245
1463680598
1372636944
1025032875
1443528534
1498553755
1251143834
1437898898
1076589264
1410679787
1041909465
1472905455
1080489899
1453933168
1299103575
1463681801
1392104439
1392457403
1146934885
1237041641
1064598642
1241230938
1437629884
1361324364
1186898122
1017079022
1283567546
1247142461
1397695827
1438896824
1334820111
1510304059
1423194535
1016856895
1292205387
1289149659
1507633764
1232718671
1320015006
1255576592
1289121788
1289134373
1423954991
1393956187
1233224831
1237859184
1288163504
1019770612
1237551062
1423780367
1419808560
1468869025
1017079239
1231415497
1515737439
1205279071
1086232336
1314220065
1289107322
1280657659
1146711939
1242767234
1311458112
1037228940
1423925225
1165270503
1484254109
1431685838
1501618754
1055201696
1183756514
1037923610
1431657337
1512942994
1521161986
1520734356
1432040054
1520728436
1447856306
1495677503
1507627919
1339196501
1190336904
1237906267
1094814822
1245418403
1057830886
1036563518
1289126591
1483775166
1257833008
1237837014
1385043166
1113561586
1086889464
1391727487
1185598718
1378740185
1050825069
1070524421
1182839705
1289152998
1070524432
1237882018
1244447392
1289095872
1289143638
1531259982
1233176841
1185554176
1017076669
1035206614
1061900657
1288998422
1409381833
1321377505
1126045139
1375095479
1184297852
1206985549
1237830954
1020935098
1165938925
1254017129
1315450374
1317320360
1029084992
1027705744
1235469361
1316527597
1321273714
1518069392
1048812762
1057792364
1060000338
1151086515
1397673129
1440862093
1448219690
1059995394
1151227744
1376292855
1199730576
1356903959
1027688546
1094766919
1166603948
1385773302
1409436350
1432634763
1512898648
1512911184
1512920952
1335200466
1423889485
1469812220
1057829964
1367590519
1052440305
1165888297
1207964016
1448221651
1413362865
1052338597
1233181373
1165876668
1075952422
1049860135
1299108635
1443006104
1289068016
1516528033
1424753960
1484412263
1522243067
1498555514
1318259582
1384367159
1436548788
1468178107
1523633771
1531500558
1300723840
1368284915
1441332724
1468267477
1372815371
1423972965
1503924385
1092576597
1503615491
1523012422
1184313684
1295265565
1324069829
1423909621
1498182989
1050318003
1227912251
1227895940
1290591590
1313957222
1517829454
1022100972
1172914511
1177994714
1200366123
1213645171
1237835043
1247179310
1443444765
1459638932
1474874402
1512008571
1520230921
1523367308
1523587662
1035723531
1408649495
1489279395
1546184082
1021901275
1044753298
1471426481
1218902769
1251132435
1251134707
1255585350
1403642815
1489490393
1507545757
1515978092
1215835243
1146955182
1242776607
1413356776
1436680026
1441401595
1443495113
1489216480
1503815578
1517823524
1030130080
1375022869
1184287321
1184323317
1250675632
1288835367
1309995903
1315512346
1335208093
1372815376
1424024326
1425291844
1441345760
1444157361
1462810206
1474914738
1473698205
1508178506
1509199067
1515783886
1523314324
1535513400
1543242304
1543559603
1546616394
1051388985
1195161846
1195227507
1195240911
1300296227
1354772351
1356910836
1384729627
1427674736
1472332175
1486875665
1535611142
1544125821
1543856886
1544113061
1034620918
1098684924
1195170984
1195236360
1290874333
1335185936
1354901180
1384732900
1411155703
1435642637
1441201447
1443488504
1469407998
1503800508
1515769405
1516001426
1523710490
1531236876
1059996838
1076549391
1085395313
1206989751
1245465830
1312565278
1337220023
1417825224
1441270121
1468146407
1473651925
1473763190
1500393364
1512831919
1523747797
1544110045
1126570868
1195197603
1245441993
1245632331
1263228942
1314551005
1318218919
1335098255
1339678677
1339679135
1364648778
1367963413
1383490749
1397687072
1397700236
1436984162
1440250627
1441234574
1443436433
1443556904
1468132412
1473630881
1488766963
1489493646
1511896199
1515776971
1520369226
1522756171
1523734329
1535513879
1535514109
1544102532
1265157858
1323110601
1434328520
1437019707
1466088414
1470656070
1473683010
1475075558
1511962054
1512372089
1515628339
1544086996
1029201832
1030436762
1032656126
1034621762
1051332321
1053348908
1375036615
1375104062
1375117604
1375032824
1376422761
1154374967
1195217739
1243117413
1245792384
1257805276
1296254908
1295337621
1288055032
1290902186
1295291471
1314192292
1321394754
1335234321
1337242358
1364370846
1440903124
1448714680
1460854512
1461105147
1468162850
1473645485
1489490117
1520444653
1522089928
1523571621
1544019324
1539052924
1218933346
1323090402
1339679938
1473756727
1473777667
1473793550
1507353703
1507393845
1447353750
1463050533
1051340359
1179061732
1296295623
1034621604
1051378580
1053366029
1217519619
1375100019
1375011854
1375041560
1375016189
1375108440
1153815863
1154436410
1166080660
1180286876
1243070006
1296309846
1335110929
1335129777
1335213362
1339677627
1339678712
1339825680
1347542885
1354961711
1379711881
1379730814
1396583400
1397684841
1397694080
1409444796
1413371410
1413379951
1413386893
1434274073
1434302880
1435689991
1438865884
1438886545
1443451774
1443585735
1460906230
1461092862
1461316160
1462853529
1462893008
1484541932
1466057740
1466081480
1466085359
1466090959
1473552817
1473568959
1473580274
1473588981
1473596156
1473605371
1473610260
1473661247
1473689173
1473693351
1473720218
1473735449
