387017
1523620193
608988
1365434315
1006193345
387011
1113664849
856196
1317719428
1208379836
1005474530
730387
591662
1076614524
1029305948
1518921901
598696
879762
972890
835963
1029282041
1496225714
1113690580
1372292093
1076651140
1113641702
1515410875
1317856808
1319594017
791301
1005547656
1113834266
1155987465
1113710709
1084340696
1192318326
749047
1452579235
1024965
1300358435
1204513652
1113577599
1317870020
1290288439
1506177442
1113651487
672533
1035203773
1311052139
1029089032
749050
1217638288
1454637433
749056
1166164405
1520807867
1023337461
598649
598655
1465270435
1043949374
1005547479
1424724526
1012151803
1228187496
1380878862
1091328247
1012255794
1075966976
1113674338
1461962728
672538
1027924369
1166231232
743796
1036054776
1397928552
1484563431
1057765397
1017930045
1299813532
1448235525
1134396860
1019034617
1143391848
1215795291
1410723655
1020134020
1075438555
1113695589
1036056368
1076820002
1088729868
1198044130
1243840012
1276736756
1143387007
1076426996
1076626279
1076650365
1241222582
1451573649
1113612928
1091346752
1113685373
1016103827
1256878650
1323137164
1319795645
1500303509
703445
1501343724
1501337210
1501349330
1076212070
1133945341
1394684981
1473793899
1501327806
1266417367
1050848092
1483290969
1496427500
1034347972
1387280745
1458297141
1022555093
1319306719
1436965
1004063679
1057471579
1283972741
1324779555
1428928531
1489955741
1496408532
703439
1088731125
1311489962
1317655121
1452573671
1530760353
1076595183
1500214753
1033799060
1079473252
1117770186
1445577567
1526449406
1117754509
1339137798
1409098478
1466171909
1509676776
1098954024
1036047365
1076961384
1321164649
1485919550
1435562555
1539459233
1031432116
1189038604
1321149733
1367997904
1462799506
1472909707
1509594606
1515060431
1134418816
1375193290
1313221932
1472701495
1525534956
1289345263
1300374057
1476133047
1457210
1213091061
1384848621
785745
1105098025
1375189440
1375181669
1374823656
1372279755
1202564798
1212232168
1213116662
1276779714
1323185031
1305993765
1315313679
1317874856
1335154446
1348159283
1351840160
1434342104
1434415405
1435552339
1453742290
1457505045
1472734108
1489700889
1520612525
1530766691
1550914223
1555440238
1555452757
785746
1033798014
1192460119
