1312448555
1478816508
1112021827
1297482855
1032303
1380689573
1032998674
1115366566
1479457385
1068686646
1062673440
1124803347
1467565
1315658460
1467648
1149059610
1243782502
1034805921
1453000275
1253907561
1221987848
1154554463
1448289856
1485928909
1478819674
1312395373
1339222574
1007043458
1274995715
1074170160
1145528675
1520540342
1020545033
1266373824
1073924177
1146356681
1250731663
1442694900
1071318559
1372506302
1274983691
1023653095
1206564516
1475577668
1225388798
1436955762
1446440188
1100082584
1022585644
1115899302
1154716475
1373278992
1037460124
1162689409
1062675929
1084546207
1174700008
1400053415
1287417572
1457418358
1114722950
1045343845
1400058654
1244187082
1420645019
1457422960
1016375921
1070404913
1314409781
1073357633
1098180139
1108184635
1504836964
1172660204
1300884863
1380658519
1312442864
1420650383
1457425062
1037501336
1124725257
1020617390
1154715762
1375287313
1115905349
1093409115
1100900783
1276926940
1038648342
1410413475
1418964806
1100048850
1330199618
1375290990
1508032952
1037470618
1101176010
1064818145
1420650003
1084545157
1314449357
1096735142
1478822735
1504770162
1020903571
1124873061
1324488064
1418949306
1331080508
1118735243
1268997425
1457421315
1159695126
1380700985
1478820637
1481192007
1037469590
1100327156
1113821884
1084544178
1314501468
1084544178
1478821261
1037500237
1100933096
1312428674
1224743959
1420642412
1037500851
1436973990
1115881306
1456370098
1470862423
1037502078
1474390949
1115887379
1463920417
1492935883
1522947956
1342771121
1371302803
1106189554
1159603571
1225316687
1458013727
1508075920
1022822598
1314440261
1473199869
1476904328
1159674050
1324289525
1457169335
1478815673
1124043930
1174583176
1159724813
1477193948
1015344558
1475522665
1037462262
1157128248
1159612773
1314456489
1342782413
1037464002
1155427784
1145384045
1112921363
1371301927
1145639209
1145641813
1154717121
1037466242
1160854889
1160890451
1199206964
1211724650
1216309490
1216333135
1219174811
1221954700
1276323623
1288771916
1299131759
1037467465
1331488848
1037475767
1342981260
1375277207
1352623370
1354339912
1354428371
1354444998
1354450066
1360985444
1361690455
1037494997
1371304188
1371301873
1372181905
1373042826
1373286304
1373141446
1380708347
1390127377
1390145731
1401877810
1398332978
1408794067
1427217440
1428297505
1428317631
1450452345
1457242790
1457248936
1458015690
1458030137
1458215468
1470462559
1473793651
1477049735
1477530145
1478196899
1478821521
1478822171
1480527801
1482543397
1492933341
1492934773
1504549362
1508040966
1508061540
1508091841
1508131998
1519257747
1519816157
1519878682
1519880965
1521286849
1086831240
1142506368
1142509843
1531885524
1533843124
1533867839
1535172572
1535317940
1537473793
1537486772
1537512847
1537530063
1541987778
1543831862
1551363092
1551366544
1551368292
1551371392
1556344915
1455625194
