927422
835967
700701
944305
1058835
1102342227
609023
802369
644169
1284898
609019
1256933
598630
1176837
1198152
1509034837
791255
754114
1289107
1176846
802362
1255191267
1161203845
1332506
1332511
1198155
802355
1198151
1239024811
629361
552418
1212881
1217536153
1189734166
1038218864
1125521950
629376
754116
629368
791304
1434659095
1018116679
573072
1004031440
629359
730451
1198141
743821
629371
1332475
1260837
1332490
629362
743811
1247215420
1290096755
1533272151
1162161448
1332494
573069
1533893476
1004029624
1282134377
1340408428
1124068084
1237689648
1282123845
1542466282
1147578677
1231213172
1533967698
1473531767
819265
1332497
1454260596
1531759504
1463824784
1534999361
1543459179
1173435642
1314105888
1162099375
1187506965
1540329884
1208795
1249543406
1348016751
1495017256
1264373947
1381773599
1439378138
1454254191
1482610559
1543262862
1329373995
1072096619
1157830017
1265143482
1350592383
1509133690
1178270012
1187504849
1214459530
1236414803
1244119451
1315338611
1333330532
1341196037
1341667609
1349424281
1350719446
1371715957
1496036919
1508309820
1515298875
1543199209
1187501482
1333814114
1040703617
1348031928
1350613009
1540346828
1468763856
1533837899
1347972936
1350689088
1391071909
1401808349
1509289868
1527146634
1227912261
1264794216
1329417367
1347941053
1348020914
1348885646
1349951528
1350594985
1350609519
1350714145
1350719451
1393098109
1417907338
1419172254
1428988340
1464317195
1482587965
1394814398
1180731385
1187509514
1290089455
1317298300
1425104932
1517768005
1347912753
1391342542
1509286554
1189657161
1338738085
1340242487
1347483844
1347928864
1429659841
1517795061
1535061974
1135433905
1162102263
1162132591
1162134051
1162459452
1164862118
1287063475
1289149559
1293154088
1333311075
1333327887
1333349639
1338511430
1338902306
1341097235
1347953876
1348174433
1350590100
1350613362
1393774613
1395334885
1413470992
1452799771
1460926583
1463730499
1517752636
1517760919
1531522573
1531530041
1546108515
1547812348
1547315039
1548041078
1548599094
1549557056
1551916908
1551974366
1118005911
