856217
573055
774510
935672
573048
676188
972893
573054
1123736
1159248
879726
730431
1162099
1014753
652867
573064
676191
669609
1332414
1212169992
676190
822670
1286017447
573053
856231
1433753137
730428
692504
676204
692509
1275477456
856228
1355175841
1131948
913654
856242
774508
879732
1327151607
856221
879739
652901
652864
644187
609032
652821
644192
856201
730412
609024
856220
730443
856226
753184
856240
716560
879746
913595
676192
692475
1162105
774511
913653
676193
716555
1159249
652859
652872
1428799
609028
927426
716434
692489
754119
652856
692456
716551
695997
1178378208
573050
1088190797
1146455275
1140263461
1455775137
1225421618
1068671871
1076432357
1421646993
1470163890
1083080346
1278042276
1490685966
1525707107
1016177199
1047054231
1090748437
1171909391
1334639360
1437245
1016438600
1055201872
1126971010
1425301535
1019388360
1057993028
1375004777
1437878
1191674790
1228771633
1110579795
1255287435
1019008255
1255128390
1050163301
1315355799
1437893
1358194603
1437844
1361203536
1437879
1106146604
1268531774
1326955004
1231283263
1450796384
1415998319
1470164999
716540
1463096926
1206350
1255234768
1183601819
1427580340
1376720183
1463104966
1475619063
1102523790
1239094892
1315396748
1343042329
1451086247
1452016483
1437518
1230051647
1332230507
1333567003
1341434671
1469881269
1485836798
1437870
1378907618
1452062286
1537130581
1095687575
1214216448
1361262225
1432909009
1452565022
1437923
1105136680
1107077924
1254030204
1337367691
1378081599
1400550701
1451687154
1453963678
1468685969
1479163520
1485435275
1117914101
1324024335
1452040044
1437251
1106146390
1202248301
1310650312
1352912899
1479158149
1509159045
1530231254
1016081161
1453066085
1474237547
1476265072
1503157084
1530174559
1437317
1142989837
1206998499
1294429475
1316915389
1406579461
1434699120
1452630234
1463642993
1480397123
1485228838
1437283
1255831501
1282462887
1288775066
1294432178
1306533327
1337689421
1339677812
1375687028
1443522320
1444526668
1452933315
1453583376
1458895833
1458900523
1475160414
1475574687
1475590308
1480578122
1484398309
1492439436
1436928
1329934013
1475586696
1512234685
1196604898
1338543418
1384676778
1462069579
1451673129
1461509004
1481624085
1437309
1041926721
1255753451
1461640644
1475105332
1487301818
1506257046
1437376
1437942
1062679224
1083014721
1165095526
1192216756
1451602972
1451599207
1451602744
1451491964
1225410417
1255151980
1257927169
1329889330
1330018563
1332864758
1375002808
1378004962
1383671828
1450364147
1415962728
1392192340
1398672371
1398688524
1399023599
1398814272
1408518734
1412261685
1412277884
1420677104
1417848050
1421589168
1426059595
1426093302
1434709214
1443593792
1444014625
1444194065
1451481948
1451499103
1451502077
1452787384
1453627923
1453973288
1463155566
1463202985
1463714938
1465809696
1466199680
1466344479
1466375679
1469809766
1469810419
1469828866
1474259399
1475163510
1475478104
1475582987
1475901686
1478427290
1478437018
1478512146
1478983088
1480621486
1482233296
1485128081
1487064785
1502842623
1506530175
1510612087
1523399465
1548619901
1550638566
1242620
1555988723
