1307336
616384
1428829
708466
1363528
661333
1332406
1323115
573052
1428833
1242625
1206160
1026761441
1508961581
1500511495
1323120
772369
1428841
1286272
1323129
1187055
1323128
1040178
758131
1428852
1245605458
1286267
748930
1332404
708465
549865
766949
767121
1068096030
785855
856203
1206166
913598
1428849
1476097015
1215871
1406719965
1215850
1212903
1240840
748936
1428825
1359473060
1052377904
1442891236
1215849
1407101374
1492691811
1015745876
1145628
1206167
1128077693
1083485421
1515281250
1001877523
1022740647
1045487006
1064501898
1082583084
1266954
1306630
1257541988
1033866855
1515903861
1064245759
1163660640
1060335827
1408180024
1212904
1022744158
1245604707
1215848
1354469621
1137362497
1273333522
1330875757
1217204471
1259086058
1290316930
1177021902
1225775395
1062602989
1089925919
1022679843
1259089210
1020816455
1177097331
1035540266
1368095816
1015609949
1065876081
1259114688
1029675383
1177045442
1438772998
1273296332
1482651803
1018655128
1245602217
1477677364
1438761193
1516127464
1124534702
1471043460
1014735311
1245605556
1016348070
1082585241
1215371995
1476436114
1206170
1427304958
1257488278
1240930400
1082580037
1022738216
1257506894
1022736764
1257509829
1017583171
1257525688
1065872109
1257544374
1189130713
1257546846
1492490963
1259057996
1065818700
1245605287
1177029694
1245604402
1206148602
1257659740
1206155265
1455724364
1247147679
1257534630
1247161172
1257549962
1492652199
1245604715
1492669158
1245604923
1179103620
1245605294
1179254345
1259065355
1434294484
1259117956
1179363331
1245602092
1245604021
1245604806
1245605597
1245605600
1245605943
1257479590
1257487063
1257503010
1364759278
1411555369
1417769423
1257525031
1257533716
1497763801
1257536890
1031952498
632477
1204975851
1257540967
1257548402
754121
1061163594
1536474316
1547214863
632476
1061189165
1259110641
1215843
1061887999
1257483573
1461392280
1378295864
1232477046
1187060
1399032044
1437421726
1162098
1061846046
1437368518
1345238
1232502243
1245604407
1454056491
1259075727
1245475988
1271722815
1485644878
1245604678
1028208399
1061818963
1061919668
1061865042
1014252448
1392159531
1061908315
1234126736
1232481492
1553544467
1061924391
1061874344
1549641133
1165197
632576
835966
835965
533482
550121
835964
549868
550129
661378
927178
632571
766933
703475
791302
1141744
1159204
791281
703479
632532
1141751
433901
791301
661379
791276
1032320
1159196
605347
605342
605364
605374
751536
605332
605390
736896
736936
736932
1032332
1032321
1032312
1032322
