1342786004
1146783184
1253996105
1342655378
1414785224
1339503515
1460968614
1328417851
1050273756
1495624196
1342654084
1183709478
1419344643
1128308871
1342783826
1417734464
1099618857
1183712522
1462356104
1419116221
1093720101
1094836981
1095678289
1218526605
1019310659
1237562931
1240959608
1411139110
1445311469
1464027379
1494167132
1096504411
1419140794
1099608121
1094836905
1417773315
1419103391
1094836984
1158154756
1094836885
1435654929
1378206201
1427451499
1094836953
1306018158
1445312619
1515141385
1419126629
232332
1552235524
