1356278122
1249278177
1468160985
1033390690
1007279898
1379850751
1381164186
1312068397
1323698712
1226222335
1335604668
1384004417
1445587235
1349605538
1272036429
1360363555
1373141326
1373803130
1356025696
1331303168
1302229198
1416724919
1478013325
1386450826
1021934174
1366031701
1396862669
1411445915
1434876259
1321764690
1351766511
1446472682
1388917325
1298483827
1315344250
1354485490
1349543035
1295196809
1384745739
1395052809
1330936614
1333657003
1333174560
1372497265
1364845228
1072518459
1338164165
1369260763
1368670980
1313572816
1390161052
1370366337
1372247176
1330855422
1458808106
1367512673
1388051201
1478046932
1444526436
1049852261
1265143467
1379999407
1455879546
1033354530
1354392290
1298056826
1249331983
1445176318
1356378553
1261151725
1352985465
1372225605
1398132668
1458045109
1338132458
1409240778
1347367690
1438805905
1298446380
1351393261
1379308785
1323656255
1333619079
1355762151
1368901348
1239031424
1261132012
1281609619
1322348431
1332601488
1343386127
1338731623
1432943763
1025437617
1366192930
1378927765
1250510676
1392766854
1408356856
1425893920
1288157504
1383265232
1437435089
1409169237
1332617709
1427284422
1350171151
1211691953
1402922033
1351393885
1412915852
1076316607
1333601066
1430116452
1329536108
1399177574
1413981718
1432052459
1338070792
1372377224
1305944339
1315122655
1433572100
1333199225
1317943437
1250723143
1281282195
1407362751
1290286404
1298460697
1057270395
1336750442
1332618507
1382038654
1066377149
1271261321
1282455488
1338087523
1342954851
1354643910
1371215810
1397139862
1397870307
1411680364
1419341444
1367882083
1391721923
1438176054
1037697745
1421037065
1329413687
1043082202
1132356910
1211686405
1220236401
1224099468
1226207809
1237944887
1244166594
1033393289
1245651063
1249515673
1255761591
1286831124
1353670871
1276402624
1281013924
1438816212
1379464841
1282129195
1289355652
1290417063
1397913457
1294896851
1295223829
1295224406
1295372393
1305845429
1307223054
1307647703
1010931295
1296556025
1064599608
1033393289
1214562837
1232100368
1244199214
1249566910
1276402624
1290285193
1290314329
1296150652
1305845429
1309660237
1309804001
1313848973
1317047273
1321480101
1321734681
1322388624
1329533562
1330889822
1331449211
1332115690
1333467181
1333685355
1335088780
1337266061
1399905206
1438816212
1035942551
1338430380
1361228449
1033769919
1214637765
1341281973
1432959096
1249589476
1310283716
1431614253
1343046937
1296157076
1347066957
1350690824
1351767314
1314092003
1352984496
1353666447
1354440588
1354494894
1369897982
1331217618
1360943391
1367612624
1371652941
1372252038
1377389185
1379832861
1343826512
1381948490
1042749951
1038019273
1244242785
1250671168
1282451986
1296515954
1298474628
1309660237
1314318164
1332595563
1332789175
1335094292
1338480861
1341227907
1341246037
1444988764
1357725715
1369921645
1360850253
1374932392
1377394143
1383542806
1384859069
1385476901
1385829898
1386332923
1388688794
1390098642
1391635311
1392458408
1043964809
1392832089
1456078349
1250707327
1396916798
1400029839
1298520432
1407613113
1394874910
1332978716
1407999199
1412915746
1415680231
1347074404
1347558935
1415933327
1366271744
1373603427
1369430464
1375520578
1416387311
1383579593
1419835246
1421043989
1424452427
1426657024
1433087473
1433648372
1434602632
1434872333
1050857981
1041688909
1247958025
1250727993
1296556109
1309678853
1315248080
1333024746
1335099180
1347111026
1369989060
1377397968
1384763257
1389290417
1412956912
1415962907
1435296996
1437961802
1438818059
1438883397
1440479188
1441090533
1441797994
1441915183
1449172480
1354551687
1278170618
1428867970
1336774359
1392862369
1332491064
1372954175
1316184233
1249368270
1373123988
1255157014
1033355223
1338220353
1275778206
1347354559
1374456440
1423052897
1385234790
1391262180
1391583402
1334141310
1324297525
1481203050
1425147794
1096601274
1332946587
1059384503
1295359088
1323444600
1315331827
1407708136
1281143250
1287470490
1300378377
1349632261
1036836582
1043065315
1247973697
1296558360
1335154178
1338355342
1397852762
1076296691
1037331412
1373110774
1331930053
1428806196
1343426413
1338554971
1349590793
1372727023
1375232256
1332632348
1356466074
1194430774
1309687178
1335825116
1347632523
1400058366
1411698980
1362447020
1440504863
1506029263
1247730518
1285539996
1011338293
1073325044
1227560125
1307852382
1343159290
1324980282
1347123684
1351374279
1360078538
1369483261
1380509036
1382494814
1425674448
1431898689
1433628735
1368322863
1445290621
1442906492
1356442450
1298532200
1349781895
1365189264
1419075181
1218108966
1338053616
1371322859
1330757242
1304482666
1452683131
1290417836
1035626049
1046767388
1248001569
1335178747
1324980282
1282452256
1349590793
1403549412
1338491741
1368336118
1520211313
1407396802
1304482666
1452683131
1290417836
1338096534
1421489449
1435302621
1484238730
1218096737
1247922906
1251274331
1280978704
1324615896
1348318796
1354573706
1359935652
1383873800
1400603062
1403220555
1007942061
1412640754
1436710968
1440206232
1338461463
1042899143
1347011888
1354575781
1378503388
1369787681
1261101777
1375049294
1333289769
1014978782
1387986513
1338260471
1064355978
1070488181
1196996821
1205273378
1211682412
1211845846
1216614450
1219188853
1220236339
1224099159
1224263689
1231288227
1242317281
1245642421
1035624434
1049298512
1248014256
1335186204
1338252710
1372922654
1440254549
1391145327
1033395305
1055705917
1194431461
1205290548
1211695437
1211846361
1218092855
1224099506
1224267242
1231581796
1242333722
1248815661
1250716949
1253896482
1255398231
1261141529
1264130274
1266637414
1276813787
1278121116
1281036203
1282091415
1306031754
1282450973
1289457049
1290287038
1290314133
1293808514
1296173854
1381874734
1344587386
1305848268
1307186960
1309685845
1212481514
1310167544
1311284195
1224102192
1312557030
1333072824
1242341232
1314124816
1319221489
1320100093
1258689579
1261165783
1321518950
1321722788
1323030957
1323248311
1441438726
1324642648
1051000809
1248024215
1041706104
1317411319
1205514091
1212482910
1211894407
1218097376
1232039750
1242353299
1255298176
1273862731
1281104379
1282451211
1290286194
1290313583
1290415711
1402867276
1381873553
1307213547
1310311509
1313059508
1330862883
1320254875
1321727865
1322770063
1325372521
1327819784
1327820466
1328298023
1330495745
1331580362
1036839272
1332946660
1333645197
1212149664
1335108959
1365950804
1336169734
1242416491
1337244786
1337543782
1337551543
1337762158
1337833819
1338125161
1338423289
1338501281
1338578551
1339827497
1331914093
1341254460
1330859256
1341955415
1432972966
1322963229
1342635680
1342705457
1342851584
1342909015
1248042188
1248103290
1248117339
1248129690
1248202225
1351278808
1369515445
1080916461
1008281686
1244226451
1041451003
1372301521
1062160092
1062167717
1062210348
1072762289
1211739745
1211894940
1211894980
1211896465
1214618124
1214650917
1218110502
1244157313
1248185943
1273862116
1282451266
1282452006
1282452462
1282453523
1282454879
1288856808
1290286579
1290286783
1290286869
1290287363
1290287376
1290313624
1290314177
1290314225
1290314270
1290314344
1290314482
1290415923
1290417633
1290416711
1290416790
1290416816
1290417533
1290417582
1296556160
1296558740
1298445425
1298446835
1298445689
1298446345
1381873742
1381871157
1305844397
1305844677
1305981221
1305981986
1305982948
1330759765
1314365114
1316473935
1316542949
1316590339
1330752179
1330748225
1321734512
1321763888
1321764165
1325591829
1326578867
1327820198
1327821154
1329868953
1329954251
1330176707
1330320456
1330937365
1330994838
1332230686
1420286395
1332557762
1332595760
1333618259
1333703888
1333781909
1334606066
1334614076
1334643826
1334720933
1334743442
1334780300
1335046481
1335429152
1336169206
1338134519
1338165187
1338194279
1338358067
1338372238
1338398976
1338408611
1338563351
1338599005
1338610118
1338617491
1338921582
1339210962
1339339503
1340424320
1341392233
1341401563
1341824529
1341836805
1341970916
1507646681
1341970916
1507646681
1444990655
1342851584
1342909015
1342927564
1343191852
1343379462
1346637782
1346638162
1346724551
1347052307
1347662599
1348316946
1348321493
1348334569
1348622488
1348628925
1348674009
1354630801
1348982167
1348987251
1348991274
1348996838
1348999607
1349475020
1349571291
1349584971
1349622462
1349648433
1349654633
1349661376
1349702501
1349720776
1349774319
1349797634
1349801413
1349804765
1349826078
1349912939
1349968505
1349985235
1350487932
1350486874
1350486881
1350487179
1350647830
1350673116
1350681484
1350708343
1351490670
1351291958
1351560779
1351592231
1351614192
1351813126
1351819747
1352062082
1352499516
1352508845
1436013810
1353457940
1353583691
1354506345
1355056913
1355757153
1356491794
1356544720
1356655714
1356690610
1356719850
1356773316
1356789301
1356832111
1357658000
1394615220
1358251395
1358571415
1359599691
1359934875
1359968530
1359998272
1360058334
1360060810
1360068966
1371505308
1371517632
1360749327
1360752209
1360763708
1360765476
1360839355
1360843814
1360847447
1361060679
1364112524
1362457677
1362466945
1362510796
1362548659
1362567429
1362590537
1362702322
1362938592
1362941639
1363334230
1364585378
1364594161
1364608848
1364781119
1365094291
1367754111
1367915838
1368185749
1368186996
1368187441
1368189145
1368189853
1368190671
1368190713
1368326024
1368327148
1368328037
1368329175
1368331429
1368330039
1368330352
1368330683
1368331114
1368331675
1368331894
1368332795
1368335635
1368337332
1368335109
1368337653
1368338228
1368338366
1368338642
1368339762
1368339835
1368340412
1368341065
1368342069
1368342675
1368344659
1368345593
1368346720
1368347146
1368347469
1368348168
1368350535
1368351830
1368353088
1368353136
1368353168
1368354302
1368354379
1368354750
1368358430
1368359134
1368360892
1368361790
1368365848
1368367636
1368367895
1368368801
1368370975
1368373153
1368374569
1368375226
1368378354
1368379890
1368381304
1368381907
1368384026
1368384526
1369667178
1369668287
1369668612
1369669666
1369669706
1369671575
1369673642
1369764708
1369767646
1369768006
1369769007
1369770682
1369771568
1369772296
1369774170
1369775120
1369775156
1369776439
1369776490
1369777923
1369779539
1369779583
1369780636
1369780927
1369781508
1369782498
1369784841
1369785249
1369786298
1369786522
1369788563
1369789706
1369790047
1369792468
1369793715
1369794909
1369796264
1369798640
1369800683
1369801284
1369803981
1369804607
1369804922
1369805087
1369808441
1369809278
1369810528
1369811585
1369813197
1369813600
1369814077
1369815012
1369816182
1369817123
1369817193
1369817750
1369817793
1369818964
1369819763
1369820345
1369825798
1370054411
1370055621
1370056504
1370056820
1370057059
1370058610
1370058776
1370206953
1370209498
1370212568
1370214000
1370214421
1370217174
1370218552
1370220044
1370222333
1370225186
1370226635
1370228735
1370230069
1370232542
1370233573
1370235190
1370237899
1370239444
1370242035
1370242989
1370246087
1370248661
1370249100
1370251950
1370253413
1370253744
1370256811
1370260850
1370263536
1370263879
1370265986
1370268367
1370271448
1370274540
1370276600
1370278276
1370279888
1370283864
1370285846
1370287721
1370288500
1370291800
1370292304
1370295074
1370297340
1370299544
1370300776
1370302118
1370304496
1370307649
1370309847
1370311950
1370314558
1370315010
1370315785
1370297340
1370299544
1370300776
1370302118
1370304496
1370307649
1370309847
1370311950
1370314558
1370315010
1370315785
1370317698
1370330335
1370328934
1370331116
1370333104
1370335376
1370336119
1370339333
1370339369
1370340562
1370342837
1370343745
1370346029
1370346697
1370348526
1371459370
1371461745
1371462614
1371464236
1371464752
1371464826
1371466868
1371467993
1371468619
1371469304
1371469469
1371469487
1371469795
1371473830
1371475634
1371471500
1371472358
1371474025
1371474536
1371474971
1371563316
1371566229
1371565253
1371565438
1371565607
1371565876
1371567473
1371568169
1371568565
1371569551
1371569582
1371569804
1371570019
1371570897
1371571270
1371572037
1371572486
1371573044
1371573721
1371573765
1371573793
1371574484
1371574635
1371575418
1371575913
1371576138
1371576163
1371576185
1371576761
1371577204
1371577324
1371577746
1371578024
1371578646
1371578864
1371579315
1371582135
1371579419
1371583239
1371579878
1371580456
1371581245
1371581306
1371582345
1371583020
1371583608
1371583747
1371583860
1371584148
1371584968
1371585612
1371585767
1371586056
1371586686
1371587143
1371587292
1371587525
1371588062
1371588084
1371588609
1371589918
1371590353
1371591090
1371591274
1371591437
1371591457
1371591511
1371592608
1371596631
1371593644
1371593869
1371594660
1371595368
1371597835
1371606763
1371607928
1371608071
1371608108
1371608249
1371609313
1371610532
1371610879
1371611349
1371612148
1371612287
1371612742
1371612973
1371613848
1371614219
1371614532
1371614804
1371615237
1371615374
1371615807
1371617070
1371618670
1371618743
1371652026
1371654193
1371654651
1371654739
1371654893
1371654906
1371654922
1371655038
1371655080
1371655935
1371655203
1371655311
1371655911
1371656274
1371656495
1371656514
1371656669
1371656891
1371657185
1371657404
1371657750
1371657828
1371658270
1371658322
1371658417
1371658480
1371658747
1371658815
1371659041
1371659126
1371659426
1371659483
1371659865
1371660053
1371660108
1371660313
1371660353
1371658480
1371658747
1371658815
1371659041
1371659126
1371659426
1371659483
1371659865
1371660053
1371660108
1371660313
1371660353
1371660670
1371660724
1371661009
1371661222
1371661302
1371661662
1371661909
1371662107
1371662146
1371662271
1371662348
1371662506
1371663056
1371663083
1371663158
1371663647
1371663781
1371663862
1371665939
1371664258
1371664621
1371665833
1371664781
1371664824
1371664909
1371665018
1371665060
1371665094
1371665254
1371665297
1371665657
1371665783
1371665852
1371665967
1371666138
1371773524
1372155537
1419825989
1372708263
1372710992
1372711280
1372713398
1372715032
1372715082
1372718048
1372718621
1372721843
1372722209
1372725683
1372729292
1372729595
1372731877
1372733492
1372735039
1372736011
1372737763
1372740259
1372740499
1372905715
1372906018
1372910932
1372909392
1372909520
1372909601
1372909716
1372910065
1372910307
1372910501
1372910650
1372910952
1372916638
1372913826
1372915622
1372916465
1372917063
1372918392
1372918637
1372918777
1372918814
1372919110
1372919158
1372919173
1372919192
1372919501
1372919691
1372919748
1372920037
1372920975
1372921192
1372921219
1372922044
1372922443
1372922677
1372922736
1372922796
1372923079
1372923712
1372924072
1372924089
1372927130
1372924163
1372924256
1372924937
1372925015
1372925057
1372925214
1372925870
1372926132
1372928672
1372928883
1372929880
1372930119
1372930403
1372930526
1372930596
1372930772
1372931627
1372932192
1372932313
1372932654
1372932679
1372932712
1372933102
1372936134
1372933664
1372934256
1372934310
1372936340
1372937356
1372937459
1372938006
1372938401
1372938913
1372939142
1372939171
1372939234
1372939256
1372939849
1372939888
1372940213
1372940545
1372940763
1372942832
1372943016
1372943657
1372943673
1372943697
1372944773
1372944937
1372945193
1372945363
1372945993
1372946024
1372946624
1372946877
1372946905
1372954935
1372947857
1372947886
1372948063
1372948078
1372952734
1372948454
1372948484
1372948687
1372948786
1372948802
1372948848
1372949634
1372950148
1372950338
1372950380
1372950601
1372950612
1372951105
1372951478
1372951542
1372951568
1372952855
1372952895
1372954291
1372954576
1372955398
1372955416
1372955810
1372956991
1372957134
1372957220
1372958572
1372960478
1372960764
1373046983
1373048832
1373300037
1373320471
1374171624
1374253768
1374405360
1374458920
1374782725
1374986905
1375233629
1375231872
1375231881
1375232581
1375233454
1375520608
1378148693
1378212739
1378462536
1378502659
1378513232
1378552001
1378807722
1378976600
1378986697
1378992426
1378999072
1379002647
1379572818
1379646325
1379820031
1379831982
1380178745
1380437876
1380599162
1380623484
1380700236
1378986697
1378992426
1378999072
1379002647
1379572818
1379646325
1379820031
1379831982
1380178745
1380437876
1380599162
1380623484
1380700236
1380711630
1380719147
1380825751
1380837972
1380840109
1380853509
1380859401
1380867965
1380870414
1380878872
1380887135
1380898854
1380911147
1380915033
1380912952
1380914665
1380922681
1380926566
1380930140
1380931716
1380932095
1381195079
1381346040
1381438039
1381453106
1381482211
1381512921
1382050674
1382089753
1382097317
1382102718
1382111433
1382668977
1382457962
1382419463
1382492493
1382509097
1382705461
1397503092
1384428981
1384432354
1384438335
1384448231
1384445410
1384440855
1383595161
1383013380
1408034756
1383232741
1383273712
1383285772
1383335397
1383352096
1383374773
1383377019
1383399309
1383404792
1383685390
1383788869
1383797385
1383826996
1383862243
1383884098
1383892278
1420282270
1383909246
1383915877
1383920786
1383929269
1383934550
1383940681
1383946858
1383969744
1383980568
1383989719
1384026084
1384038023
1384048217
1384063748
1384219770
1384414421
1385473979
1385475644
1385481039
1385483752
1385601901
1385675303
1385767336
1441451309
1386049670
1432173995
1387322188
1387474912
1388313778
1388319816
1388334560
1388335693
1388337022
1388376575
1388386961
1388394624
1388414702
1389030402
1389091292
1389184197
1389244125
1389254316
1395011652
1394591428
1395028042
1398088600
1396499720
1396507370
1410720898
1395297551
1395956862
1396004636
1396237856
1396546294
1396561358
1396576760
1396580091
1396901609
1397077539
1397084407
1397093453
1397332459
1397394944
1397929156
1398374897
1399017809
1399584630
1399790313
1399793240
1399793272
1400120573
1400567143
1400595744
1400792792
1400824447
1401656677
1402437126
1402457804
1403508679
1405085538
1405367247
1405667842
1405821897
1405829163
1405836538
1406700765
1407210381
1407225406
1407388866
1407398266
1407451303
1407662861
1407700476
1408336887
1410978483
1410194850
1410209724
1410224667
1410239508
1410244603
1410248848
1410822713
1407398266
1407451303
1407662861
1407700476
1408336887
1410978483
1410194850
1410209724
1410224667
1410239508
1410244603
1410248848
1410822713
1410918706
1410933445
1411411786
1411419626
1411430030
1411551440
1411691700
1411714901
1411723540
1411740589
1411877917
1412059842
1411975356
1431994183
1412911675
1412913638
1412957394
1412958702
1412959740
1413258703
1413362532
1413973475
1413993220
1414018611
1414039193
1414047946
1414057152
1414654822
1414686047
1414836545
1414859131
1415175434
1415376667
1415683721
1415933240
1415959727
1415965011
1415969083
1415994075
1416005575
1416043881
1416294899
1416441956
1416447770
1416549141
1419740296
1417732866
1419446672
1419467371
1419515217
1419522961
1419804560
1419809297
1419832496
1419828530
1420630977
1420671996
1420752722
1420807392
1421013235
1421166046
1421744816
1421745996
1421746511
1421747107
1421748428
1421750717
1421752563
1421752786
1421759930
1421756892
1421758388
1421758420
1421758844
1421759360
1421759793
1421760012
1421760298
1421760609
1421760761
1421762324
1421764478
1421764558
1421765336
1421765773
1421800585
1421801086
1421802390
1421803088
1421803206
1421807634
1421805328
1421807953
1421808295
1421826782
1421827491
1421828064
1421828567
1421828620
1421828625
1421828886
1421831134
1421832199
1421832471
1421833503
1421833584
1421833941
1421834027
1421834097
1421834177
1421835721
1421836715
1421837839
1421839624
1421839762
1421842929
1421840390
1421842066
1421844436
1421869607
1421873540
1421981103
1423725272
1423990397
1424050943
1424332870
1424342415
1424809787
1424914203
1424921775
1424930783
1425163262
1425188268
1425188626
1425189703
1425594709
1425597942
1425617733
1425627535
1425631966
1425650065
1425666937
1425670618
1425923362
1425931171
1425943480
1426174714
1426185281
1426339137
1426438633
1426443469
1426983628
1427090045
1427233777
1427250218
1427255888
1427260259
1427284418
1427289905
1427299533
1427304745
1427318412
1427569730
1427574343
1427577940
1427580995
1427582718
1429715560
1429900705
1430100538
1430281762
1430371999
1430469591
1430475810
1430767315
1431069845
1431072805
1431811240
1431869416
1431889689
1431892416
1432060048
1432623174
1433088452
1433887131
1433916254
1433953141
1434076495
1442953647
1442959388
1443527970
1434401219
1434665623
1434780735
1434792626
1435033805
1435037865
1435280158
1435746768
1435755478
1435774455
1435810813
1436431135
1436432291
1436756855
1437095289
1437580845
1437614496
1437960723
1439070553
1439222112
1439942564
1439976777
1440156457
1440161892
1440216649
1440228026
1440241421
1440274796
1440278314
1440286239
1440291439
1440293953
1440298740
1440366331
1440499490
1440499814
1440499998
1440500409
1440501686
1440501695
1440501740
1440505031
1440502463
1440503283
1440504041
1440504192
1440504369
1440504651
1440504761
1440962794
1440963571
1440963667
1440964451
1441117464
1443391700
1444579284
1444607029
1445286812
1445396556
1445581180
1446932456
1448513766
1449111794
1452574998
1455607027
1455931133
1455959330
1457353791
1457567086
1458079649
1461506558
1461513296
1463861729
1463583469
1463585146
1463691774
1463743107
1484471928
1470307344
1470323035
1470855705
1470856452
1486500927
1486594620
1489443762
1505494231
1520241846
1521487707
1522256048
1522243668
1523393774
1525990694
1526003790
1529178963
1529236331
1530432088
1338325075
1351842601
1298490073
1231922812
1275789897
1405292086
1409956276
1415931653
1421073744
1430125224
1338765160
1347039592
1373710430
1407092655
1242929623
1400262308
1433685273
1392544828
1281085638
1310181045
1418020124
1332604536
1347150785
1348222274
1348260868
1356817875
1356884548
1385776742
1385784819
1386327199
1388285708
1419110971
1440961727
1224097055
1257072951
1290314450
1317768317
1373568387
1391636595
1398001505
1330916254
1376040057
1409586052
1372860137
1224264267
1261150468
1311381605
1338617642
1353660388
1356722338
1437960524
1440332638
1380967881
1367727853
1409295028
1437047072
1062189438
1306108616
1328629868
1389180699
1372860137
1224264267
1261150468
1311381605
1338617642
1353660388
1356722338
1437960524
1440332638
1380967881
1367727853
1409295028
1437047072
1062189438
1306108616
1328629868
1389180699
1233545243
1261491792
1296711797
1338517052
1338524017
1372513974
1372949557
1374825320
1441433239
1441439751
1424093456
1437064609
1338537368
1398075688
1247834257
1347427081
1379379457
1491121393
1258841425
1265632263
1333562833
1333597402
1444206336
1385148453
1385606312
1388035394
1416378100
1421944857
1427315571
1429892032
1033355980
1303820860
1038213416
1233141898
1372930895
1333401394
1340538986
1424081200
1386402131
1386580113
1371732593
1062179329
1332111167
1415241675
1416033576
1416833672
1417816733
1417824145
1417831358
1417859857
1417863949
1417870185
1417877437
1417898724
1417915205
1417938088
1417945217
1418014453
1418835403
1418840624
1418865799
1420825940
1424100733
1424462490
1425611886
1425720307
1433574276
1439592989
1446041634
1467040735
1425212747
1342986887
1394595738
1419600498
1076078581
1310411214
1321506538
1338428787
1343177852
1343589273
1365046576
1378995902
1380848612
1380892824
1385312752
1387583068
1393369926
1405685010
1409225115
1423161270
1423170087
1425156131
1425356705
1425363439
1427623649
1433055068
1433133987
1433142512
1433779388
1436431254
1436432052
1445574999
1445577528
1433779388
1436431254
1436432052
1445574999
1445577528
1531165351
1410749462
1224965016
1410001080
1410771792
1315531226
1270015814
1308162721
1374120
1379303111
1310427902
1409842776
1411674047
1413889899
1413922471
1416888559
1033353804
1335741383
1379323562
1439991103
1398022118
1425190505
1425207988
1425847751
1313287228
1462991345
1462407965
1424956349
1440965133
1407609201
1505079050
1433756065
1295246148
1435664695
1343380026
1388084050
1332471134
1329541916
1330160094
1341388132
1378955312
1386437632
1388007961
1291791366
1323772616
1242322253
1294644659
1371189271
1424006417
1235162472
1323179376
1361772695
1385091618
1279746594
1357844992
1357851062
1417144869
1469595285
1399408873
1350467778
1321663331
1373941802
1210806024
1232222861
1249255230
1315034847
1339172659
1343055274
1412289390
1348281514
1362752217
1374784097
1374929593
1376993660
1385907486
1409540848
1410102714
1410894425
1410908107
1413246310
1413250015
1416200895
1416718790
1420958070
1420972269
1420987931
1421013541
1421454957
1421458898
1424032032
1430818745
1431129451
1434078594
1439662743
1441238460
1450086898
1522660955
1330219013
1343364832
1440008321
1298525993
1348716729
1361445112
1368193959
1371195953
1376674195
1378477461
1378984859
1382396255
1383849887
1394293461
1395006532
1394774211
1403517743
1403487494
1405526947
1405657233
1407616222
1413238570
1416038067
1416232048
1416409715
1421225634
1424142856
1424458325
1429900067
1434815110
1434822987
1435838949
1426123739
1472688991
1042354499
1415996251
1416028848
1372921450
1417880358
1429780859
1409290194
1352116847
1342496572
1423628041
1423976937
1446596982
1294641671
1411714312
1357185861
1393050308
1511706218
1379346095
1425198563
1307864666
1393016888
1451252175
1364762948
1366043039
1366061337
1342918228
1304131347
1405449132
1424082268
1440510787
1037888815
1282258610
1275074848
1281724434
1282537120
1312882765
1319239000
1332552049
1338090011
1356470239
1365701966
1377932564
1395029613
1397110760
1304131347
1405449132
1424082268
1440510787
1037888815
1282258610
1275074848
1281724434
1282537120
1312882765
1319239000
1332552049
1338090011
1356470239
1365701966
1377932564
1395029613
1397110760
1398880411
1400616146
1401718401
1405557402
1415119013
1426375191
1429565222
1444129831
1015630822
1364140843
1447004457
1048449306
1459181114
1326603439
1327736251
1361281137
1415704198
1411708133
1412959074
1416477525
1416530232
1428266687
1436753892
1315466517
1403799262
1372916109
1263981005
1327415851
1358304730
1263830527
1454292143
1312859668
1342947280
1387923750
1331287314
1021201614
1264117183
1031609877
1337081992
1037881646
1432077603
1446276225
1282759060
1282755382
1282539916
1282718873
1282547727
1282556342
1282558048
1282560577
1312807450
1327370078
1329999232
1332944249
1340895627
1341539132
1341873922
1343665736
1346615129
1346650158
1348636586
1348663199
1356480667
1361440414
1362527327
1362624765
1367066477
1368887206
1368902606
1369569649
1379115691
1379121369
1382441615
1382866985
1389624729
1392318592
1392423475
1392459111
1394278282
1394301483
1394714948
1398462500
1400561431
1401220549
1403453891
1403527789
1405216837
1405516206
1410786948
1410888049
1410919068
1411661983
1411791214
1413238655
1413240846
1413241669
1413243146
1413244653
1413244749
1413255486
1413344166
1413867295
1415434614
1416015359
1416099482
1416162827
1416163964
1416432885
1416468089
1416858166
1416945966
1419012627
1419026165
1421338726
1422637400
1422677579
1423147242
1423176305
1423193294
1424050902
1424423691
1424738984
1425166143
1426044587
1426138760
1427151667
1427646987
1431714750
1431752747
1432786620
1435755980
1434408653
1436731487
1436753231
1441293887
1444168582
1446602909
1447500267
1458821318
1462164384
1383025274
1424443472
1392136219
1281941832
1296184690
1296221108
1296534930
1332486259
1348406899
1353401228
1355249076
1379269981
1415724651
1405629848
1407387510
1416489095
1416510233
1421750040
1422538352
1425252005
1430495776
1431942084
1434029079
1434819930
1435383087
1436433658
1440502829
1457636887
1487539417
1487544777
1331290445
1374318
1477990717
1367003564
1315585726
1340856754
1397290133
1409871139
1356842609
1401197813
1352544307
1296200551
1322533822
1418857641
1418871504
1466958672
1373081212
1254474001
1357808408
1354481189
1366535778
1033352994
1348916556
1281668772
1478637404
1035952576
1035954947
1036347228
1036352182
1036874626
1037291535
1232229837
1296666197
1307900873
1317800330
1332355257
1351810889
1425145738
1416853436
1037274791
1307506713
1339263510
1399999385
1401972006
1429873739
1152397502
1037345925
1043027821
1037389401
1257789523
1409848083
1021200005
1232812882
1037374938
1392867909
1386322312
1405196444
1366535123
1440962997
1423422972
1343288510
1013480677
1036350768
1036518163
1036519627
1036872980
1037356273
1043021078
1043034735
1234177831
1273979012
1275062277
1282750361
1282707295
1285963650
1300207086
1314246074
1327900337
1329514157
1341319682
1341640931
1343091064
1343383512
1346620582
1353482123
1353509256
1355253521
1355873212
1357699374
1360731117
1383378695
1387565637
1387574488
1395031108
1405209158
1406565619
1409975584
1410083895
1412094288
1413390015
1415138247
1420608197
1420825315
1420828099
1421057759
1421770609
1424954032
1425313965
1425749444
1425841985
1427686520
1430123259
1434071347
1436431558
1436751763
1451793191
1461105918
1471384481
1484193234
1485874334
1504043013
1504045101
1242351620
1326751470
1339881261
1361412814
1413957615
1413975459
1423765772
1425212816
1429794787
1434031601
1441762440
1484374686
1257534851
1036785231
1420870931
1403414428
1036782728
1233130423
1343484609
1310210984
1412744820
1266410658
1409884235
1416108209
1429610239
1372286640
1314376966
1371216572
1409689850
1426014487
1427732774
1460651948
1413238628
1332374096
1264127944
1415696334
1349963525
1362738061
1374956375
1383961380
1409668358
1374172
1331436446
1440102992
1458489039
1296561858
1332200837
1332241943
1363597724
1441560152
1460651948
1413238628
1332374096
1415696334
1264127944
1349963525
1351852189
1362738061
1374956375
1383961380
1409668358
1374172
1331436446
1440102992
1458489039
1296561858
1332200837
1332241943
1363597724
1441560152
1434483459
1259151057
1353386877
1293354943
1339188201
1418997737
1457987736
1341198628
1345471722
1223271137
1279923794
1315545768
1332505902
1332627206
1337574298
1351606991
1355681474
1363331389
1387589941
1388818967
1395192574
1416207155
1451060524
1438085089
1463933568
1484198681
1538185539
1284716455
1360261878
1367784752
1371217227
1372476541
1445553135
1476816745
1478800152
1349740461
1511137477
1232784927
1434430045
1016059477
1232224085
1434396933
1517973679
1379240867
1419478835
1296145147
1387775777
1391215091
1366357576
1434352614
1434545711
1337464650
1062481971
1380236588
1298659075
1298669395
1251071922
1257587430
1309793364
1315005314
1346712475
1393672599
1423119420
1232235835
1313140421
1332558006
1355373395
1411607473
1411658534
1427201104
1371680734
1031619636
1293743308
1413275069
1478265090
1042388864
1331220213
1379839879
1423392272
1063473037
1207619961
1251061955
1314543236
1346634676
1369654215
1379298987
1393136927
1393733747
1409799602
1410483836
1429111009
1431988206
1432118231
1453793922
1370842350
1073204609
1440852261
1353469973
1271841808
1207591566
1116636934
1369905309
1047540456
1232990519
1275132609
1295309525
1300242383
1335404893
1422359745
1430790151
1436566006
1260830577
1354313597
1422326352
1379844404
1062497373
1370871739
1093966342
1090279182
1207606860
1229908187
1421201833
1459824534
1476811776
1298830091
1207577965
1459379428
1476814635
1476822938
1478769547
1350701883
1310561240
1337458097
1391146370
1433863656
1297109841
1478783113
1030761742
1302742648
1449931411
1459327169
1459415629
1399981151
1297102016
1432848164
1423903696
1275609623
1036579316
1302674957
1252870194
1387634786
1501193871
1393113056
1410823070
1491605205
1476807337
1476809019
1501737539
1185074479
1033932091
1459327169
1459415629
1399981151
1297102016
1432848164
1423903696
1275609623
1036579316
1302674957
1252870194
1387634786
1501193871
1393113056
1410823070
1491605205
1476807337
1476809019
1501737539
1185074479
1033932091
1393190384
1459377324
1185092034
1501738143
1459294564
1423479118
1476835828
1422306487
1439128218
1476838446
1413051852
1045087529
1490270447
1340939516
1438857817
1364992030
1373907675
1555848294
1362472767
1427360422
1313287739
1443398479
