154959
1176983
1176960
1003905978
1154175
1004138401
1032395787
1093569
1143812
1003537603
1323610948
1003352756
1302728
1093566
1234737433
1059533253
1408640
1002369023
1312738272
1428810
1297995
1462416120
437544
1464371876
1298011
1093563
1353113387
1235735488
1112763525
1286269
1174600122
1381636710
1298017
1051158740
1143816
1006794
696013
1031596012
1348488740
1011340438
1029046037
1003570020
1529795850
1062218035
1364164101
1002462449
1298012
1143817
1535766066
1507367519
1410972898
1022181306
1019863012
1501211030
1032549328
1030791826
1289466310
1218187493
1030663276
1019720542
1335724
1354088133
1282470160
1031059191
1190940813
1002370498
1333000
1218194708
1037708795
1006797
1158275402
1019868759
1428557153
1314346366
1029870757
1059915854
1016363104
1266907763
1187460010
1112855469
1012277983
1178403296
1037553380
1019924251
1072982352
1298140169
1149455253
1441288924
1159216
1139788443
1012533575
1032028425
591648
1474575369
1345397530
1079222666
1149467515
1003564992
1059903307
1405817950
1272725
1348260876
1319073
1019858262
1527508750
1319078
1143818
1367837780
1139238342
1002312946
1047077918
1023013538
1023112908
1231713294
1045077677
1059900377
1268708767
1380275
1098346916
1059606398
1063893151
1444560614
1014493617
1393628293
1505839518
1019872505
1120729028
1113512132
1042613260
1007800861
1002312485
1030971653
1053963033
1109371724
1394859931
1138959146
1377104721
1332999
1375324113
1090644391
1030409003
1505622783
1234602193
1165161185
1231720443
1298015
1021843025
1446521326
1126866005
1474176700
1216351479
1085105475
1019924377
1478020974
1019870603
591644
730465
1014769
1003540114
1005566732
1314632441
1206048458
1267953017
1356067188
1143805
1520904562
1214643735
1457872584
1011488400
1440003299
1105031912
1026078296
1030412423
1015657385
1497750229
1457314170
1103311925
1115225567
1023014171
1525330076
1030412675
1279563289
1191794924
1492008127
1023126312
1012533502
1106494278
1305361185
1030412013
1135041208
1534858787
1353652198
1023121998
1510388720
1422291835
1523176091
1030409196
1333120808
1005027863
1448621820
1308805393
1003543271
1023110413
1507374540
1214518472
1002312773
1019874871
1034705175
1305358957
1023017868
1021369754
1167390738
1179898717
1045100018
1022551914
1506963207
1487919144
1028651315
1263848209
1421497403
1365451339
1439881257
1066713531
1218156359
1002393867
1068925870
1118551199
1088788584
1003250814
1218188788
1148176354
1030405536
1032251631
1428656866
1260502497
1498381452
1002371726
1518072540
1032966789
1526573511
1103395708
591651
1085053121
1483520792
1241467285
1235039542
1031361894
1312517046
1534854053
1514562429
1191770149
1242029
1442027616
1112892348
1029168867
1158082075
1484062215
1231708503
1160036613
1003417150
1263955677
1029697739
1006111414
1198395967
1095556164
1391432604
1440040676
1367616449
1132466165
1272131882
1307915991
1005719077
1523009407
1089271182
1273205945
1034724279
1016050181
1051210992
1038290291
1351609066
1109372637
1467653552
1033070085
1483362966
1203865788
1470275566
1463698399
1129725415
1066720845
1429966138
1011124459
1084622767
1496190376
1235743753
1497988286
1003543375
1117518745
1356266992
1145600727
1112970877
1083759117
1514438459
1438773704
1415681021
1150861158
1017214738
1218200700
1106083755
1022590699
1457653516
1401096480
1257366412
1218192649
1293054107
1307209896
1384838990
1507388335
1011348994
1023486846
1354069
1029672261
1058618123
1027076496
1475208693
1457472736
1457465432
1253139274
1112896122
1002314888
1269953746
1263812200
1002314544
1005566960
1521302349
1246818253
1488034496
1253116094
1069970863
1446785258
1522113962
1438822135
1091577231
1337895480
1069980050
1244156378
1234241390
1242529250
1524809024
1019870999
1439974079
1527604107
1004369977
1002312057
1262626863
1498220753
774512
1113499683
1035798401
1003247789
1271348923
1515389037
1456435771
1236254
1218197668
1003542296
1069957278
1021492815
1538025906
1112996226
1113492134
1218149381
1242032
1018605093
1519192971
1507310157
1022395465
1262813388
1066212787
1352974309
1361526991
1166821831
1532572264
1247111610
1113520948
1173145311
1310177558
1438888816
1112981705
1439809367
1003222616
1109541955
1149479173
1003307032
1003791790
1471262461
1507380020
1226285311
1031829910
1335657080
1112964423
1471352118
1493288612
1005743587
1112885012
1247104362
1457194681
1004459850
1218195786
1250507167
1546161847
1145729508
1247092174
1182321656
1363708459
1241211276
1218140398
1385772622
1046699147
1536380738
1546146733
1533421623
1014102038
1003610677
1002394329
1048575599
1265063198
1003543143
1031051429
1019923975
1017350521
1030408231
1538078858
1272215009
1467640187
1475026295
1003532744
1090640584
1180353285
1242648100
1312639023
1260757183
1125784549
1544672669
1248061
1005369824
1002395101
1003542911
1087276349
1543127545
1023131386
1030411710
1021276139
1031103295
1036187760
1002313302
1162691322
1247407800
1002312998
1011782956
1226266477
1231723439
1360221425
1397340846
1020051770
1060892809
1112957045
1116533159
1218145961
1331434588
1013213171
1050182885
1002315278
1008572581
1030402376
1247929093
1003543237
1006825736
1119285896
1254435790
1261933050
1309608246
1373142470
1428841311
1131089360
1162496372
1118004644
1542809580
1054710572
1253925971
1441522812
1502840169
1537769870
1544627167
1003663221
1004530749
1030407423
1027304372
1485867906
1520138627
1003250481
