1187289496
1487928006
1381669540
1276607196
1257491394
1300604615
1190848806
1213585434
387017
1121608682
1304400057
1288236709
1114170325
1080458862
1470109906
1451977718
1495356464
1365434303
1157132516
1204497021
1044710757
1417999201
1399058360
1023336368
1050827342
1467456078
1262110023
1470660945
1333841708
608988
1028833777
1273281184
1206223507
1139558644
1052769902
1530996771
1377079041
1169471393
387011
1347153188
1239074199
1127579536
1127474194
1435544664
1169465909
1165037497
1047267606
1277425287
1002882160
1242288057
1447360292
1080484855
1469544085
1398038563
1191271632
1531270614
1437549480
856196
1169465089
1295378543
1281286877
1296768493
1308626264
1446074784
1135570630
1487117932
1255485717
1448724975
1397967019
1339534641
1045025747
1350373339
1257437591
1037009006
1198144
1438748842
1412781951
1295240291
1230913401
1283377342
1491617105
1076078811
1083739674
1400024617
1223084104
1172737820
1116108
1409236081
730387
1254080950
1160707459
1034522745
1364814419
1472358367
1473836270
1427401975
1426137133
1314022218
1379175331
1074518790
1309653273
1284538098
1021549131
1080513170
1444370846
1117403360
1023510558
1236661385
1252352225
1076050148
1493032374
1079148214
1024901336
591662
1441872010
1235752962
1227766487
1273779539
1218250774
1023120956
1483960538
1255484041
1237031484
1460573305
1266765969
1253966040
1023089329
1229097009
1439192992
1075473549
598696
1166875324
1027646569
1012151301
1218215386
1381164680
1351806281
1486764741
1480352968
1345782784
1507326790
1002884174
1419001474
1306480375
1080915266
1315386334
879762
1275560397
1398847414
1474354221
1091753779
972890
1077819633
835963
1492535647
1154871290
1312869257
1391028130
1034504867
1455664388
1212318364
1037142244
1311345588
1163887092
1062683132
1333203780
1314922143
1425039643
1174764497
1477306820
1074337557
1163059765
1475281647
1037481497
1028229490
1308802820
1123311801
1230501657
1189294645
1399125421
1015383829
1530664051
1499231538
1063132454
1367014854
1037803193
1031995567
1377265913
1206174677
1503687942
1309127593
1146915926
1383862553
1252721470
1153451065
1300228187
1146031444
1072106005
1275129097
1297376777
1446560610
1470777886
1528646596
1490958451
1171540624
791301
1151346208
1376883997
1324145361
1324128679
1165025479
1375565531
1501787500
1034712856
1419058411
1237233321
1397376624
1070118211
1142336783
1080342056
1454098850
1236582900
1020261099
1219088090
1447355817
1295172032
1072328213
1354616316
1071423856
1233271866
1073361970
1393406551
1147140843
1178550702
1237802728
1265222989
1016344266
1428227930
1235761137
749047
1476952922
1187238717
1177949386
1127406116
1328478315
1142341409
1471172087
1134779099
1197093917
1375527364
1409233014
1173461186
1234193075
1024965
1481627303
1488434929
1269946193
1330193994
1416078836
1397998238
1416279113
1158386771
1339210362
1470157177
1207187663
1351975504
1461657185
1146413132
1442060379
1241084039
1049313027
1119108630
1028020554
1063895002
1383479744
1030793446
1316300882
1195488226
1064476220
1491268880
1393384348
1015883892
1143325867
1212126862
1375500017
1058022095
1262786538
1264551392
1071420648
1076108298
1056341875
1059152044
1075329270
1284053495
1456123707
1067150093
1029869995
1038227451
1058134552
1128221948
1469512699
1128246145
1028258689
1033568639
1470862806
1367949471
1419201077
1352860255
1487320995
1034131751
1410939239
1045045350
1080461347
1028829013
1487217402
1045331352
1484317347
672533
1487294074
1262472147
1064782156
1478566045
1439233564
1267524320
1326604528
1479413348
1488386768
1218420585
1023794227
1210075276
1172661703
1395022958
1136856479
1499386280
1473840179
1473655019
1144926073
1192683117
1049870616
749050
1442447691
1214596858
1018928936
1058068182
1285392322
1146350538
1185067432
1281374393
1385689032
1296970315
1148606811
1472829842
1136675141
1172745965
1244290235
1249653060
1428798
1337046153
1153724065
1016115956
1038553786
1483510958
1094489035
1307384476
1016212312
1140996280
1394305940
1394282972
1382059284
1237921201
1234092100
1379135392
1063666473
1488212490
1193573069
1338227613
1454638661
1333765033
1049843456
1028641618
1230495291
1166953777
1237538350
1045330249
1157778409
1138638058
1334316247
1188151140
1392388976
1144925698
1490932961
1400397067
1071781258
1033642115
749056
1396496880
1086558131
1522683862
1015535020
1486165496
1306503785
1163208341
1031255856
1394374094
1270093033
1141935541
1276727048
1145278270
1035066614
1033545014
1354082479
598649
1309789840
1471234471
1106896588
1528906787
1459535585
1160949820
1145366624
1027244751
1096433435
598655
1250455351
1404350338
1175087373
1245496400
1362323774
1075011550
1519063072
1530984041
1257494603
1543714708
1501256591
1433979299
1383072698
1236516371
1178151719
1525321342
1186442398
1227376310
1027794055
1093927150
1157843036
1447358305
1533916349
1028827905
1094765049
1316164463
1058115995
1252633651
1276518954
1351795330
1372184043
1419204301
1468641641
1123270971
1321462826
1338236315
1335119639
1399009942
1421645044
1294166536
1334929967
1030308200
1278388658
1393113981
1339654847
1028827963
1076048966
1441349504
1507073457
1198439952
1198445606
1190452779
1204297837
1329629887
1466900071
1398704342
1255481459
1287453833
1463021703
1131724298
1184051376
1485442840
1051715960
1052116449
1146457434
1001713206
1313051314
1075527096
1271302156
1080508462
1349699837
1022555542
1129564425
1215263191
1530477960
1015534821
1126881598
1028379382
