1104714808
1491334523
1408934551
1480680008
1186897726
1506546640
1207130154
1268960572
1033547262
1322494308
1207110091
1207105597
1074436635
1378498566
1413528999
1302431000
1097828338
1424364379
1190600184
1033569559
1277060771
1295367677
1232327009
1192541170
1253813930
1537311428
1180200740
1460862670
1295292378
572973
743807
1480670904
1543940891
1109624459
1391894788
1180307113
1083087573
1125570867
1302519975
1161142604
1112789019
1195592618
1457524592
1468890896
1513550449
1213123661
1314591430
1161375479
1502600845
1127031730
1330254599
1413042966
1424448525
1522875367
1416451059
1433851769
1394239388
1188373180
1202843669
1157541317
1083645877
1090720565
1161146567
1284397421
1345259829
1309984943
1337566471
1156984608
1218033012
1083087441
1262851245
1337184072
1033491636
1047177520
1394246338
1162013397
1247795410
1409267127
1492790822
1033567775
1083003544
1161306841
1207102057
1335553844
1452041394
1246640550
1337174808
1450498715
1542171814
1469975284
1023069304
1161121710
1189879313
1255413776
1314380438
1409557257
1033342914
1514397526
1044130589
1542163300
1245458958
1232335529
1376547535
1530242514
1090612885
1391321589
1501266954
1076430908
1480656478
1217872531
1392486990
1366761935
1391182311
1479532593
1530232473
1376435705
1473656277
1472645241
1520197288
1365936817
1376339868
1526034656
1543847814
1018233769
1092426319
1159524899
1472346992
1285529125
1265602313
1316713393
1337564333
1522075359
1522120889
1041660550
1235326006
1266935615
1330430163
1332982647
1382596831
1411237352
1444559618
1529030656
1144733439
1467164143
1380759722
1492751607
1214212101
1115694987
1227077032
1326857976
1366405151
1411520584
1032836952
1111333163
1230029580
1275570736
1311294329
1332353685
1335541234
1366324969
1453034657
1522854447
1496163281
1082457445
1178082303
1265026794
1189871607
1210629812
1230045736
1265301126
1318264415
1330315603
1330432594
1334781601
1347959044
1361281186
1411307834
1436786848
1445758014
1179152780
1284180467
1307176704
1502411346
1504662490
1516209658
1023070507
1086071233
1282158853
1366033507
1370749617
1384084823
1403330510
1415109143
1430962668
1499004291
1538753605
1003787542
1317467450
1418978486
1488143508
1537433071
1033995649
1037258155
1083778891
1096392896
1218059742
1165946055
1213081650
1256585830
1263339922
1326410532
1332355978
1335858078
1372006237
1366449627
1354821543
1412613776
1430963059
1431701199
1519045465
1526496217
1538509406
1026265954
1026303629
1026699492
1028181624
1033493953
1073887914
1096392380
1095691590
1102981908
1147959422
1110458989
1122987700
1139090638
1148583188
1179181623
1185158372
1189317557
1189710510
1218901665
1218328379
1220524639
1230020415
1235373515
1236732162
1266806371
1268699320
1268737792
1275597212
1281858461
1285557260
1287051233
1435317308
1302747402
1317319618
1317219133
1330310909
1333796208
1365241068
1370740790
1391484469
1454675498
1454952084
1455228926
1470976991
1498994913
1531960902
1533104457
1535890092
1539105453
1337165598
1161223742
1171541822
1187322720
1210448462
1421333064
1499771184
1499789289
1330320618
1360765863
1367405115
1503779713
1538876221
1161992784
1408922518
1510205370
1180772689
1172854949
1231448943
1210688442
1218034065
1436272799
1246688332
1281413042
1309400627
1317216503
1345286547
1351501515
1355032247
1373341414
1359483176
1361289510
1407263182
1433858315
1454508799
1454638662
1457660873
1458339286
1462295534
1472890601
1492676665
1509877661
1540167500
1318777457
1418995285
1161130347
1171542433
1213369912
1266424540
1266466603
1205954286
1187074300
1231452046
1231452212
1207090706
1207614849
1208970707
1213087179
1238021735
1218043592
1218128061
1218861995
1467000400
1273109248
1216669552
1216672381
1216675385
1222095135
1285532417
1230226858
1230230028
1235303974
1235495307
1237982741
1248045876
1275584620
1275761441
1281858452
1284060264
1286701626
1337866751
1341184707
1345325422
1349652442
1353485166
1354614112
1354711899
1354841791
1354855888
1359452242
1366747652
1366751960
1366756572
1384114767
1368045946
1376451256
1379635255
1379689893
1380765526
1384094353
1392405880
1392462348
1394715672
1394724518
1397323410
1397372121
1411309674
1421794590
1423135027
1427399330
1434286108
1443636347
1454518898
1454987413
1464291454
1506541877
1472892689
1477652387
1482507256
1489358159
1489362449
1490832427
1492679295
1492712447
1499450973
1499993376
1510019834
1510220163
1523013036
1527395225
1533097671
1535988764
1536515911
1538491122
1538498885
1538503371
1538944066
1539932584
1548705974
1549393188
1549593435
1549599450
1549712220
1549743761
1549763091
1550516866
1553112113
1555012530
1555164018
1555212969
1555220662
1361300464
1033568520
1073883157
1232323389
1398827206
1556298117
1556309476
