591728
716417
1298027
629354
1298022
652807
1298056
1298010
1233241
818136
822663
730462
1467646
1298019
703400
654332
1159204
1298023
550156
819271
1463433
1463461
1463436
591726
724986
724978
157044
1303756672
1463444
1463430
1073556558
1073556974
1073556762
1073556782
1073557289
1048808062
1073556348
1073556630
1026413517
271558
1073556436
1024228796
1073590942
1026448457
1073556492
1073556936
1073557071
1073556684
1073563187
1073556586
1073556852
1073557050
1073557121
1073557154
1213250046
1073556570
1073557536
1383675108
724983
1049017652
1073563146
819264
1026473355
1463471
1213110831
1073557145
1026415379
1026447963
1026449155
1073556884
1073557132
1073557111
1073556752
1073557047
1172625516
1206538
1170428968
1531716742
1541249380
672818
1378054628
191681
767108
745235
745244
745231
745239
