1532718812
1199646305
1361574207
1122857924
1218035808
1119885718
1122849024
1123586659
1119876451
1282608315
1123601269
1274228682
1020918201
1382053740
1185646709
1478773485
1487726385
1246243984
1105602677
1384632107
1361575345
1214391859
1312869368
1490080758
1461272243
1422162661
1082757316
1371973830
1355031298
1024268440
1134546895
1333983130
1021557486
1465757221
1222203765
1064516496
1480460962
1396879913
1115470072
1035919246
1189304383
1106494520
1280583213
1123575625
1365433085
1128845049
1365435008
964830
1333982564
1351964889
1312869663
1467907212
1490051305
1327139257
1107347583
1118509765
1214577036
1365434152
1386342470
1361574334
1076620099
1355236234
1362527331
1327138914
1353072271
1365436057
1382316708
1218955744
1299877362
1084952095
1101975453
1107283628
1312869874
1365435094
1475064472
1467399769
1538901182
1083054104
1102027973
1104576023
1312869563
1365435287
1380509278
1118500985
1393195916
1418015631
1105504367
1327138712
1351967856
1355032162
1365434717
1470413828
1212115465
1413042600
1183085799
1467950328
1545914942
1084891304
1105033796
1181002860
1312869852
1361576131
1351967078
1353577899
1365435569
1396932612
1415113802
1423560018
1084929263
1361574143
1353068628
1356910107
1374811459
1467341335
1115474533
1218942081
1359130914
1289178338
1365433774
1375173934
1511664828
1351968183
1378326008
1393533177
1419172856
1467626537
1467967628
1036449983
1074577117
1173564304
1355033630
1459449829
1463158436
1105513199
1119937510
1134672050
1162495912
1185625700
1185636055
1216453647
1425280676
1423554929
1475073855
1463137580
1475076951
1475081607
1470140263
1498505365
1084966965
1122093409
1122095688
1227411581
1353097252
1353579130
1365434234
1397034686
1420953393
1475074826
1465764472
1037506471
1081214839
1246870394
1306393460
1312869357
1327139258
1355032513
1356336877
1379197401
1396917941
1500993134
1035878539
1041958290
1298116294
1333645802
1356110196
1365436045
1475072803
1483997819
1333646319
1365435372
1365436431
1375173041
1393278569
1398754239
1433433922
1521887015
1035928955
1075969726
1181370154
1185491676
1327140149
1356363896
1431852339
1445546256
1475069219
1475082307
1333403418
1396755624
1475073796
1475075899
1465755731
1529633360
1134698589
1366950993
1396267215
1398729327
1415169074
1464291112
1463875375
1053856600
1299877081
1459441777
1465592116
1467936190
1133176706
1459447334
1053144005
1265543037
1398125580
1288279438
1333107300
1333109453
1471855652
1333647754
1445203816
1459091041
1459444729
1461269344
1475072121
1463867444
1465769658
1507055173
1035924843
1548815167
1314142765
1314145128
1333108201
1333109633
1333647128
1333647267
1333647668
1336888713
1353158596
1393205858
1425283109
1431621164
1440299175
1450404132
1475072889
1475070862
1475076516
1475079194
1475079219
1475074342
1463871506
1465750535
1465782081
1482269389
1506304827
1549735907
1549795165
1038623212
1222195255
1445223960
1556474221
1556479536
