856217
573055
774510
935672
573048
676188
972893
573054
1159248
879726
730431
1162099
1014753
1293220
652867
573064
676191
669609
676190
1335685
822670
573053
856231
856228
730428
1293223
692504
676204
692509
1131948
856242
1335686
774508
879732
879739
652901
644186
652864
644187
609032
652821
644192
856201
1332194
730412
609024
856220
730443
856226
753184
856240
716560
879746
913595
676192
692475
1233237
774511
676193
716555
1159249
652859
652872
609028
927426
716434
692489
754119
652856
692456
716551
695997
1041679380
573050
1485987653
1050358749
1437245
716540
1515049834
1437256
1437376
1437338
