1008025943
1165154
1241891
892921
1006017515
1017723215
1498779037
1117875014
1024377657
700703
1060129307
1059982939
1014139236
550199
1056724207
1504007204
1520686005
1474065830
1090535837
1089433786
1089783421
1049866280
1022853911
1271676830
1334983034
1024919759
1239181854
1084820649
1012478834
1057750357
1374700216
1215832
1425710532
1147334
1019335924
1332325
1023023415
662148
1426881326
1365037451
1179073042
805467
1453008923
1317614550
1409849799
1040466141
1525706405
793002
1159300
1409240621
1372053249
1530434991
1205531787
1198177
1025354114
1024958124
1452513056
946268
1105834742
1236985290
1426904978
1446395367
1161524656
1002342453
1208914
1128747024
1375236
1265327555
1205523165
1007855945
1247462941
1418989984
1153617613
1089116678
1022875999
1298078
1138953307
1195403579
1090553598
1298060
1035844323
1065075414
1010589132
1359100
913633
1021816431
1495401169
928369
1020633634
1298070
1345476870
1276979931
1126396
166855
1511207481
1051061472
1155155
1503550313
1494269327
1271959121
1004138401
1359907
1470513875
1011773942
1379401783
1258730182
1004621206
1529452984
1452901553
1098050629
1124763922
1015356410
1040156
1439972726
1020644943
805468
1035798422
1479365837
1243679743
433971
1536644930
1028302
1065849304
1084820148
1143812
1478564526
1212242512
1498954206
1076830983
1517767098
763218
1247390992
1519957211
1298035
1003832313
1026250512
1264734
946269
1075123664
1166640157
1411547
1364984386
1315123030
1266720244
1095905549
1026739275
1147339
1076378730
1093384903
1004753285
661284
1395911722
1160697636
1028737800
1475910223
1133721160
1032195157
1001990919
1488667299
1007546189
1442919225
1154387898
1017846
1356465168
1040999163
1433779744
1200526084
1507639150
1012932169
1049690324
1079256
763219
1073725093
1413566990
1509590125
1452696942
1499754085
1321794877
1325182
1534516949
1359902
1434517934
1442958221
1180878
1043534121
1483144543
1158966081
1408025825
1019012059
1028537275
1385903375
1074613379
1095322267
1462088542
1027455668
1407963899
1076865230
1016658885
1062173831
1180872
1027584812
1065349057
1062302183
1106434078
1155156
1018027349
1419908061
1314621206
1507510636
1408042424
1079254
1241568745
1443325302
1159244
1441514148
1101213655
1177830
1255733115
1362660990
1159621372
1267594930
1080621900
1179101387
1024014652
1083525397
1007715763
1449696708
1024923903
1484364780
1297504
1359892
1188214469
1467716441
1178514016
1509834883
1459618448
1488421053
1071730791
1470351427
1509541018
1153627977
1474183843
1387019821
1514091028
1503970508
1084451208
1048559515
1103382945
1197249603
1511343555
1271573775
1214886607
1019256478
1159174
1393874385
1105587239
1359852076
1276824982
1509645450
1005280290
1533766753
1334683319
1442931891
1127449380
1306110511
1457620818
1211547264
1273695841
1428857
1016468311
1507626896
1092739307
1020324057
1522418609
1509643081
1325183
1499138813
1335000638
1044712061
1522059513
1031008525
1290523567
1077569195
1462126915
1466211367
1393701498
1017815
1387543146
1373058131
1062219839
1076377697
1143873
1051737206
1535235784
1461021954
1020357188
1169735050
972736
1378573374
1509758873
1065772149
1446416758
1481749273
1507642581
1072865668
1509577233
1077428939
944865
1447885459
1339139
1084245488
1097959983
1465715753
1457645493
1407906385
1040145
1407156808
1444879057
1423964932
1003157974
1461373914
1448213
791286
822592
1540510012
1498789021
1489608058
1092826761
1315225533
1031274307
1024923429
1120206957
1509767067
1369711036
1444377471
1510622762
1407947866
1247456874
1441449901
1099203
1505465752
1498054539
1017198100
1535557651
1022638559
1330141897
1368932677
1084720729
1516989443
672782
1073522723
1353791273
1079938120
1086187889
1213637026
1470512548
1180884
1179467701
1210725941
1475169220
433969
1062345774
1456377707
1395872509
1283961759
791261
1482267366
1347664814
1028768096
1482698720
271557
1132523051
1150456013
1076863579
1077567914
1200123
1007553655
1244577293
1511046894
1041240180
1262599
1143816
1279570
1149837398
1413580387
1187861747
1502231283
1411016334
1066130355
1231363209
1436754870
1440755071
1413560612
1049675106
1371215811
1467630
1302747118
1255828944
1443806800
1482282482
1379339012
1517205070
1232721992
1142157133
1393092254
1381457238
1037885070
1417747040
1037486202
1020761703
1011340438
1275553404
1533243010
1461431265
1075243137
1005562162
1426155651
1498581711
1145970223
1021245472
1417974340
1515907314
1246313728
1312884664
1444307140
1463859086
1452475484
1507191350
1011987640
1382251887
1006645283
1072994658
964854
1456372405
1450251073
1183839
1333382507
1467709318
1483425600
1173141946
1525630135
1437239682
1124821978
1192754861
1352770211
1023751710
1406905375
1017822
1401822640
1069956359
1099371
1034136853
1210860182
1227407137
1052086200
1049746030
1463868733
1434470382
1421353302
1211541918
889121
1423307
1439935367
1223145193
1411606
1427612419
1475099981
1435474530
1154414881
1070653921
1430288272
1443334998
1298851888
1539134523
1379419634
1276082
1148806455
1128012365
1489679263
1286425182
1426917418
1366313494
1475438710
1469935636
1413575302
1413617060
1438990741
1032968157
1317867128
785741
1511021002
1035929334
1035323297
1019732693
1375246
1509649596
1507503669
1485794187
1509809388
1002954807
