927422
835967
700701
609023
802369
644169
609019
598630
754114
802362
1185938097
1332506
1190593931
1332511
802355
629361
552418
629376
754116
629368
1309915964
1058006516
791304
573072
629359
730451
743821
629371
629362
743811
1237797703
1456764135
1332494
573069
1330100042
819265
1332497
1451663572
1145619557
1530261785
1015822293
1506414257
1234390273
1236567106
1543795257
1451365028
1479376046
1064505786
1175035899
1189290524
1159708833
1184730084
1376914172
1430998257
1523382149
1530191214
1532216857
