608988
856196
1247730441
1494266785
1143805904
1288091288
730387
1433770509
1108968795
591662
1307731122
1396323544
598696
879762
835963
1341201065
1462211480
1108868672
1433039991
1341157193
1192653020
1312547880
791301
1024965
749047
1497252918
672533
749050
598649
1411546187
598655
1290885099
743796
1542242380
749054
785748
1115331307
1527292814
1088750435
1371692506
1474808736
1060284133
1529179227
1092214651
1107544619
1097882489
1101171592
703445
1513085351
1435654968
1511971046
1488013207
1204532000
1373907822
1499917499
1301087285
1377971719
1414766377
1492500861
1535036995
1340246723
1354285012
1106668721
1436965
1088734688
1145639619
1273617344
1447730830
1340719822
1377965114
1420198232
1475069050
1489217706
1515467612
703439
1112934368
1323146634
1340753819
1340663990
1341103114
1445904677
1487158229
1505127045
1126622108
1247074572
1265049292
1510466156
1526321514
1541593843
1451784140
1340655022
1396317052
1445881913
1474326559
1477386580
1513820669
1519312970
1531996278
1533298124
1536576227
1097085414
1340650128
1481640086
1420191523
1432608691
1443647810
1499938572
1511030352
1528811501
1437001
1340657114
1341143949
1340649144
1341150788
1341166832
1432562229
1474036001
1457210
1204573936
1340741395
1330884398
1433916010
1472916645
1474402120
785745
1136724124
1178316201
1338740883
1269109524
1288771531
1290718954
1307981452
1340670886
1340677930
1340853024
1341111997
1341184398
1313117549
1315329003
1317807381
1334672517
1375395648
1432983156
1433489000
1443027662
1463088342
1473114945
1473514886
1473796948
1474403657
1474414070
1475073475
1477378394
1477396702
1477614220
1490832380
1494935466
1498638035
1508560552
1508141059
1515419984
1515481771
1520809837
1532426632
1550983592
1551036986
1553888561
1555159711
1330322874
