927422
835967
700701
944305
609023
802369
1213272743
644169
609019
1068247128
1256933
598630
1379591144
1218035996
1283961037
1198152
754114
1501359415
1176846
802362
1174752476
1332506
1332511
1198155
802355
1198151
629361
1141926416
552418
1212881
1214102259
1222684432
1472664188
1375257542
1199678199
1091684809
629376
754116
629368
791304
1214101116
1257795596
1452495275
573072
629359
730451
1398709981
1198141
743821
629371
1332475
1332490
629362
743811
1221826680
1534697202
1139172912
1214306858
1332494
573069
1378153354
1319129892
1003175689
1231660222
1052488285
1266824608
1374720379
1107436550
1024139704
1089866695
1366971975
1130619660
1424111214
1535061930
1502423081
819265
1332497
1510816052
1539316749
1207801980
1505241360
1527096087
1282449377
1316656634
1379668017
1078572193
1347916685
1472663464
1478594173
1503893069
1229160402
1347970541
1453983423
1496323323
1542877605
1215207625
1295132465
1435673160
1469526862
1218036835
1293897834
1427588745
1533000084
1317243144
1371711890
1392394381
1452714812
1468885094
1483484971
1110546364
1269556707
1333645804
1338810318
1348763310
1350698519
1350707207
1350713487
1383976904
1393000989
1394526706
1394796275
1436693767
1452747632
1534563469
1542487415
1542508432
1281796251
1483487559
1282455362
1413532714
1462238255
1517739231
1053201398
1256337346
1273995654
1393054176
1452735146
1505703632
1539082427
1076620639
1178244437
1286484803
1294201990
1294209058
1317213118
1333085930
1333176261
1333600013
1334729671
1338909658
1354096747
1381175609
1366302842
1393021822
1394542534
1411210095
1458330039
1464381937
1483476787
1507052074
1530281190
1539822043
1545867546
1546225040
