927422
835967
700701
944305
1058828
1058835
1058840
609023
802369
609019
598630
1293955487
1176837
1102747307
1198152
1126536959
1020407285
1058830
754114
1028724957
1179126757
1179145573
1203686450
1058831
1176846
802362
1058836
1325488021
1332506
1332511
802355
1329469458
1102756201
1345981091
1325472003
1497306634
1198153
1458457450
629361
552418
1212881
1458456921
1433943693
629376
754116
629368
1329294980
791304
573072
629359
644185
1247827258
730451
743821
629371
1325432930
1160448590
1332484
1255556294
1332490
629362
743811
1245055695
1378047765
1248296672
1015821336
1325483758
1434715605
1015797783
1020486540
1332494
1186409468
573069
1203503352
1224198662
1154008487
1532825609
1198546227
1015792448
1304430528
1015792770
1421271834
1246974046
1020498581
1104619659
1289186312
1315516189
1349837629
1301832990
1542655740
1332497
1267476196
1325473378
1325485374
1513691903
1536310869
1188507663
1435231546
1458449441
1391097204
1325472727
1338032580
1379895013
1499108190
1506845327
1263907431
1458453543
1480369469
1325485435
1314002605
1346313571
1140816691
1287937322
1325476025
1388349748
1513110713
1538984216
1022983402
1325440490
1337955089
1015821388
1020577138
1104619694
1160433939
1325491037
1329568970
1332227817
1332426471
1332470515
1332484530
1332494968
1337739876
1338384384
1339192464
1412726727
1413097991
1438979986
1452785541
1482476734
1499149761
1519183521
1325488118
1329177721
1339542759
1330131867
1454117356
1020439186
1319133289
1438904228
1448854961
1477632362
1520442437
1208795
1086754822
1126543418
1325487562
1325482743
1437412463
1332506599
1332723383
1333843187
1339948208
1378854795
1478906620
1497620288
1502892120
1543471961
1084841854
1142722216
1143229503
1220914233
1325475466
1315236988
1340922872
1338927427
1339697655
1378403915
1462010081
1415175187
1438986316
1480531158
1530343817
1540541076
1321393688
1332280482
1333790209
1338391526
1338922993
1360927784
1272436518
1379890684
1458445214
1518063275
1185899155
1312291663
1329618050
1332388213
1392058879
1413067369
1477802922
1526207811
1246962901
1325489829
1325472976
1330103011
1332338423
1332711364
1336999986
1337829879
1338389571
1400586628
1401913410
1403333147
1438869931
1438931265
1444551478
1444561206
1450806387
1480457961
1484383437
1506256954
1015821022
1023590113
1145234808
1149658998
1166960761
1173439502
1202233500
1259721500
1262795991
1300996421
1303862265
1305120313
1309338370
1309402855
1325487949
1325482819
1325476724
1314843066
1315184971
1315366856
1315914798
1320607525
1323083556
1329182395
1329607725
1329641202
1414166682
1329886236
1330006902
1330030916
1330054096
1330080617
1330082241
1330437585
1330542962
1330549580
1331010697
1331039036
1331047453
1331093179
1332413752
1333222053
1333308418
1333797149
1333903121
1333960624
1334112190
1334283593
1334496654
1336261073
1336285659
1336768984
1336779124
1336788335
1336808024
1336829978
1336867322
1336898265
1336934860
1336984612
1336994500
1337415807
1337416296
1337576417
1337579383
1337579392
1337691832
1337806760
1337862747
1338351397
1338354981
1338357219
1338357310
1338389950
1338509689
1414162007
1339009211
1339059609
1339542111
1339697002
1339821508
1339877065
1339906410
1378820701
1378845503
1401954162
1409100235
1409542937
1411822793
1413080113
1413085346
1413087530
1413104338
1415103150
1416418706
1416686899
1416983014
1422248784
1422277709
1422341439
1434714664
1438886409
1438918596
1438964028
1438993194
1439562858
1450331005
1476103870
1476132210
1477358324
1478304314
1478475872
1480378438
1480479276
1480600203
1481600325
1486971303
1506838221
1510234031
1513067230
1539005994
1549155500
1550870364
1399545372
1555703023
1550758532
