1330607704
1057335387
1480323441
1489655352
1442134003
1416076927
1407402979
1528622538
1467527851
1528124596
1416100171
1416223456
1460642014
1478020922
1392432289
1484188854
1416319723
1416366005
1424021344
1511766849
1511766844
1505520347
1511761417
1314107180
1267857095
1416532471
1070409481
1424132317
1511767336
1217877972
1401545255
1511766256
1511761813
1415316800
1511765571
1511763224
1455815926
1528842299
1536648777
1538698409
1443014798
1511765713
1424080728
1450484917
1220888869
1490867104
1364828074
1273534951
1422120482
1456367846
1105865221
1351657030
1542482142
1364796349
1540320318
1364753142
1258236705
1550123576
1550140337
1550190697
1444011382
