1232376
1454970550
1294180
1007509128
1450542255
1049327801
1016926991
1466970644
1005052281
1266864582
1335957128
1510745569
1172486374
1006776654
1445113924
1048091028
1199666543
1382303601
1268033126
1520298702
1006663464
1005165064
1005804469
1005163460
1005057977
1089355974
1504898600
1380592955
1181539612
1026908701
1008561746
1007925701
1084325021
1087455475
1367139797
1352980580
1334742510
1513811703
1338064578
1356909244
1005167349
1526956517
1246669663
1544318475
1199818189
1541985500
1086784975
1541464287
1543419090
1012130434
1087423739
1353067116
1424543723
1008435003
1013754778
1025092778
1050009355
1087476256
1521529872
1007440381
1444019771
1202462036
1078574971
1228720184
1509971148
1005166304
1513881793
1050009481
1073333750
1534949074
1393742182
1279292023
1013791400
1541991869
1007902345
1013736409
1013751963
1393693533
1393749009
1393757763
1398241529
1425394425
1514108426
1461588160
1538920854
1552210462
1547514332
1026908712
1279302673
1306394132
1552747674
