608988
1341885171
1326305498
1352646996
856196
1372281421
1237559098
1351249420
730387
1117759462
1372288128
1319190884
591662
1540448711
1389720600
598696
879762
835963
1076064600
791301
749047
1024965
1160872377
1062632969
672533
749050
598649
598655
1272010671
1458853267
1463843331
743796
1427054942
1423633067
749054
1378076580
785748
1432060406
1360988147
1111766311
1282261835
1166587759
1361676801
1442017876
1437750867
1065992125
1031655404
703445
1520680244
1518197449
1520637358
1308576153
1499979403
1157918805
1484269570
1534849062
1484274119
1324293594
1428432640
1466191914
1484263380
1124815842
1397095818
1487202239
1236788785
1276994395
1500309682
1183701047
1189784097
1484267356
1436965
1097256043
1453698122
1448229379
1515461579
1519295075
1533284765
703439
1253553747
1282102817
1499975721
1528911046
1335077947
1519305712
1260083504
1432621467
1458849124
1492722433
1533198211
1167153326
1243796666
1428856415
1458693779
1508421083
1508906750
1530668676
1539300382
1539354978
1541410537
1388555074
1298644059
1432661642
1033304065
1113109796
1266345722
1266339024
1276926201
1307318581
1347547362
1433468099
1484271062
1541301026
1437001
1511838719
1515364813
1544287969
1237192834
1457210
1285614751
1412498464
785745
1025286065
1150388948
1210325032
1266562795
1267532935
1276938389
1327698271
1303699957
1356461592
1356482664
1417907339
1428854412
1432984619
1433028806
1456109316
1456118178
1489492836
1502355785
1505072625
1507358349
1507367078
1508406229
1526734315
1527850960
1535341743
1535358490
1539363289
1540936186
1546262554
1548604171
1550153697
1028269663
