1068241615
1155372776
1072024357
1397321941
1429466668
1262074877
1400767420
1505106075
1439017964
1432269389
1116723431
1433728350
1077932070
927422
1230398350
1383422188
1365096207
1516260579
1383773997
1137533632
1464327386
1073800869
835967
1421754316
1267797383
700701
1470141291
1205555785
1049859757
1088716982
1047406847
944305
1401135324
1313392889
1283634409
1047412261
1487193431
1183012491
1531148081
1290935836
1504461782
1304300060
1366944463
609023
1383439017
1247813035
1298617990
802369
1457101948
1204616790
1483134612
1293844886
1377559420
644169
1284898
609019
1534460644
1472721492
1314951838
1181706703
1427335838
1500068254
1117691363
1468843505
1503994782
1271849703
1341657783
1288999752
1024207743
1468811665
1532448456
1256933
1298041605
1491076652
1338172445
598630
1481491439
1146869675
1506449100
1496460694
1468856378
1298530775
1493998818
1452223775
1183773456
1291675306
1334765580
1163100807
1053199543
1536308126
1184640390
1299834682
1334354849
1518627557
1480411103
1005396563
1409612913
1218032823
1229391394
1231369718
1234081215
1176837
1101137119
1342634714
1334824184
1379861803
1378307510
1109048687
1491077300
1210346732
1467367560
1438860154
1457956428
1198152
1110386965
1321269251
1425119754
1536306864
1155968027
1218036640
1039856406
1266721824
1162692258
1433017561
1233234062
754114
1230546688
1337201052
1212259818
1266814084
1289107
1244992687
1475517405
1078596024
1503793274
1335911685
1268006290
1218141164
1206556839
1176846
802362
1214599077
1481574935
1481332713
1219165602
1314373369
1438896845
1068245205
1079902748
1231651952
1208905100
1482323654
1452898466
1438752455
1459714103
1332506
1335871130
1445083229
1213454322
1384174778
1332511
1209927988
1198155
1499869849
802355
1218942805
1191459922
1453137826
1149741350
1364326286
1276881862
1186356501
1198151
1443031374
1334729681
1295188326
1446705637
629361
1508080682
1335478469
1366428884
1334787742
552418
1212881
1400117916
1127032113
1130305905
1517777584
629376
1415672259
754116
1471936428
1526750231
629368
1448229
1025449153
1267490245
791304
1422533349
1383929047
1381742442
1368171325
1355031453
1396679252
1093639771
1157983214
573072
629359
730451
1198141
743821
629371
1521428986
1332475
1543287722
1502906591
1529545310
1526888008
1260837
1332490
629362
743811
1477436114
1308975758
1527281375
1235545510
1333175684
1530942467
1539986815
1477870302
1421634263
1212586569
1288051073
1459642005
1207896046
1202567005
1025113947
1313270437
1334779352
1411024205
1091665770
1214100578
1052489679
1421637256
1080164840
1240970988
1437741939
1049228413
1255619975
1466719226
1202016481
1278453155
1217625071
1241320476
1509280574
1351706814
1357074380
1003175878
1005396487
1205918024
1278467093
1334773899
1389008855
1049226601
1218967849
1432280621
1468304780
1026704398
1295064139
1393028827
1497799541
1356909265
1393577632
1424986171
1538906954
1059979042
1130324581
1334741226
1334756658
1185172503
1189327736
1299768072
1343521569
1378049317
1452936090
1507975769
1534147824
1154655252
1255679561
1381805486
1506250854
1355239664
1532239543
1543334301
1332494
1022498441
1155935951
1216593696
1334333929
573069
1076450732
1215970549
1247215401
1463760157
1484399501
1507956466
1043423312
1111116937
1470152333
1192277759
1465668485
1534645551
1052358241
1076447467
1130466819
1319158100
1433054981
1463071648
1475475216
1508858721
1530616177
1333574520
1334722145
1362291888
1432039784
1532037286
1539289000
1005669702
1027224312
1042613203
1065055959
1065056663
1076620310
1076993971
1295073800
1439437019
1421667322
1463197447
1508937461
1125826488
1171231869
1429098059
1508925008
1047436786
1037565340
1218034510
1245111566
1528945379
1500840753
1047513511
1089853277
1192418077
1222778251
1304494111
1005605089
1079784693
1111173537
1242745657
1260536745
1282106529
1333602477
1360808861
1051359575
1004409277
1171484402
1249309074
1427284441
1533905540
1525476035
1468876475
1084400711
1147663304
1316649072
1397160030
1052401930
1136805214
1162660357
1185209073
1218139088
1253777846
1284002465
1380605992
1391412386
1529843447
1533152162
1049001066
1024342075
1431713498
1052408024
1059977495
1136835783
1153489989
1161130606
1249587160
1257541390
1334774647
1393929907
1525681562
1255390970
1337870318
1369005573
1188396096
1218941097
1244994915
1390131494
1052406220
1296858109
1425623414
1508835159
1037545014
1103135760
1181106379
1360871374
1533163343
1003158710
1186972751
1463634941
1508944404
1530599171
1129290148
1282117763
1398828083
1510774270
1091339188
1143257102
1216373884
1047490920
1294762263
1295069960
1089867547
1447678034
1438682045
1456431208
1089868777
1205823889
1252553561
1441382617
1500252122
1533807974
1214452331
1460760594
1184342667
1311445316
1356908142
1382601141
1388449531
1466031854
1532031761
1333534111
1508414009
1412495164
1468860567
1469536109
1470273348
819265
1332497
1298310821
1334748058
1340543246
1433846077
1131378417
1141931434
1305637883
1173434065
1186850490
1295096620
1412644806
1444528647
1461353028
1509044250
1541747329
1393776496
1470194494
1518315971
1531642142
1003083167
1051321216
1047463594
1077153477
1141927173
1211562392
1295174858
1350673912
1420967512
1431994318
1452944916
1305618887
1275394178
1294792046
1295059133
1312869362
1319202228
1444522658
1453782408
1476318589
1496337036
1510689981
1533856879
1105492057
1184223748
