550127
656532
654305
672797
1256416
1215874
559257
605287
162407
142549
165904
656555
1019512394
142566
236694
1433058729
656518
232332
1204008
1256410
654308
1099366
582744
692464
1430905878
162411
692505
1051022120
162410
656561
818160
766880
854751
748944
550087
195802
549868
654328
785849
654303
652809
656551
749027
692553
550129
559274
879707
1197653
927178
1212918
239767
692549
644616
559270
818145
1204012
1322995
1215867
1102216084
605288
654300
927183
1500160891
645419
1323134
344467
1212917
1204013
672459
536960
654301
692542
1212902
654311
559269
271554
766887
1359905
1471398
652520
879700
692486
559267
1308649835
654307
550113
1262603
1415940580
1212901
1016258869
708468
601616
559251
654316
879704
1415930089
1382397
1212916
601620
1456813709
142540
692546
1467602
879710
1019541872
1242122
1456816073
644573
808990
1016225778
1144884097
433901
726661
1466730318
644557
1016267737
818132
1467580
559276
854753
1206163
927186
1359915
1022661692
644585
1179089363
661257
1019542540
654302
766911
1432909218
172128
601617
766874
726674
854754
1206191
743699
1019537551
927190
296198
654313
1298050
591692
505047
1434497964
1019535204
1132077580
1426077906
1432896599
1016275014
1160589464
692479
582758
1094703292
1337783066
1234329634
1026887827
818142
1016261074
1431593916
1434478664
644652
559271
1111250551
1433017374
559255
1231924251
1506222707
627889
1437331448
1234622034
726658
559273
818141
1453747257
559027
605374
1032279
1021005321
1028473293
1367572559
605342
751536
605364
1016276061
1434429582
1296881652
1367735439
654323
1026657023
1073016792
1094696046
1433036248
1434422737
1019540901
605390
1415950096
1415959475
1434447267
736936
1134069635
1434408475
1367548245
1424641755
1437277090
736896
605332
818144
1434416568
1143609223
1233294976
1234547231
1234951824
1453751513
1427332719
1437495982
1462997706
1016277032
736932
1235311861
654324
536964
1206168
1499069551
1437311627
1467561
1367898928
1016220968
644673
1370053905
559272
656514
644581
1274945566
1367535188
1234344292
1252750232
1253219720
1426022911
1485225563
1016222968
1425648926
1426053868
1455834877
574080
582750
1247773298
1372379617
1439847136
1132780837
1342860349
1430696460
1481801986
1485280451
1522033281
1478006073
1367558776
1425755253
1439861972
1026777464
1132834429
1136414468
1140368265
1140535935
1159699645
1382293496
1421695969
1424634855
1427215167
1522267945
654314
785857
1242121
1434446323
559268
1007947628
1234339836
1206169
1134073784
582756
1490100577
1434293572
692470
766905
1367718366
1427287681
1554006739
1434327728
1144895278
1451235245
644569
1424998212
644584
1434300886
818219
1475642110
1434424817
1024548816
751532
1434319031
1459681150
1140256546
1434398369
1427271321
1133126146
1135039417
1425979653
678771
296215
536966
1110018
549865
785855
1215873
802118
791300
1554942189
1554953380
1433071547
