1234364930
1496152062
1412652943
1453693938
1454600998
1018752679
1255621178
1281357155
1326598079
1162423865
1007043327
1266658589
1025715718
1483705163
1108858479
1027258400
1026414432
1026392090
1230991719
1356392084
1281391646
1407194142
1020974497
1132041150
1219660
1086773806
1281374968
1007281594
1026411956
1026036593
1026391114
1234300932
1130444841
1003281856
1026033189
1328430473
1013189925
1027070348
1198774980
1026386929
1026387816
1026390532
1006634289
1081903337
1535843324
1503377205
1352608883
1082413701
1337229135
1443383274
1158783927
1534625534
1063403927
1089224718
1019325886
1165743364
1064375232
1462345387
1026718182
1043504994
1141833976
1184653788
1411553030
1422155471
1020003862
1026097693
1026123822
1026438385
1008519046
1084767137
1232986731
1254011840
1020413448
1026816128
1131117563
1234274204
1018918093
1255337199
1361138345
1012573304
1355909006
1026422819
1026974793
1063383579
1081746770
1141878268
1291815370
1133553940
1214856595
1014069874
1026040447
1435659495
1026449415
1026461565
1435545045
1026967791
1026978800
1027071692
1027199483
1031059385
1132089644
1141959901
1165919923
1234307033
1333020119
1547133319
1548177063
1368235030
1006628390
1007562751
1555897357
