1136591463
1456406638
1283368844
1345076027
1317974656
1483202212
1434627448
1344260188
1269366398
1189964266
1452849394
1448702211
1273638907
1189913310
1484140999
1156938600
1436187408
1105323328
1156369168
1192377445
1483880562
1480605410
1353015653
1391524672
1234418013
1273745374
1353225533
1546165911
1484507711
1322991122
1449426847
1189961675
1273714564
1424945737
1426679806
1448702200
1172922976
1364541875
1474653188
1189969755
1364518023
1364532147
1426237369
1546576784
1189965379
1336207353
1317943252
1364554234
1424930238
1450092480
1322999428
1364553734
1448702561
1198408159
1364192517
1403054704
1403085937
1426063113
1443107070
1447492648
1448702946
1475539324
1481573408
1531770121
1541692581
1548041977
1549002982
1549009310
1549330893
1549938098
1550612881
1550638151
1550721412
1550885637
1551658177
