1130037332
1181231196
1433083844
1457806727
572973
743807
1182761592
1184119879
1312869669
1166619598
1037576967
1085408010
1300702960
1263240968
1490419160
1376777628
1284141352
1064378872
1327140147
1442972249
1100423876
1442973099
1380501126
1307180852
1036977810
1290571920
1217235290
1457827955
1457831030
1401898081
1533098766
1284155965
1497194374
1521282992
1481457635
1521285970
1020617057
1045021229
1380451173
1425255709
1252417072
1263247565
1398818920
1398829561
1425261879
1252412922
1144734365
1252341330
1263236402
1263341665
1355009391
1425262904
1431958975
1507233032
1509533824
1514759402
1555819043
1555868870
1555947530
1555955240
1130037332
1181231196
1433083844
1457806727
572973
743807
1182761592
1184119879
1312869669
1166619598
1037576967
1085408010
1300702960
1263240968
1490419160
1376777628
1284141352
1064378872
1327140147
1442972249
1100423876
1442973099
1380501126
1307180852
1036977810
1290571920
1217235290
1457827955
1457831030
1401898081
1533098766
1284155965
1497194374
1521282992
1481457635
1521285970
1020617057
1045021229
1380451173
1425255709
1252417072
1263247565
1398818920
1398829561
1425261879
1252412922
1144734365
1252341330
1263236402
1263341665
1355009391
1425262904
1431958975
1507233032
1509533824
1514759402
1555819043
1555868870
1555947530
1555955240
1130037332
1181231196
1433083844
1457806727
572973
743807
1182761592
1184119879
1312869669
1166619598
1037576967
1085408010
1300702960
1263240968
1490419160
1376777628
1284141352
1064378872
1327140147
1442972249
1100423876
1442973099
1380501126
1307180852
1036977810
1290571920
1217235290
1457827955
1457831030
1401898081
1533098766
1284155965
1497194374
1521282992
1481457635
1521285970
1020617057
1045021229
1380451173
1425255709
1252417072
1263247565
1398818920
1398829561
1425261879
1252412922
1144734365
1252341330
1263236402
1263341665
1355009391
1425262904
1431958975
1507233032
1509533824
1514759402
1555819043
1555868870
1555947530
1555955240
1130037332
1181231196
1433083844
1457806727
572973
743807
1182761592
1184119879
1312869669
1166619598
1037576967
1085408010
1300702960
1263240968
1490419160
1376777628
1284141352
1064378872
1327140147
1442972249
1100423876
1442973099
1380501126
1307180852
1036977810
1290571920
1217235290
1457827955
1457831030
1401898081
1533098766
1284155965
1497194374
1521282992
1481457635
1521285970
1020617057
1045021229
1380451173
1425255709
1252417072
1263247565
1398818920
1398829561
1425261879
1252412922
1144734365
1252341330
1263236402
1263341665
1355009391
1425262904
1431958975
1507233032
1509533824
1514759402
1555819043
1555868870
1555947530
1555955240
1130037332
1181231196
1433083844
1457806727
572973
743807
1182761592
1184119879
1312869669
1166619598
1037576967
1085408010
1300702960
1263240968
1490419160
1376777628
1284141352
1064378872
1327140147
1442972249
1100423876
1442973099
1380501126
1307180852
1036977810
1290571920
1217235290
1457827955
1457831030
1401898081
1533098766
1284155965
1497194374
1521282992
1481457635
1521285970
1020617057
1045021229
1380451173
1425255709
1252417072
1263247565
1398818920
1398829561
1425261879
1252412922
1144734365
1252341330
1263236402
1263341665
1355009391
1425262904
1431958975
1507233032
1509533824
1514759402
1555819043
1555868870
1555947530
1555955240
1130037332
1181231196
1433083844
1457806727
572973
743807
1182761592
1184119879
1312869669
1166619598
1037576967
1085408010
1300702960
1263240968
1490419160
1376777628
1284141352
1064378872
1327140147
1442972249
1100423876
1442973099
1380501126
1307180852
1036977810
1290571920
1217235290
1457827955
1457831030
1401898081
1533098766
1284155965
1497194374
1521282992
1481457635
1521285970
1020617057
1045021229
1380451173
1425255709
1252417072
1263247565
1398818920
1398829561
1425261879
1252412922
1144734365
1252341330
1263236402
1263341665
1355009391
1425262904
1431958975
1507233032
1509533824
1514759402
1555819043
1555868870
1555947530
1555955240
1130037332
1181231196
1433083844
1457806727
572973
743807
1182761592
1184119879
1312869669
1166619598
1037576967
1085408010
1300702960
1263240968
1490419160
1376777628
1284141352
1064378872
1327140147
1442972249
1100423876
1442973099
1380501126
1307180852
1036977810
1290571920
1217235290
1457827955
1457831030
1401898081
1533098766
1284155965
1497194374
1521282992
1481457635
1521285970
1020617057
1045021229
1380451173
1425255709
1252417072
1263247565
1398818920
1398829561
1425261879
1252412922
1144734365
1252341330
1263236402
1263341665
1355009391
1425262904
1431958975
1507233032
1509533824
1514759402
1555819043
1555868870
1555947530
1555955240
1130037332
1181231196
1433083844
1457806727
572973
743807
1182761592
1184119879
1312869669
1166619598
1037576967
1085408010
1300702960
1263240968
1490419160
1376777628
1284141352
1064378872
1327140147
1442972249
1100423876
1442973099
1380501126
1307180852
1036977810
1290571920
1217235290
1457827955
1457831030
1401898081
1533098766
1284155965
1497194374
1521282992
1481457635
1521285970
1020617057
1045021229
1380451173
1425255709
1252417072
1263247565
1398818920
1398829561
1425261879
1252412922
1144734365
1252341330
1263236402
1263341665
1355009391
1425262904
1431958975
1507233032
1509533824
1514759402
1555819043
1555868870
1555947530
1555955240
1130037332
1181231196
1433083844
1457806727
572973
743807
1182761592
1184119879
1312869669
1166619598
1037576967
1085408010
1300702960
1263240968
1490419160
1376777628
1284141352
1064378872
1327140147
1442972249
