616384
708466
1363528
661333
573052
1377013559
1361178486
772369
1040178
758131
1089275511
748930
1377085154
708465
1515666572
549865
766949
767121
785855
856203
1381525120
1017891
1215871
1154473
1215850
748936
1215849
1388674159
1145628
1399164042
1215848
1002544295
1217566196
1456681035
1237755114
1090529515
1521269313
1023312446
1100178072
1108298127
1244250962
1298128920
1102352202
1502549011
1253514511
1392321727
1022668130
1177036161
1238048879
1085427627
1240936907
1337819385
1392347278
1437299480
1444519818
1506367567
1123836103
1506901512
1179154028
1180108698
1095770990
1437303368
1521269659
1124452939
1437364065
1522062892
1304140914
1377112045
1163970385
1090697313
632477
1056043211
754121
1102287016
632476
1227953003
1125825263
1427036354
1215843
1184940627
1085047616
1306044435
1162098
1160039770
1085047411
1432801417
1227931499
1424484260
1415750212
1227954227
1549645539
1315464649
1542959892
1237807035
632576
835966
835965
533482
550121
835964
549868
550129
661378
927178
632571
766933
703475
791302
1141744
1541886680
1132059
791281
703479
632532
1141751
433901
791301
661379
791276
605347
605342
605364
605374
751536
605332
605390
736896
736936
703473
736932
791299
1371857004
