187715
875209
1282641386
806143
1165214
1480801863
1480778590
1467397514
1421075903
1292666
1516989294
1293225
1244196915
1472015844
1005947022
1293224
1293228
1148032876
1244193402
1075102073
1073785520
1359971
1103760166
1411637336
1096634292
1421643792
1148032014
1273883210
1449093194
1499924822
1274150783
1213434152
1076679211
1220563889
1476518412
1244202015
1229909
1292856489
1456725600
1282291162
1121491170
1481455729
1241261
1229905
1249129596
1255562162
1093237078
1313349303
1434523498
1175577689
1411117771
1282616315
1394656258
1220677199
1292870472
1468768491
1411103772
1493019092
1474729806
1540501675
1444369717
1296288741
1288787470
1282735092
1288842612
1229908
1229911
1176890928
1398022079
1403040209
1378523716
1484213535
1288824661
1243178285
1410993449
1182402023
1273949554
1520627571
1335541933
1475346983
1091097977
1470925432
1288816193
1148672654
1396790379
1236404422
1397083326
1442509252
1091086210
1403029526
1236394137
1335483883
1393386774
1480685078
1403266434
1175719925
1366062852
1330471133
1335515964
1470922292
1400523652
1288772653
1182396242
1303882384
1175653951
1470915065
1141169292
1335528379
1176912911
1401800716
1468618766
1533667271
1070569355
1128545532
1373907546
1366150390
1062186114
1061439448
1061593530
1166001957
1231261361
1273370826
1406091834
1176876599
1244240090
1335492725
1075134138
1077019480
1163579947
1176832009
1091093306
1159123402
1487895427
1522233974
1077012290
1487949036
1545045600
1375207559
1393767311
1487933204
1487946556
1543231935
1413465977
1440247715
1487962067
1538923646
1406673703
1487930737
1487941651
1175542310
1175568137
1292842655
1175604360
1205413767
1330154935
1401794036
1406592083
1175611010
1175666450
1175713371
1236424498
1292854126
1392138301
1406611868
1487939657
1537174541
1175622379
1341388899
1392119685
1434423994
1434575832
1487894477
1453774062
1366118330
1401716600
1487960648
1487893205
1077005075
1142398423
1145396172
1175509610
1402989105
1406597058
1406622331
1406652814
1453010883
1487959768
1487955434
1487947174
1476371563
1487918171
1231227056
1231244775
1244175047
1292848449
1335500987
1375089293
1375294715
1404006118
1404066924
1404108256
1404124122
1413523085
1415285004
1434429841
1434477880
1434495591
1434518522
1434547021
1434589935
1487937699
1487927853
1487929749
1487956630
1536617671
1548286541
1551651413
1551656738
1551660216
1551666165
1043484791
1148635968
1381499769
1419331727
1556097892
