550127
656532
654305
1256416
559257
605287
154996
162407
142549
165904
656555
142566
236694
656518
232332
1256410
654308
692464
162411
692505
162410
656561
818160
766880
854751
748944
550087
195802
549868
654328
785849
1132067
654303
573068
652809
656551
999249
749027
591688
692553
550129
559274
1433445034
879707
927178
239767
766933
692549
644616
559270
818145
605288
654300
753184
645419
344467
672459
536960
654301
692542
792993
654311
559269
271554
743664
766887
1433427991
879700
692486
559267
654307
730415
708468
792996
601616
654316
879704
1180082002
644631
601620
716565
142540
692546
879710
1262615
433901
552359
598668
726661
818132
1467580
672548
559276
854753
1061947834
927186
871072
1131453990
1255661969
1061950186
1198518637
654302
766911
601617
730424
766874
1230133890
726674
944249
854754
743699
927190
654313
591692
505047
692479
1070879497
582758
154966
818142
559271
559255
627889
822594
726658
559273
818141
559027
1198529282
654323
730420
154962
736936
1315202287
736896
818144
736932
1076049263
1076061990
1230144405
598639
743804
654324
1076062710
536964
1076061143
1467561
1076062265
559272
656514
1076041343
644581
1076041224
1454089574
1076064781
1245577384
582750
1073557754
1183073888
1183058340
1220921928
1220919710
1248270446
1380547687
654314
785857
559268
582756
692470
766905
1543000232
154960
672473
644569
644584
1049612107
818219
1446690924
1135371133
1276370773
1456830371
1471566074
1074187155
1327049984
1234261852
1494918241
1385175184
1385152373
1385175301
1385176109
835960
186677
186675
871078
871069
835959
678771
871081
703467
632558
766931
536966
871380
767114
871077
372440
1537178836
871076
802350
871378
871393
609019
703422
644169
703432
802346
525549
791282
871397
871383
758131
871377
700708
785855
871385
856196
871392
871382
344492
871395
871398
166870
791300
871387
717805
