1341476348
1528943985
1341568771
913617
1382631907
1100540688
1101832
1389151707
1387792723
1227679765
1344709237
1226620530
1082787467
1387420694
1345645550
1082782093
1343281303
1394715658
1082094568
1345403127
1397126989
1317451170
1396995968
1389993535
1390228123
1363088705
1442837137
1394398967
1478171760
1034934008
1225135370
1270838499
1369076428
1394355913
1053473889
1034660337
1225152865
1225668965
1477823659
1082789597
1397268445
1057574562
1477770435
1394896495
1440341526
1396287593
1082071136
1308810120
1034849980
1389186086
1439252578
1502481704
1098290094
