1302537914
1433898996
1428421014
1227027919
1148644794
1180328508
1410165613
1288759751
1218050224
1432672362
1471100785
1382058323
1226436739
1203991536
1273206202
1193037561
1210771946
1027764255
1370843367
1506574207
1275877122
1086115128
1309402191
1243061276
1364751844
1425699990
1510238824
1102289724
1189778722
1102302630
1149700534
1226407385
1075483950
1464293039
1217260402
1282605266
1218299053
1149648441
1284169991
1466510296
1161297859
1161146889
1083610356
1302748212
1523449203
1237022127
1413535847
1502331937
1180247849
1531546829
1218034449
1226525564
1447036638
1372078971
1282452145
1523396036
1245195661
1503816360
1194133293
1235464391
1066980639
1092376629
1186350612
1207828970
1483635212
1023529340
1438879065
1130018821
1187939564
1235284037
1483514280
1532680605
1313386765
1460221120
1148628883
1180968886
1226519922
1316909465
1066923773
1288756743
1331453528
1359508939
1506425116
1530285443
1540199663
1092259201
1317213113
1330242533
1361134671
1408531490
1435342759
1444519920
1433905393
1431867420
1331217498
1456776968
1129918675
1335520565
1476305746
1378415235
1411685773
1448219337
1433892716
1149680700
1218930048
1187917556
1216654677
1331205513
1411764933
1502825036
1555100599
1556147751
