1091644778
1515111134
1381931561
1090595586
1479932383
1351763853
1430879809
1093928080
1093928109
1094488759
1093927951
1262404590
1393170383
1453076782
1094488547
1094488765
1093930734
1324140316
1470613003
1094488970
1509307165
1093927895
1187043495
1511460489
1269434623
1145728716
1032819595
1518160220
1093927861
1412197675
1179429305
1179157889
1541873518
1095328008
1171432480
1095308678
1530711802
1167700738
1094489013
1194178235
1471345709
1093927883
1094488517
1305442342
1174699560
1054706940
1120831712
1546791527
