550127
605280
656532
654305
605276
672797
1256416
1215874
559257
573996
605287
168295
162407
1014397165
142549
1165197
296208
165904
656555
142566
236694
656518
232332
1197652
1204008
1256410
654308
582744
692464
162411
692505
1497895090
162410
656561
1012683542
818160
766880
854751
748944
195802
525548
549868
654328
785849
654303
652809
656551
749027
692553
1014220961
550129
559274
879707
1397046929
1012587234
1197653
927178
1212918
239767
692549
644616
1012684021
559270
296209
168333
296194
559262
1424673877
818145
1204012
1322995
1012683837
605385
1215867
605288
644506
654300
927183
645419
1323134
344467
1212917
1204013
1088028207
672459
1012651484
296199
536960
654301
692542
1212902
1012643543
654311
1012780901
559269
574034
944306
271554
766887
296204
1471398
1307304
574024
1012641524
652520
1464303487
1436774168
1012619535
879700
692486
559267
654307
1012962248
1011528404
1212901
708468
1012962284
601616
559251
1012957580
654316
1013523629
644505
879704
652521
1212916
601620
142540
692546
1467602
1012963367
879710
1438662489
1417404504
1013659332
1013831082
644573
533482
1001500865
433901
1012683838
1257556264
726661
644557
1012682280
818132
1467580
605386
559276
854753
1206163
927186
1286318
644585
1012963999
1438742606
1012684727
1464299283
661257
654302
766911
172128
601617
766874
726674
854754
1206191
743699
927190
1345247
296198
654313
591692
1433027658
505047
296197
1017286595
1012805219
1001877095
605343
692479
1179191822
582758
818142
1012648683
1047018406
644652
559271
559255
1510991171
627889
1012644563
1165210
726658
559273
605347
818141
559027
753186
1004178881
605374
605342
751536
605364
1051488048
654323
574095
1002632671
1002880450
1389084563
1448777324
605390
1464301575
736936
1002904094
1012240303
1012953632
1117242585
1002877803
1016492791
736896
1003544652
1007956413
1437645134
605332
818144
1257661597
1083827615
1179186538
1234319289
1244380106
736932
1489971448
1012923493
1005331536
1011567825
654324
536964
1206168
1467561
1012921796
1055225439
644673
559272
656514
644581
1012690278
1430649457
1012924295
1448753308
1433048195
1002877769
1179954492
574080
582750
1438747407
1437474184
1101969253
1437292024
1177079204
1179344895
1181418306
654314
785857
1003521052
1242121
1012961350
1438685176
559268
1179318596
1012921316
1206169
1438738508
582756
692470
1179067294
766905
1539904446
1530228854
1134390065
1438675242
1436764520
1051702666
1107653539
1438697210
1055024219
1180087882
644569
644584
1055023963
1180254120
1345242
1220328
1438733733
818219
1179284933
1438718006
1036550500
1438646236
1426033802
1426943482
1443506080
1427124358
1338767522
678771
296215
536966
525549
549865
785855
1215873
802118
753185
717805
1307334
1430704484
1181418307
