927422
835967
700701
609023
802369
644169
1284898
609019
1256933
598630
1198152
791255
754114
1289107
1176846
802362
1338915
1332506
1332511
1198155
802355
1198151
1242128
629361
552418
1212881
1002280031
1386008583
629376
754116
629368
791304
1031321432
1113029546
1036889189
1259992170
573072
629359
730451
1198141
743821
629371
1332475
1332484
1260837
1332490
1273423691
629362
1480496118
743811
1332488
1332494
573069
1532339207
1354512289
1048736453
819265
1332497
1015516246
1266284954
1028497214
1354505741
1366598967
1513439261
1465730954
1340257250
1208795
1306045323
1340280658
1465726496
1161962429
1413100930
1416425004
