1232356
1231354
1232365
1400019361
1021552988
1537104452
1128841388
1107198935
1537410858
1076446739
1105497588
1475072885
1133800225
1240267388
1522144315
1537146238
1017927768
1288885883
1538941212
1104574953
1252229836
1470577181
1017928416
1412197118
1537118606
1537126171
1017928512
1037480877
1144497587
1423933290
1100609762
1105763561
1144508573
1412199080
1457280764
1246259206
1433761594
1104666961
1133802209
1398667196
1457302416
1457305511
1144475387
1444312269
1457278060
1457282208
1457294354
1470141478
1548130869
1556479627
