1411296113
1473344506
1054210829
1508441232
1217686609
1459188528
1500394359
1222060135
1184357421
1052530653
1505097815
1459500919
1344671921
1027157339
1500392021
1108591583
1179396340
1419721678
1479581018
1249432098
1439588831
1506602067
1398028268
1519129266
1398062463
1334657288
1030488993
1080198420
1051642809
1543022720
1511969726
1520035519
1397945071
1237521475
1510059353
1384242235
1373388547
1104246877
1415995542
1093372796
1491839126
1445562462
1271385747
1208757993
1299622990
1503967728
1491873213
1034906188
1351304730
1361595439
1174606602
1151902674
1245063893
1252077561
1038892885
1288467615
1166107942
1195616100
1062276660
1290819058
1257971406
1383916786
1112984973
1473627364
1042125516
1328992309
1074355070
1265218749
1421008641
1324304004
1024364297
1033198528
1035672929
1118439705
1155146878
1078783599
1351822275
1415392456
1135065263
1475266804
1402655428
1248265786
1416826856
1482539063
1302944354
1416813014
1338825299
1262003278
1372543167
1473347628
1055828562
1445131497
1255779630
1051063657
1532525711
1174809255
1256156711
1151460155
1324691274
1234155913
1473209891
1308952127
1336868342
1479603526
1509838635
1477035938
1416821898
1379548700
1024228563
1125189004
1279243369
1189626363
1170337009
1085803487
1478542612
1189907808
1373549449
1139091529
1500380016
1513700791
1212782429
1142773694
1047259661
1126828856
1174413549
1171485878
1157002588
1311616648
1159204495
1459874667
1479589654
1195281074
1167167445
1446762268
1202527523
1127363163
1337083084
1263933683
1455233909
1498622744
1192627779
1035336468
1222774373
1137389264
1376727341
1218554210
1192562192
1198541195
1345690477
1327471674
1318209555
1171583884
1333013904
1145637743
1271487403
1350630639
1165362128
1026802168
1470837614
1406944952
1399017587
1385276829
1012850344
1396463219
1408950280
1393718254
1535280698
1077313499
1221613752
1178288166
1500375388
1517117556
1525680584
1351670469
1350257906
1508073341
1179405352
1024417216
1090610468
1433991423
1086532986
1412208003
1277352852
1159726720
1205261074
1021172691
1278369628
1126893231
1050084542
1080632972
1369869317
1488419192
1434634304
1261963278
1371172480
1064948080
1097284155
1165838304
1485528085
1012213210
1147168665
1135391575
1080709088
1237103226
1051646520
1253930660
1034169770
1330797395
1192958876
1144407670
1319193451
1415613979
1306102954
1139019738
1131618100
1192724195
1004771658
1023923298
1072428244
1457194972
1022638506
1113070119
1206182275
1184730284
1202995171
1026833120
1220858196
1494433749
1317592191
1236482240
1066152568
1366057612
1381257556
1075310870
1094660871
1095728745
1145670050
1243211528
1501931686
1379572778
1185535507
1245464445
1336323679
1416617113
1014540405
1026835871
1032678461
1152777992
1170395445
1243049059
1410452523
1430760416
1520188707
1003105424
1005218343
1186060427
1411951698
1500387388
1005712314
1022202422
1042638447
1054670076
1072404577
1146483370
1232048823
1248088265
1356560963
1025729036
1162712102
1179512110
1184359551
1214722389
1246189471
1282531492
1338290208
1411045994
1022166848
1105694309
1247459606
1333707622
1432801547
1504064567
1003101923
1095671161
1195448208
1133714694
1181217436
1192902119
1207547010
1248242823
1368001686
1510228558
1027158183
1027159060
1027265981
1063468903
1081873618
1107975471
1108010940
1189613172
1194209599
1202390323
1226594916
1305046520
1026962367
1032360641
1092252789
1101230179
1121607062
1129278972
1179499264
1190580396
1195531725
1273194968
1526926272
1020529083
1027505290
1051632567
1081874456
1142564878
1179522641
1181301930
1208472921
1244620714
1247454817
1364796411
1516600854
1437817291
1451295942
1506552854
1012851023
1023924089
1023924366
1032380546
1162451860
1191746620
1217556773
1244472711
1273737517
1368074027
1371892791
1385705044
1504425681
1014537460
1026819189
1035600522
1194338954
1083071439
1172915690
1108366592
1180156319
1248415344
1231299750
1249835677
1357490756
1356708227
1416560365
1026963166
1023921651
1192232182
1125047895
1143365955
1234478891
1282756239
1349724070
1360919378
1134488914
1174999409
1179553127
1371252340
1210328349
1217673397
1291114232
1291116197
1417759069
1027158394
1103051425
1210340133
1119106230
1141088594
1195524675
1217670281
1218558547
1236462175
1360925714
1526167520
1021172694
1081873185
1082964813
1139784153
1230268095
1416771031
1477027934
1245619927
1317469475
1082963639
1277256846
1179556754
1184089415
1012859479
1026964208
1026727594
1071255996
1156914462
1088265083
1506914219
1195548392
1147351741
1190845937
1179527267
1230235803
1291835007
1256083628
1259576814
1269426528
1270084478
1367881686
1372093134
1416782012
1438549127
1526447681
1245070353
1380810816
1026577409
1466429881
1506608804
1068691943
1282757620
1283583952
1515870099
1245444676
1503751968
1004835369
1408204788
1474632257
1022421812
1235760270
1254322838
1384961861
1543238031
1035900478
1249168248
1281250274
1372023877
1520675348
1026834666
1091709898
1249610104
1335953221
1336875587
1504075062
1525582936
1220798859
1246243293
1372943937
1497247028
1164038369
1190985613
1300130641
1505999113
1074455926
1113031929
1026829127
1063479769
1143659119
1248322551
1264975162
1350647178
1450005338
1530778313
1036553429
1088162283
1174409747
1248614109
1314156486
1371811793
1444519238
1504048889
1546259935
1082957267
1212561167
1195789834
1248098041
1249447748
1323271187
1355212240
1498545921
1506596800
1026831010
1073568511
1103125328
1143588349
1190385213
1192187206
1199598193
1270315123
1306072033
1310978858
1315490441
1520238604
