927422
835967
700701
944305
1058828
609023
802369
609019
598630
1198152
1377925517
754114
1335763435
1176846
802362
1332506
1332511
802355
1198153
629361
552418
1482498706
1212881
1115375697
1466329173
1063703065
629376
754116
629368
1015821589
1427370492
1015822090
1433941093
1114765180
791304
1015821137
1015820862
573072
1255287055
629359
644185
730451
743821
629371
1332484
1332490
629362
743811
1244192074
1433947384
1500589604
1283886563
1219066328
1332494
573069
1327115982
1262282805
1533259594
1434702248
1473177489
1482845134
1332497
1262124842
1481553431
1376971040
1508537819
1330164784
1100083356
1445695754
1337391750
1199737881
1315160381
1339436285
1339527898
1340444906
1447492340
1350742282
1511275228
1272222950
1293941542
1399017435
1446484758
1487317161
1511305833
1315358619
1331824957
1336260406
1375114899
1284142091
1501970536
1505742653
1015820419
1203841300
1327470025
1476191818
1546401298
1129196294
1228698515
1199760600
1295426730
1306327678
1314844073
1315909063
1315939150
1317149742
1320294437
1327150355
1328982670
1330006789
1330131853
1330144154
1330480182
1337391070
1337398089
1337405374
1337738893
1339479157
1464439541
1389973394
1393068423
1407940016
1420378439
1416966851
1417023434
1421748227
1439024174
1470223121
1472306000
1472313155
1475560268
1475651485
1475713480
1476117992
1477595522
1477596947
1477632138
1477641842
1478957980
1480499645
1492440542
1513669460
1517936541
1525324527
1529654706
1235405700
