1297828
1525055872
1184093587
1319850330
1453350841
1111576565
1478174331
1184105119
1023854477
1319798352
1473916513
1297824
1180810180
1024049060
1052599369
1152555742
1468152106
921553
1088151820
1297798
1049443366
1024056106
1538462734
1222690966
1012692
1526327739
1331288996
1450780196
1527029586
1477927084
1063471496
225224
1079672351
1025497086
1163680223
1445181412
1028297934
1354587722
1214668812
1046659455
1127961883
1383341021
1086075010
913617
1047337794
1023959778
835204
1063423091
1033935752
1354416781
1213565672
1473223946
1408172900
1025837432
913622
1103581336
1040426035
1314731139
513264
1509969774
1152502771
1104959188
1539485588
1506065542
1033579841
1075291112
1063426507
1036277536
1088153785
1007654058
1059569736
1092204719
1217249460
1330796734
1109551002
1222935106
1295658837
1047300942
1161830619
1512812539
1284485148
1111039235
1238881322
1166157976
1492241856
1226890
1023495560
1030271349
612250
1161833982
1103056175
1446181799
1063480727
1510903267
1105840855
1017145496
1161848352
1475201369
1063449844
1526452398
1452213045
1201862391
599153
1047023629
1131599744
1161551670
1387599635
1314734095
1028173081
1085953006
1477168524
1166899814
1107439734
1463442539
1468150615
1148558724
1131303795
1492915128
1383356778
1267796769
1450944616
1474770417
1079683594
1191663274
1226897
1275564494
1111156104
1017056697
1104489539
1113170863
1145271552
1473296734
1281994611
1353061826
1104942266
1351257478
1074428863
1085453841
1192422545
1483977300
1158194567
1244234310
1191701147
1059570260
1076212666
1309067658
1047107693
1523505156
1445375190
1062359626
1014613170
1396164476
1073221654
523206
1024223142
1118383887
1029837361
1497131859
1029832030
1475242734
1478982073
1021834934
1074434260
1478992001
1123368905
1229001
1540534856
1352715840
1451376259
1063474118
1450893663
1118383268
1352645184
1164036639
1159763150
1511972997
1192185354
1078870119
1091733043
1063469641
1030000339
1047011795
1473939523
1047339146
1534791583
1105842149
1451275671
1479002465
1152252671
1202476312
1409610462
1542475316
1035514765
1036108791
1209845976
1081839145
1452203879
1450967294
1114708520
1130674532
1115508889
1147768027
1352703446
1542346451
1502932472
1362565039
1172484997
1224648408
1296527745
1047302786
1073904477
1364430070
1147719502
1521483018
1063467760
1083403298
1074225642
1362586595
1384831312
1478988511
1190694806
1474774744
1205974418
1065236551
1513793307
1497212388
1007624303
1529564391
1082042520
1217123575
1041960494
1067634862
1204301094
1383325530
1354672041
1047044347
1351400303
1047359858
1244669456
1222930253
1154878507
1109727637
1502505057
1067435403
1474228422
1074545553
1411520766
1485340688
1049577388
1028902335
1157949840
1227616693
1111469062
1395926373
1162161420
1299189504
523205
1483753559
1025551698
1190391643
1194981546
1166156058
1493096430
1419345111
1244649767
1471137865
1005545591
1269647429
1121117908
1538111695
1051262111
1418887812
1028900261
1143305620
1105096541
1189856062
1130033898
1189676335
1497996906
1474764821
1412369503
1413110390
1474549127
601186
1123375576
1109736682
1520627072
1195000445
1005661527
1151145040
1474252500
1155306782
1529041428
1473535711
601199
1450957708
1258661216
1167193404
1050208885
1100425614
1083200812
1031970395
1047041258
1062361044
1180999240
1190501025
1541538740
1167187168
1314737109
1126979936
1497483108
1149937540
1542126731
1474215882
1080013379
1076205933
1095491124
1354787524
1092003811
1062361518
1191734495
1512780102
612335
1527147786
1050856472
928902
1257467320
1305081864
1186177664
1032157839
1026242886
1167188702
1190664333
1019666299
1473629291
1209886722
1022019160
1475199888
1112341048
1021627471
1535177195
1140201193
1345540871
1198050739
1435835629
1017266217
1026853074
1050346598
1075213189
1048409204
1497958782
1167184974
1024124006
1233102103
1303829069
1317685271
1082068415
1305023022
1143978943
1131290171
1513264485
1126130248
1019630880
1546215225
1403559256
1132479334
1517831140
1021943644
1085253588
1165972406
1151314889
1111864034
1005538410
1012132483
1219296333
1031811374
1444497432
1545845258
1474836633
1149441948
1517594837
1424722377
1468152614
1475197827
1012579840
1063424025
1083669325
1093239041
1236080436
1513580930
1031811534
1033208167
1050887820
1192621006
1232126145
1354421397
1006296497
1022204721
1105839274
1007688321
1075144080
1244282622
1350418772
1090636640
1129695760
1229873728
1518292939
1415356985
1050860409
1406702080
1536718205
1149550103
1187910014
1167151449
1227783657
1533105121
1076066650
1511397257
1352645485
1146449431
1227794722
1111156092
1546092509
1079945048
1518259719
1535033621
1021890342
1475201169
1006296720
1189806026
1452929108
1077087135
1546126788
1529169484
1354473950
1545522449
1006296777
1084825110
1219305607
1128164497
1190750193
1417798010
1486034204
1512462463
1517965814
1517972575
1246097135
1354634086
1390541067
1403439623
1510609079
1529388071
1542928592
1081900630
1111352129
1091961136
1384999349
1403704365
1486025544
1498793362
1517840667
1542425787
1231224692
1415345225
1517947165
1085009402
1219306117
1452753134
1468175797
1486041440
1517942067
1534755672
1123363045
1287782849
1385003700
1470139058
1517661816
1530162235
1406856292
1493062681
1496396864
1529268044
1005545515
1081165844
1335394822
1403372840
1517969536
1036319326
1051335789
1078348153
1485896413
1517826617
1246060572
1520378592
1006169663
1220177290
1355896763
1369448589
1406591148
1406639041
