1055816538
1150523102
1215835
1143758028
1055779734
1416447956
1232356
1448853160
1416282031
1241513714
1256453810
1215834
1231354
1412601314
1463645880
1397163038
1055800012
1465849345
1446613417
1232365
1215828
1490052789
1267820312
1229095521
1416671325
1416965219
1137838816
1215845
1296357100
1380358119
1446526036
1334722042
1145436496
1334728157
1473173481
1483238014
1452672578
1416668023
1215851
1195224675
1095772479
1288049673
1482180325
1094728226
1100407459
1511558387
1056036499
1431987350
1007205735
1162496043
1096133329
1463609689
1483000304
1170559059
1534494999
1482755465
1338083299
1095811085
1497156974
1518265536
1049041799
1462007038
1046695214
1255059420
1274453204
1275365083
1381310250
1049035644
1049025986
1096147827
1105805277
1277067993
1282586180
1112073926
1277042250
1499233197
1049040002
1049037718
1462504132
1462200401
1314390143
1432028434
1095508573
1228759722
1338004005
1381320402
1388881248
1123531425
1462355619
1314502292
1455819844
1462863126
1123170756
1123536061
1337708546
1381524143
1497198060
1224944634
1462349378
1415387225
1549451910
