856217
573055
774510
935672
573048
676188
972891
1149246906
573054
1186156107
1159248
879726
730431
1162099
1014753
652867
802369
573064
676191
1242584
669609
1332414
1330776323
676190
1005504642
822670
1006301797
1145859517
573053
856231
1005561603
1158042585
972896
730428
692504
676204
692509
856228
1131948
1380273
913654
856242
774508
879732
856221
879739
1516150592
652901
644186
644187
609032
652821
802366
644192
856201
1260814
730412
802355
609024
856220
1005561863
730443
856226
1306628
753184
1173520952
856240
716560
879746
1380259
1326690311
1335044802
676192
692475
1162105
1015430260
1153449372
774511
913653
676193
1159249
1147763814
1050345455
652859
652872
609028
927426
716434
692489
754119
652856
692456
716501
716551
695997
1260827
573050
1249253
1335029180
1407953631
1012088712
1516124051
1360734434
1283569026
1272059913
1429074102
1437245
1015820635
1272059900
1437878
1026742668
703473
1437879
1259685118
716540
1111291351
1458844207
1437518
1482113127
1398452787
1015821457
1321158168
1077571357
1257907649
1335039756
1535986591
1511308952
1532357145
1393993926
1466313432
1015821000
1102623392
1142057130
1250860126
1449942718
1458848638
1436928
1326705264
1535959564
1242963649
1335839168
1335997093
1525475129
1437376
1135577577
1179146138
1189082392
1242880974
1243039054
1249749037
1445769111
1290441555
1341121178
1539711010
1426424734
1434437505
1451863415
1459850800
1466218525
1481590014
1483926532
1488219563
1526479165
1527852788
1534712381
1550866842
1258067190
1242620
