1263862823
1330243771
1074469901
1144652613
1056288834
1431626797
1352374383
1489953184
1109594720
1355144441
1407207500
1059951874
1103357442
1432563697
1042081327
1473118181
1282920682
1147034594
1505571041
1290814233
1522542102
1522425667
1522511956
1522240384
1520264715
1042697035
1041658838
1427628827
1145267223
1087708719
1219157069
1353020556
1350392014
1147064138
1535319884
1535348218
1155104560
1253854550
1338250567
1019386016
1181107660
1019384717
1334639347
1016176446
1063640387
1432073798
1041725451
1146715780
1160419885
1094397309
1204091039
1213428509
1265000712
1273449385
1060281103
1061867967
1222920318
1251166778
1016685707
1090569415
1090582243
1219005283
1319119408
1209050946
1335785970
1282693966
1534827189
1408801501
1145721189
1451073918
1524851248
1284051550
1042292231
1253869204
1266312819
1380868266
1504463317
1107924981
1019633042
1126901370
1353577764
1520617550
1255765897
1427581262
1470191066
1124750203
1355218546
1544711554
1023846791
1132137748
1322029551
1340248836
1525039941
1432070128
1451062830
1451099352
1451441190
1489240851
1298569760
1328105496
1335089661
1338286912
1446727401
1456363566
1461457143
1474071507
1475109115
1475569894
1489260545
1118514268
1126527746
1250963269
1252841781
1255833887
1338412252
1338456343
1340248060
1395950648
1431688374
1445083494
1464936981
1471415170
1488356711
1503816117
1512463918
1060265336
1265179817
1309330585
1340248188
1443626725
1473813088
1494796517
1238867167
1265084598
1282636090
1396198268
1379306072
1425940655
1456391781
1117806481
1265276748
1314227227
1339177276
1354376387
1427292068
1462301326
1466355047
1474945035
1478092566
1480478897
1502767152
1521484941
1535380432
1543242028
1545625865
1114042322
1152647942
1295236862
1353581395
1396727683
1420122367
1447489500
1456352067
1456396237
1473066203
1476117759
1016611657
1090873078
1110727475
1160511207
1230223572
1261934351
1323039184
1351282761
1399025024
1421427427
1460598228
1460767237
1473793592
1474138802
1474530995
1504458149
1520730706
1527320676
1527324942
1158105726
1268094022
1311421778
1334605427
1356908383
1376271550
1449375688
1481673620
1484508169
1515102873
1522147756
1060280939
1144670637
1214195827
1307063729
1356910838
1415116524
1324108336
1338377265
1340247478
1376456893
1452883009
1470188227
1470287771
1533006365
1540227381
1159754787
1273496539
1288771891
1433973258
1480507696
1523413225
1171432479
1060281209
1082605542
1090693534
1101206756
1117863507
1180705962
1180706486
1180707205
1126887292
1126911446
1393201759
1164114400
1165743260
1166554348
1175424962
1219022179
1237959268
1238068518
1242942970
1265406340
1261409788
1252844553
1252839691
1261934118
1261934323
1273610951
1273608597
1273605045
1329791507
1266779277
1267744144
1324101405
1310754938
1313287007
1316891659
1321398729
1324877299
1329934604
1330424576
1336788162
1336889697
1338351805
1338404416
1338408124
1338408443
1338409626
1338411860
1338456348
1339187893
1339917422
1340247812
1340248474
1396172478
1352952131
1371299884
1377090564
1378423313
1378604924
1384577520
1384679941
1392194657
1395953888
1400460739
1407890909
1420144128
1416290480
1418922371
1418946775
1418980026
1419294243
1419347599
1421653024
1422123876
1422146028
1425027407
1425040624
1425052964
1425071527
1425093935
1425872303
1425898356
1425913220
1428832074
1437066262
1439947549
1439962436
1439990526
1441215197
1443570289
1444185772
1445005949
1445019246
1445250159
1453739465
1454508431
1457383563
1460976718
1463151919
1463154210
1464410657
1466742253
1468692117
1470176649
1470176718
1470178352
1470178864
1470179809
1470192965
1473175683
1474092511
1474307689
1474990983
1477369290
1477400442
1477698575
1478087203
1478502203
1478518497
1483079640
1485103372
1488331302
1495674624
1502769959
1504069720
1505181005
1505348949
1508055737
1524133935
1510082629
1511171127
1520625792
1523538519
1523579537
1529665205
1530173279
1532060664
1538359778
1539692474
1539714579
1539923761
1540205621
1540264187
1540284572
1540422549
1541328996
1541638670
1544627180
1546182437
1547589841
1548295338
1549239812
1549267188
1549348643
1549376028
1549402927
1553987241
1554027195
1555328396
1266854708
