1232361
1159176
1490942145
1207072410
1322248
1351514855
1063389813
1279575671
1289111
1410972378
1236350
1485745616
1260831
1375280
1335910614
1347025621
1321656478
1321438540
1410963136
1052852286
1405722011
1130158105
1321932745
1147474901
1052853567
1350071573
1320179559
1384523500
1324091419
1506187747
1314060937
1543378343
1179184762
1481513186
1104116749
1410543226
1522122879
1427416869
1228650875
1255756642
1390338683
1508754599
1529280909
1232347
1322698747
1452663232
1322476550
1198623951
1216300685
1321850953
1321939907
1447395885
1541379445
1544906614
1076503024
1159568244
1184020632
1227684899
1228706857
1229228012
1321150249
1321354538
1444288119
1444300174
1447372691
1447538765
1451882086
1452433527
1511981821
1553500580
1048787165
