1330495307
1232361
1192434389
1130675699
1314220421
1409376870
1426110157
1154506102
1523489795
1229762455
1332478
1497535699
1083791977
1383688551
1476270278
1383697092
1478330103
1236350
1383679423
1383832339
1187426428
1345233
1199670703
1102556400
1239114120
1307315160
1229776736
1192513177
1472675981
1204406419
1204735697
1229776758
1238040803
1273770222
1432749791
1474711582
1368275253
1474808617
1472632193
1474819272
1163890120
1387207560
1484570544
1083789067
1419680835
1204386549
1444875081
1428762793
1429391398
1199686323
1438796622
1463039596
1160677433
1101117293
1430263195
1207898725
1162389235
1241467749
1523392245
1278862
1383679379
1083784135
1432718410
1425584416
1332470
1393070944
1529758269
1234672262
1202465746
1309087634
1314048244
1314294868
1447557376
1232347
1535637319
1214299984
1234671506
1330512305
1121554604
1234672937
1237900937
1309121413
1391049590
1453875371
1463036484
1533826450
