591728
1298027
629354
1298022
652807
1298056
1298010
1233241
818136
822663
730462
1467646
1076805919
1298019
703400
654332
1283541278
1298023
1091529081
550156
819271
1463433
1463461
1463436
591726
724986
724978
157044
1359926
1463444
1016746390
1463430
1101224549
1068362339
1012810414
1169284215
271558
1278215229
724983
819264
1121507656
1527534153
1428809919
1107526895
1422115477
1463471
1306529945
1279461926
1460140433
672818
1273733093
1530948431
1068368748
1546483211
767108
745235
745244
745231
745239
191682
591728
1298027
629354
1298022
652807
1298056
1298010
1233241
818136
822663
730462
1467646
1076805919
1298019
703400
654332
1283541278
1298023
1091529081
550156
819271
1463433
1463461
1463436
591726
724986
724978
157044
1359926
1463444
1016746390
1463430
1101224549
1068362339
1012810414
1169284215
271558
1278215229
724983
819264
1121507656
1527534153
1428809919
1107526895
1422115477
1463471
1306529945
1279461926
1460140433
672818
1273733093
1530948431
1068368748
1546483211
767108
745235
745244
745231
745239
191682
591728
1298027
629354
1298022
652807
1298056
1298010
1233241
818136
822663
730462
1467646
1076805919
1298019
703400
654332
1283541278
1298023
1091529081
550156
819271
1463433
1463461
1463436
591726
724986
724978
157044
1359926
1463444
1016746390
1463430
1101224549
1068362339
1012810414
1169284215
271558
1278215229
724983
819264
1121507656
1527534153
1428809919
1107526895
1422115477
1463471
1306529945
1279461926
1460140433
672818
1273733093
1530948431
1068368748
1546483211
767108
745235
745244
745231
745239
191682
591728
1298027
629354
1298022
652807
1298056
1298010
1233241
818136
822663
730462
1467646
1076805919
1298019
703400
654332
1283541278
1298023
1091529081
550156
819271
1463433
1463461
1463436
591726
724986
724978
157044
1359926
1463444
1016746390
1463430
1101224549
1068362339
1012810414
1169284215
271558
1278215229
724983
819264
1121507656
1527534153
1428809919
1107526895
1422115477
1463471
1306529945
1279461926
1460140433
672818
1273733093
1530948431
1068368748
1546483211
767108
745235
745244
745231
745239
191682
591728
1298027
629354
1298022
652807
1298056
1298010
1233241
818136
822663
730462
1467646
1076805919
1298019
703400
654332
1283541278
1298023
1091529081
550156
819271
1463433
1463461
1463436
591726
724986
724978
157044
1359926
1463444
1016746390
1463430
1101224549
1068362339
1012810414
1169284215
271558
1278215229
724983
819264
1121507656
1527534153
1428809919
1107526895
1422115477
1463471
1306529945
1279461926
1460140433
672818
1273733093
1530948431
1068368748
1546483211
767108
745235
745244
745231
745239
191682
591728
1298027
629354
1298022
652807
1298056
1298010
1233241
818136
822663
730462
1467646
1076805919
1298019
703400
654332
1283541278
1298023
1091529081
550156
819271
1463433
1463461
1463436
591726
724986
724978
157044
1359926
1463444
1016746390
1463430
1101224549
1068362339
1012810414
1169284215
271558
1278215229
724983
819264
1121507656
1527534153
1428809919
1107526895
1422115477
1463471
1306529945
1279461926
1460140433
672818
1273733093
1530948431
1068368748
1546483211
767108
745235
745244
745231
745239
191682
591728
1298027
629354
1298022
652807
1298056
1298010
1233241
818136
822663
730462
1467646
1076805919
1298019
703400
654332
1283541278
1298023
1091529081
550156
819271
1463433
1463461
1463436
591726
724986
724978
157044
1359926
1463444
1016746390
1463430
1101224549
1068362339
1012810414
1169284215
271558
1278215229
724983
819264
1121507656
1527534153
1428809919
1107526895
1422115477
1463471
1306529945
1279461926
1460140433
672818
1273733093
1530948431
1068368748
1546483211
767108
745235
745244
745231
745239
191682
591728
1298027
629354
1298022
652807
1298056
1298010
1233241
818136
822663
730462
1467646
1076805919
1298019
703400
654332
1283541278
1298023
1091529081
550156
819271
1463433
1463461
1463436
591726
724986
724978
157044
1359926
1463444
1016746390
1463430
1101224549
1068362339
1012810414
1169284215
271558
1278215229
724983
819264
1121507656
1527534153
1428809919
1107526895
1422115477
1463471
1306529945
1279461926
1460140433
672818
1273733093
1530948431
1068368748
1546483211
767108
745235
745244
745231
745239
191682
591728
1298027
629354
1298022
652807
1298056
1298010
1233241
818136
822663
730462
1467646
1076805919
1298019
703400
654332
1283541278
1298023
1091529081
550156
