856217
835961
835960
142549
573055
871081
871078
774510
935672
573048
676188
835959
186675
871069
186677
972893
573054
1191687
1332410
1123736
1242398491
871077
1159248
802346
372440
162410
879726
730431
1162099
871076
1014753
652867
573064
676191
1506201173
871072
879751
1242584
669609
1332414
676190
854752
1145744628
1310050048
822670
1207920110
573053
856231
730428
1430577926
692504
692509
856228
1131948
802350
1208043686
913654
856242
774508
879732
856221
676204
536966
879739
652901
644186
652864
644187
609032
652821
644192
1267469399
856201
1332194
730412
1383749532
1383751171
609024
856220
730443
856226
1306628
856240
716560
913595
536960
676192
692475
1340848404
1162105
142540
271554
913653
676193
716555
1159249
1376875591
652859
652872
609028
927426
716434
1106709774
871380
871397
692489
854753
1013984858
754119
652856
692456
871378
716501
716551
871383
695997
854754
573050
871393
871385
871395
871398
871377
871392
871382
1278198511
1262076192
1391176460
1437386
1097897056
1437862
1437245
1157001631
1437560
1437411
1384071589
1287815797
1182670331
1437893
1544491525
1437844
1206655931
1437879
1206356
716540
1437543
1473597813
1500819574
1289337961
1437518
1444999068
1437870
1437923
1437396
1437437
1437490
1437506
1437478
1523682219
1437243
1437522
1206378
1436889
1179952414
1533102291
1436917
1436928
1433047970
1437466
1437309
871387
1437376
1437471
1437866
1182641451
1231262228
1372188064
1471178831
1513112452
1242620
574818
1437946
