239843
1339151
748926
913657
191658
730453
688006
703400
552377
749065
1393821828
1391593433
387006
745931
1482864153
1408467
716422
1179848954
716416
856191
1338872520
1470220099
344485
1470217542
1471372491
1470225189
716424
1483258868
191681
730461
767116
1473760111
913613
730464
745930
1131962
1515249462
745244
745235
785751
871403
1470215393
1470203231
1473747093
745231
707443
1536325853
745239
1446741244
1119894454
1444990237
1445035898
1446386815
1436937
1479069660
1536847569
1529670895
1173419190
1181261048
1278285829
1446424878
1449870408
1467445505
1523380250
1536749100
1329828490
1434661016
1096151454
1327137876
1445039391
1446433052
1216321613
1414704166
1414727766
1533403038
1445031441
1446455741
1446393338
1446396059
1446396301
1446400168
1449863911
1449868270
1449868894
1467328642
1546380365
1546381223
