1479051582
1054936856
1378375334
1380798140
1526826933
1525647758
1124098370
1482538639
1075272294
1189677002
1159615995
1237838826
1473138462
1484375306
1343443178
1036807176
1187518512
1471970150
1522164825
1084328097
1469963670
1435231628
1520086330
1449393370
1298174351
1067738661
1253630957
1109051240
1367599956
1344012889
1351763493
1385140166
1420405120
1471961822
1472028427
1147091878
1140006728
1366730377
1105455274
1247377007
1473038427
1483104285
1438796295
1471966799
1524021678
1267801135
1024225582
1520735219
1523972363
1072116929
1524043861
1397914312
1350138557
1455122888
1417309786
1524095587
1478469788
1216021638
1494698973
1132536827
1369300582
1474980785
1334631832
1471061331
1067178188
1024839611
1391090641
1505179066
1526061045
1429822120
1422083235
1472644012
1519711605
1422147680
1519890127
1211559247
1317040420
1082136163
1389107268
1147539851
1419426959
1392388835
1475003654
1059121503
1362288881
1108453927
1084751051
1482975901
1409752213
1398047851
1424504428
1314758503
1167175404
1535380480
1444852541
1518452385
1532499664
1495558003
1471268471
1509517587
1417955446
1517702607
1356309929
1483148630
1177103070
1480710085
1351144040
1388833731
1324743845
1096222006
1487098526
1434571594
1180264104
1451814289
1497280925
1081278713
1535444168
1354991581
1482195917
1085013084
1358725211
1152727691
1514371400
1398991735
1493071806
1321490198
1497343599
1030503168
1024492586
1389754654
1523661191
1490360870
1498007310
1282387042
1519201323
1435705354
1074559124
1470811907
1546318491
1461649929
1461512620
1473277117
1463084770
1007314833
1463635169
1494039084
1533020008
1430752289
1469903233
1030586621
1526962322
1170403950
1534901950
1497137346
1053200156
1168533158
1525459712
1236135576
1231274235
1174867382
1450907220
1541228054
1241318310
1461653510
1504929874
1366030798
1480644804
1054978782
1451883392
1241138736
1449394352
1243720711
1146593269
1218265682
1384668757
1030609750
1388553282
1452499423
1341246614
1490359937
1081987447
1505087085
1362305851
1012741975
1516955233
1024419802
1420387826
1485138654
1442923877
1422143755
1174877070
1168355937
1481344853
1054653704
1514095284
1024777016
1014733307
1475522058
1480613054
1215670290
1110280553
1038602698
1315235494
1019482122
1164337890
1481771815
1311466939
1024730358
1191713176
1054099993
1502877872
1424693218
1084326913
1502824388
1298003242
1484574249
1073425521
1059357444
1142943132
1536534191
1347736478
1314082405
1542575611
1412321944
1355689730
1170181155
1319663162
1417335517
1472936542
1232997684
1221627524
1286324260
1094698420
1351690517
1230407750
1421303078
1220862442
1305505002
1189850497
1499803400
1473108232
1092517132
1344684960
1149137211
1206705058
1281773245
1381222323
1401463925
1403919844
1308053791
1482941673
1444132797
1126023036
1170719619
1131443177
1235146202
1350174185
1138892348
1235037705
1450151375
1449971888
1425878169
1438859445
1154347868
1481313672
1333881245
1248287247
1437224877
1030505683
1105484160
1135804462
1494892670
1042123193
1380346690
1287819018
1430750089
1207379234
1473605186
1351090967
1019000952
1434059431
1174782238
1089944765
1048718212
1124144800
1094636565
1110107811
1212460903
1485455476
1052148056
1520215943
1215802069
1179280918
1484537132
1233034105
1457466296
1350130880
1207390864
1494043995
1400291082
1339401480
1226681842
1055057898
1424141573
1040423581
1410548568
1236339888
1433015677
1209977925
1530707124
1085618848
1397184918
1346162132
1022705835
1502808780
1126038359
1015103032
1316159921
1165122976
1499003413
1310143907
1433885291
1034579487
1431783251
1362493190
1317460367
1198570782
1472030855
1245210139
1180252818
1243711127
1153777734
1331847566
1438720124
1336041230
1504473752
1160805654
1016317402
1187317423
1326116762
1396148644
1127014684
1211338179
1213130970
1375241957
1207384132
1345275090
1084745908
1286471342
1075972558
1166010301
1233277734
1362910280
1111379840
1466931687
1170208034
1167611937
1437051976
1199248895
1160450371
1356360498
1226560934
1323609923
1308120274
1152607214
1021435210
1224800989
1437604132
1253412512
1449896468
1195664229
1465677464
1312745257
1300594115
1456601299
1513195388
1431829679
1036379133
1100232856
1252638081
1090095595
1471733230
1015055582
1392155628
1343763754
1517586728
1227044953
1391134883
1389967722
1159786012
1084730801
1107557604
1168368594
1208882510
1140541462
1362882370
1473193334
1474342754
1427144053
1501998442
1052751078
1501633388
1148571260
1105696867
1345916534
1057568885
1490897881
1211583463
1263229380
1332748546
1354595769
1472571994
1401799933
1350135081
1253894255
1228663138
1378397338
1264005481
1471734529
1358782936
1483919046
1263996480
1540955588
1384921008
1022655345
1472800489
1427404152
1350413313
1376792910
1445696284
1465800675
1458726523
1181577776
1015059605
1375004323
1445048517
1427154048
1052374912
1472874545
1082477682
1445936701
1129414467
1199645532
1376544465
1322405921
1338259424
1243700950
1124809848
1196527323
1234197163
1490669005
1389652988
1456459788
1490736822
1084765688
1392783509
1376401092
1415347715
1134664400
1160423518
1179881346
1529455932
1218270222
1273263630
1165224530
1472505349
1155132957
1115916295
1396996786
1450395853
1380912480
1179103962
1351672552
1109490180
1139603257
1161554466
1173391994
1220206067
1388702120
1246303232
1450641626
1204567837
1488148884
1485200911
1033723319
1407606419
1478480577
1452792145
1478996688
1355872161
1173337487
1494322677
1478963867
1469575770
1482381361
1412762256
1111394530
1412712785
1478204816
1483035393
