1304682868
1389182410
1406573208
1393509189
1370809044
1454525497
1415967084
1276956774
1205440770
1269290783
1354409501
1277029683
1354159694
1283859742
1343026627
1100069363
1464434331
1425140011
1523617085
1175655195
1426962574
1445016206
1453658751
1473152576
1520629378
1339876774
1463830015
1454442415
1474529267
1475053090
1520561053
1454511874
1474256814
1478098159
1101266258
1145678782
1456403747
1456396082
1466334413
1332845147
1415991169
1356133356
1338656342
1339567956
1394528796
1421638816
1421648767
1447648649
1448811949
1456380650
1453803876
