1355276978
1312111993
913617
1190823616
1154563018
1430804102
1506924441
1176596206
1368490533
1396972434
1255472064
1324723947
1454360940
1316777174
1147875224
1391442852
1097983950
1362290373
1307450236
1312242727
1355282998
1144432784
1346195333
1229267489
1070470629
1391555705
1312863898
1316881306
1300849925
1522744178
1153843405
1454475929
1252599693
1059684874
1415434533
1047182303
1313015124
1330296431
1062651779
1425938071
1312170736
1485164867
1504997730
1238731893
1241555395
1043396506
1154558761
1190614622
1141500532
1225034253
1023613758
1328054994
1075094786
1459646497
1029201325
1510507020
1415342724
1034420339
1094762382
1450342628
1143670051
1328080026
1143840308
1043093252
1029201168
1208051725
1526738152
1457911300
1102393334
1329238306
1524712984
1385083749
1500444966
1523656696
1143658666
1069441026
1432651025
1527823867
1070470578
1493045874
1474645390
1518135986
1463039091
1032697029
1398775036
1159382348
1206807468
1518133949
1340571082
1430308000
1454372908
1046289045
1207329910
1337199575
1337208254
1475081913
1494105558
1457409273
1152380799
1054081065
1172879536
1176995686
1215607942
1269354266
1269366009
1269374024
1269381996
1337167888
1157443275
1072350708
1307404943
1320939885
1337091406
1522302448
1094680227
1098299119
1471433922
1208764724
1285899626
1454500057
1072339899
1097939075
1241565122
1317226097
1453636566
1507361341
1154053919
1207325823
1462366824
1539297900
1043362612
1097925375
1097921783
1207411654
1208877697
1209240621
1278548874
1285900530
1354409758
1442963713
1447488705
1523605267
1209088708
1334990714
1462312810
1482339962
1463000822
1166099375
1340639767
1425089364
1462927011
1045632248
1490031725
1172890855
1297026727
1304379909
1482687847
1337147394
1411782009
1442988325
1550659320
1453624050
1453653297
1459637980
1484468941
1484470116
1461641225
1484541432
1464362766
1473228233
1502837060
1531395099
1533263890
1545071043
1546185622
1546204850
1546215839
1546226225
1546238365
1546246738
1546308309
1546348400
1546358347
1546367999
1546402175
1546410811
1546422280
1546992894
1547237436
1553581636
1346974203
1555536618
1554066766
