1320835774
1026613833
1506598502
1322969125
1452954789
1170448635
1464990200
1085967881
1528324485
1400790343
1103641681
1258501382
1332329693
1472454577
1202250742
1480192494
1366730254
1314953212
1243725407
1148048229
1277030363
1085971727
1333337996
1260435794
1173567689
1498186468
1421742145
1237655220
1483173781
1237744514
1257841924
1393579656
1459253220
1258521726
1258588121
1241257229
1093348550
1091301900
1266798730
1241546702
1239982494
1237636529
1230955665
1241576806
1246638396
1237909423
1237808001
1148041269
1237915995
1241368422
1423819184
1242518251
1241444460
1241397736
1241462603
1242376846
1242416356
1242341900
1237794290
1194540631
1237913109
1307684791
1211533853
1242477138
1000221407
1022577252
1277027676
1134613599
1281447567
1524644498
1002627599
1097972523
1277030928
1000569792
1379485890
1022581118
1217668828
1277020602
1117306080
1134016272
1256506795
1507050032
1241613258
1445092987
1043858397
1500483148
1317283933
1332306015
1512632400
1241522470
1161124801
1179423488
1241329831
1084798873
1084888214
1227690133
1491071580
1311471100
1098308757
1491071572
1239988660
1192478230
1257335445
1220240269
1354269065
1425841128
1427451034
1036006861
1376627532
1413587304
1534556907
1134593955
1239933332
1447380549
1134683903
1161077677
1455662220
1398016758
1413600846
1524589792
1002516987
1319609563
1445071780
1505862474
1160327679
1176982033
1455565370
1174480222
1204396875
1115241691
1158864062
1369703564
1117396320
1295317319
1434337082
1445270176
1447880056
1509609359
1535336796
1393622446
1457152210
1217526166
1427221175
1463221071
1111117527
1177036939
1527035177
1098429943
1428954152
1468663998
1496505185
1091229517
1327827853
1522150769
1535302153
1540327731
1109397899
1338843453
1384927824
1427342653
1432637338
1485553346
1500485125
1274132634
1241604782
1304419591
1328670014
1425959211
1427186487
1453842403
1117392643
1219360708
1339161368
1254546479
1319575139
1397718917
1452879193
1506814109
1507243261
1519044137
1532107400
1538072724
1196621550
1425996655
1512618122
1474350154
1154419767
1275258642
1192686796
1307762373
1392427175
1405829196
1483194476
1520226030
1534565907
1036849900
1117309482
1138711662
1142408909
1227100359
1241426956
1267943746
1302354881
1425983677
1354632401
1373662578
1426025309
1446737749
1480281191
1523455968
1534656335
1379367130
1137248075
1174647778
1181068374
1183923166
1205380908
1220192534
1221844008
1254505875
1338864179
1453796857
1474907141
1485558467
1546418460
1037343475
1067774209
1107130508
1108125644
1134684502
1186894730
1159481330
1191261353
1218432773
1224909194
1295303164
1314231119
1385072248
1084795762
1427314819
1458798561
1512927109
1116891872
1117312080
1242304860
1443455173
1454368298
1460292079
1464009883
1464422126
1116893829
1121491679
1163708156
1224985091
1257654465
1311492542
1330298468
1454317281
1036850355
1116898374
1169198070
1182908282
1396983837
1443452773
1457104580
1084393291
1107152107
1109389207
1113962501
1113970908
1116888362
1116895793
1118917776
1134684335
1134684867
1145408540
1160778148
1173276062
1190450565
1191322757
1205423004
1213179908
1219326524
1220276972
1220327652
1224889751
1238368786
1241063427
1241489179
1254580525
1262938567
1279465458
1305894696
1318801616
1341163157
1383979033
1397835255
1428204078
1450580899
1452974895
1453741284
1453749807
1454073197
1454245749
1454520545
1456335549
1472033167
1493174084
1493173511
1494755228
1509762888
1522057840
1523566942
1523625129
1523647362
1523750755
1545272682
1547174758
1547184852
1547416584
1548712133
1551610159
1551616867
1551620624
1551842105
1552126819
1174432734
1219340262
1118919381
