927422
835967
1187170191
609023
802369
644169
609019
598630
1233281717
1112079964
754114
1474082774
802362
1332506
1332511
802355
1215753210
1189780691
1428800211
629361
552418
1187246677
1462363238
629376
754116
629368
1100733540
1488352358
573072
629359
730451
743821
629371
1332484
1332490
1022025111
743811
1153500336
1532062263
1332488
1518521305
1332494
573069
1424041854
1140093259
1187119052
1480716931
1233256473
1233246799
1467412786
1030026639
1145595387
1510250681
1332497
1233259953
1545085105
1480105234
1545095488
1264715100
1360390706
1458020881
1515958737
1033164309
1233276665
1335799187
1145695409
1214626905
1243840378
1400817653
1438806033
1533760952
1536551511
1237875202
1433875656
1539260546
1134946510
1252610975
1259117195
1304717577
1289275068
1385973844
1464376476
1469909123
1512054379
1034231587
1034781322
1266322541
1236721603
1236758345
1350207574
1364551729
1400856856
1460576580
1234106723
1249113768
1435919484
1494648414
1135511830
1157058911
1214345071
1246886699
1260780483
1353842732
1358163499
1385284011
1430007271
1512390582
1134744524
1145692999
1244983535
1247298969
1247788273
1248027013
1284444998
1318008370
1385266374
1439641818
1480956580
1506830268
1530262560
1530352519
1532317585
1540844835
1547119791
1548005639
1555964989
1556071876
