1130919777
1003988419
1294794952
1003449662
1099219
1214826092
1041273518
1023056097
1417362268
1245394119
1326964007
1021364083
1358724627
1324668642
1010666240
1422510670
1450036233
1412705889
1021588956
1363136465
1356853169
1227355398
1317366238
1141561394
1381812592
1253816031
1101325094
1043344966
1013995531
1317641281
1036760573
1171092126
1045574958
1108898888
1031057933
1162452249
1484508958
1449973274
1477742143
1082720215
1245223254
1074527115
1074146474
1227356146
1487524680
1146715411
1207096741
1408008300
1004569878
1230656480
1407942279
1026463276
1257098580
1005413508
1005762324
1184774680
1063389999
1084774603
1010708725
1473919137
1354747705
1443711153
1408037272
1385018958
1352972736
1336107304
1233202497
1007730199
1177111273
1147199199
1143516562
1474828386
1163623817
1057519282
1095536106
1024381538
1035643099
1204126749
1231327094
1014002770
1219660
1022457261
1317316304
1529464670
1026028404
1080124093
1005043992
1427233719
1038678270
1063402673
1016481571
1050010424
1338053063
1026065235
1033554440
1006019050
1006487222
1064560739
1013996851
1026468028
1079918841
1343199902
1090612924
1011987386
1015308291
1016557549
1018917668
1020019409
1080170837
1019925669
1013994524
1011767397
1030437239
1190791441
1317287121
1019998979
1019329173
1026110253
1030994446
1080974287
1389978177
1026381479
1013022560
1026391648
1026506751
1412041526
1267622547
1007798542
1031027383
1007283121
1007566417
1014704017
1012579994
1013714002
1013744940
1016841884
1432618872
1019993486
1026138067
1030939599
1041913836
1072755949
1177079102
1142758788
1099683234
1476010808
1312107140
1432932373
1257426461
1050010591
1230405517
1033148706
1031052139
1052294318
1230440212
1396721921
1038595385
1273232561
1384039889
1401438992
1411674663
1067169317
1082028806
1212113912
1245159101
1350613475
1379885236
1392444815
1433875692
1012202711
1079833057
1091388028
1268893312
1317332153
1355915279
1392668239
1412550814
1438593063
1463061186
1021001792
1026984005
1050010796
1161970920
1273531834
1459334235
1463080773
1473749528
1536316601
1064184651
1032172727
1354893653
1030328078
1081915653
1164189953
1280581707
1007560280
1011966351
1026456101
1030321838
1421072473
1050010833
1124483938
1187219007
1282735854
1389785431
1411829699
1472332761
1490892666
1014768212
1024999022
1026093638
1026348115
1028234514
1130550086
1131035613
1152703902
1170278358
1179351885
1207623929
1277423521
1317715529
1357412034
1362707563
1364868832
1378533490
1397681481
1401436441
1421064922
1498941227
1006833055
1008516637
1010723532
1030327268
1251303067
1016479990
1026347265
1026425692
1026529425
1093216347
1353143183
1449965193
1459190508
1460356198
1028597206
1031337124
1032277106
1045966712
1227748710
1032175527
1064447500
1149099065
1296852391
1355948391
1401421708
1012572596
1014421461
1026409569
1028231946
1050010546
1096735967
1368960047
1149229239
1307183795
1317638497
1343310133
1343587554
1357480689
1411550061
1450013558
1457094012
1460340886
1525501063
1008214896
1011669265
1011771591
1011966730
1012235041
1432701591
1012726402
1013989124
1014153488
1014467808
1016564196
1026461198
1021887320
1024805325
1026085658
1026104338
1026126806
1435683285
1026421928
1026424872
1026437645
1026475765
1026940237
1027325600
1030363951
1030364388
1037022968
1041905814
1041915385
1048711042
1050010435
1131139533
1141585528
1182390299
1213105126
1231020701
1374851756
1278341456
1298670341
1317719502
1341097987
1365915450
1375341767
1381797376
1415966792
1435330904
1450001701
1542284124
1550019148
1019431644
1013989589
