591728
167970
177431
716417
1043971361
172124
1298027
629354
654330
1298022
652807
1298056
1298010
687934
818136
822663
730462
1467646
802122
1298019
1034235275
654332
1298023
1398791676
1155024875
819271
591726
1132659358
1105807453
724986
724978
157044
1463430
1382401
1337821084
1117328830
1232231669
1136858052
1177039884
1017183285
724983
819264
1004557069
1523504435
1463471
1016561008
1132654455
1234398437
1206538
1185877721
1533713466
672818
1136241337
703480
745235
745244
745231
745239
191682
