1026044959
1014985706
1038752592
1086109429
1016520275
1276121403
1323122101
1489805227
1048735020
1112905660
1180145131
572973
743807
1028694136
1389440263
1058233326
1124581716
1343399635
1084943214
1304253188
1021778813
1497765622
1016682162
1432898681
1020185709
1102294054
1345945645
1060243469
1058101572
1518271854
1111724859
1016286020
1379679628
1388033522
1438802161
1456559308
1433009521
1433531917
1472012341
1486457948
1497813334
1444938363
1309666691
1349460838
1390405478
1554912453
1016683172
