1264730
879778
901104
793004
1233229
1280528
1297836
1518624258
763214
791254
913608
1046328651
1366477340
1460815164
1460825743
1164389415
1461135008
1234130840
1466988352
1500271373
1159017520
1195326443
1199634768
1275139283
1437956
1382043205
1369031143
1300353690
1188413430
1504471043
1351968069
1471374494
1030916258
1159029574
1365434271
1029634103
1427293365
1437965
1035968912
1383242055
1465594140
1455233219
1466354859
1392113036
1462041150
1187198212
1191488107
1392505310
1425288887
1124461544
1284898
1289107
644581
1541980632
