1017541
1189495
672811
549875
559007
1106530
559031
550180
652816
616378
743829
312609
549876
1260828
1467576
791306
672585
1319050
1184016
1297507
1319040
582749
1457438057
289432
1165161
1460849018
1184014
1463430
1406838265
1011537011
1100936880
582764
1198190
1505734948
1066350863
1297511
1184010
1218041732
1446417838
549873
1319048
1100936811
1011539681
1232388259
195800
1262618196
1432871626
1463471
1481733635
1432855358
1432860159
1521275080
1165160
559005
1177036179
1177100403
1097084734
1177071992
356828
356832
356833
632580
378526
550164
533481
356830
567803
806140
