1115497397
1510731760
1467564
1467565
1467648
1436342015
1321155911
1359983046
1389808835
1203757619
1445615739
1033306084
1182632712
1069461325
1087687961
1436329790
1436315588
1398844820
1392583246
1087688693
1180409229
1358189439
1248527913
1087686474
1154003850
1313599528
1391279739
1406650052
1523787662
1369652536
1506037694
1030391211
1294330638
1475564495
1074471006
1036648753
1312526128
1475543586
1475570443
1171124212
1187178738
1239866520
1287722771
1287723290
1288010041
1445071545
1445076206
1451330756
1467218142
1509151043
1509187500
1150539079
1150960718
1528814020
1548505816
1556223048
