1510408290
1428900151
1528159915
1428933146
1368954700
1496062262
879762
972890
1332609784
1351553102
1369228023
1428904389
1466342807
1279662135
1511566136
1520520036
1378116323
1427436117
1024965
1509762509
1334989436
1508446966
1216308733
1428942508
1358285846
1215516969
1216331900
1428798
1455452463
598655
1015321650
1205724515
1084955903
1428886015
1095746065
1095764096
1507487625
1180153421
1227418823
1100389271
1427375242
1186786624
1216600924
1216379636
1192600552
1192601468
1204394882
1221965387
1418968432
1441368605
1441363843
1488577230
1379462820
1428938679
1129960597
1442943803
1470005947
1412478610
1434674678
1481542229
1520526936
1352470130
1428874700
1488524495
1443587042
1173459600
1182958450
1422428986
1481513194
1485152757
1485164397
1526535797
1113214040
1166907723
1192325687
1441349874
1503894486
1526973218
1540006071
1540034714
1437468031
1480613074
1520535488
1096226807
1295375516
1296178705
1295298172
1537172707
1520512077
1202794406
1295264139
1285470032
1489716129
1038553048
1150545017
1163691761
1165811315
1167411458
1189479784
1202824886
1202855990
1204418956
1204431302
1225013721
1252431754
1274994691
1283994583
1315393846
1321373307
1325203892
1330142983
1331209344
1383795567
1434446009
1437338890
1443451113
1480679761
1485201628
1511765573
1530520440
1550727435
1552626011
