856217
672797
835961
1241494073
1318374023
835960
142549
871081
871078
774510
935672
573048
676188
1433801663
835959
1374756619
186675
871069
186677
972893
573054
1191687
1123736
1217451114
1448250114
871077
1159248
802346
1309004524
1186343449
372440
162410
879726
730431
1162099
871076
1014753
1293220
652867
573064
676191
871072
1086148835
1218856055
669609
1332414
676190
854752
1335685
1132607137
1241002816
822670
1099122378
1309046799
573053
856231
1329794907
856228
730428
1293223
692504
676204
500214
692509
1079888576
1309078666
1131948
802350
913654
856242
1335686
774508
879732
856221
1427112296
536966
879739
652901
644186
652864
644187
609032
1247216993
652821
1163744237
644192
856201
730412
609024
856220
730443
856226
753184
344466
856240
1513561951
716560
879746
913595
536960
676192
692475
1162105
142540
767114
271554
774511
913653
676193
716555
1159249
652859
652872
609028
927426
716434
1474327632
791278
871380
871397
692489
854753
1110795252
1178362350
754119
652856
692456
871378
716501
716551
871383
695997
854754
791282
753186
573050
871393
871385
871395
871398
871377
871392
644673
871382
1302929275
1399817016
1397349367
1484202917
1161165165
1090674645
1419600470
1309912109
1514316872
1288023531
1375378108
1392600905
1393434222
1388973361
1543301544
1443050178
1180200101
1153813935
1185512374
1025966759
1137761762
1221003289
1494284040
1437245
1178383567
1227641775
1241038991
1302924136
1309906407
1370737471
1437878
1293493492
1489668489
1164478836
1073880879
1384018077
1437893
1512584378
1236188997
1352085415
1496273387
1437844
1531536339
1437879
1247871546
1343075875
1428854282
1244384589
1268841431
716540
1368542001
1394373198
1410925068
1433589026
1486107758
1333981783
1444420385
1230442778
1085879526
1225010467
1437518
1276926622
1314984390
1360947121
1521064667
1437870
1164466187
1207843703
1219181727
1318375053
1334768592
1427295142
1501963027
1238030510
1182637164
1330099875
1351967102
1452784557
1484960722
1494193566
1523585781
791300
1437923
1024300488
1174865574
1245227362
1275838912
1353093963
1371982679
1378335318
1454169230
1463870877
1499815362
1517910535
1523325093
1388655557
1422526863
1444935079
1444949200
1437251
1060184982
1327180212
1398472201
1425098919
1429090375
1433473850
1467472371
1499805067
1505995172
1521603721
1531019356
1533023512
1102220970
1107338758
1284605999
1351968032
1445421716
1489172912
1492732231
1498955754
1506267461
1530612139
1532332157
1437317
1102274681
1102601405
1106523696
1107337821
1139127316
1245129802
1253990104
1311351303
1317027561
1337415206
1401402025
1441125569
1469501586
1534526523
1206379
1437283
1024360736
1025400311
1107082852
1107293944
1153819312
1181292328
1218970612
1286419194
1341111514
1346424233
1384176683
1412453027
1413043857
1467049724
1489724490
1542724244
1543344151
1436928
1040244635
1116673612
1163792684
1534482286
1359766380
1441126287
1456383749
1510503093
1107258518
1429219899
1540341711
1437309
1133698707
1354569400
1364231464
1380199899
1506533605
1496212354
1538710389
871387
1437942
1054807798
1162153499
1188592679
1214178070
1294735149
1306066599
1332850706
1332855370
1335777081
1379724464
1380140170
1380877319
1394367840
1422110794
1429093819
1452976806
1457682943
1483085400
1500512776
1521435474
1536630973
1548064663
1550860817
1552074610
1552114772
1555184634
1185509392
1242620
574818
1556273294
1556283741
