1042767393
1398650237
1263607765
1070895038
1032997134
1037048385
791285
1271778802
1288802370
1446762768
1032303
1486864018
1439225086
1114634033
1416021338
1516479628
1028354794
1015159073
1028503223
1386270850
1042755874
1457935179
1208906
1486686845
1382438522
1024931038
1024787506
1161211304
1212577982
1099322
1467565
1181148922
1467648
1262931240
1259463312
1383245350
1288843927
1029826009
1186143909
1266722174
1081197933
1195324952
1325430909
1463764725
1142803549
1024923432
1165773792
1247830305
1449177639
1256090323
1494990663
1215921380
785847
1422130872
1115742903
1149091407
1287813021
1057727729
1028363850
1334772385
1024925020
1114626922
1071126167
1173602651
1099326
1453669092
1227606597
1020716479
1323047794
1366003598
1276394794
1463834870
1098328267
1514981428
1443672516
1020113905
1446611348
1076067495
1018478972
574813
1025033996
1115837879
1506004031
1475512306
1048929651
1324512983
1184883434
1445993613
1021985280
574811
1099309
1177845
1465284029
1118609712
1213381495
1438790860
1225476890
1383188566
1279301447
1398700349
1025026349
1115798536
1059629501
1084735623
1028362874
1263337623
1445479621
1068679290
1368163479
1234442249
1514997372
1012922619
1043180386
1076063248
1355840013
1252312898
1120486986
1221964759
1003645560
1282291441
1463606456
1115825326
1324515005
1082806453
1373108101
1057014013
1028365038
1000221284
1048267072
1026656988
1401489428
1063522608
1036518667
1262947713
1026592884
1025036696
1115845334
1313370914
1389938825
1003806991
1134758549
1159520712
1475584607
1071338187
1143218310
1136673566
1199187067
1290823755
1000242971
1144492618
1031955385
1115718984
1036521682
1263593223
1324520467
1134750437
1186925588
1202310650
1268858261
1356341744
1409068518
1447692713
1394233729
1445923513
1334791739
1025036923
1115779154
1453531505
1228646142
1478971020
1490849037
1088139249
1015544330
1225559693
1470213726
1264575726
1448453115
1484953964
1072458804
1162024206
1025035552
1115813710
1453520034
1438831342
1466545845
1513811564
1276384804
1478585512
1046500032
1012899143
1028353169
1077263543
1024929937
1115770586
1416277737
1433931567
1442823542
1030620699
1175067103
1359154054
1232980258
1273550497
1293445374
1438920279
1025038124
1115709674
1015120772
1433959499
1454135878
1048924601
1071109812
1082957915
1141785002
1378875682
1229005013
1438987727
1029202412
1115686707
1398222664
1424786942
1467974252
1462904683
1263310932
1463837057
1416588827
1048913638
1324517619
1345023290
1024926750
1115850130
1229022343
1362982374
1448762924
1096284949
1048070067
1468030507
1462903515
1107938701
1208721055
1214486179
1029203203
1115855339
1229807864
1015113549
1463023098
1253780514
1287466454
1442827554
1024925367
1449254123
1497687131
1502392016
1503892911
1037502434
1289047357
1161851123
1025034287
1355876198
1365266618
1398897245
1419294766
1453537766
1519065886
1028369926
1031954497
1030390259
1115694218
1459042710
1322994949
1466532352
1495245952
1504874701
1024929387
1514917486
1028362030
1117288440
1218913824
1259508396
1275910630
1416229763
1025040432
1481191933
1509683723
1462908186
1225618215
1315371487
1293436957
1259502845
1031953920
1319349230
1397095919
1443621253
1465285443
1479290896
1012905504
1024476548
1077415928
1048915707
1442865034
1451286163
1029203186
1025029268
1025039876
1024925639
1012910462
1260678605
1012920528
1015115211
1186252307
1237786707
1024930626
1025031180
1309865721
1315292402
1344577022
1385223774
1406979815
1411054001
1252480369
1433952221
1279236288
1421592787
1442867489
1475942910
1504970178
1340348942
1115702401
1134741688
1155097169
1158154639
1259512991
1252476533
1315229558
1378191550
1394774088
1442844264
1115806729
1329331258
1331086917
1403020569
1442854168
1446792398
1457899755
1504915955
1508981844
1144534226
1174012733
1198319247
1253925130
1509084507
1270233151
1501876576
1514947041
1462910508
1111384528
1138892910
1202518029
1229009925
1240589285
1259487161
1279308302
1305942643
1413567021
1438818430
1442812059
1442825897
1453540907
1466529859
1466543591
1475922283
1497393624
1497841127
1501272515
1137568313
1154712018
1171436784
1361101259
1238691349
1001759747
1012895082
1012904941
1031177765
1144508258
1037495677
1048926993
1048932659
1048935847
1053381120
1074515938
1462901093
1462905757
1462901795
1134738086
1172724216
1173394203
1175052585
1181103380
1186260605
1186266129
1194457823
1206614110
1229014014
1253712627
1259509794
1259510523
1252465125
1252484847
1273605594
1274328396
1275940693
1275999983
1277953356
1293361976
1315484834
1330161818
1343125635
1343467552
1349573730
1353264736
1356330482
1356360044
1356380578
1360538426
1369050250
1371958564
1378178886
1378399639
1380160009
1380396299
1381244162
1381733016
1385020071
1385251818
1385277147
1388807603
1388916760
1389106410
1389742186
1405075147
1398641207
1407082146
1430272681
1433758360
1438839149
1438865004
1438880783
1439069441
1449190833
1454064513
1454161764
1466339184
1466343367
1472668736
1479068427
1484058203
1489254957
1497677435
1497854810
1504869603
1501257255
1506857100
1508091546
1514930580
1518900722
1026596025
1227693681
1343197253
1030771498
1069442034
1213717918
1026695232
1133203241
1297819
1297818
1133707216
1157075677
785830
1531559347
1537310363
1543481047
1548154300
1550524105
1550545047
1550567340
1550842207
1550942478
1552106398
1552132542
1552886785
1553225100
1554243481
1556280821
1101655
1027537049
1407908212
1457906770
1362280585
1482599603
1330919
1330914
