1159177
1464471077
1059937319
1255274
1322248
1411718252
1443757042
1463374
1040982720
1463375
1332478
1092215464
1289111
1229035426
1463380
1229194025
1260830
1463382
1345233
1463383
1234525775
1375280
1422992328
1393648207
1463455
1463470
1518727343
1229211385
1012926538
1003496929
1464434492
1489410660
1348648680
1463391
1463386
1167646655
1241048119
1473256662
1473248629
1463384
1498913184
1438906982
1497824420
1499169076
1463381
1339439472
1344302894
1476157802
1085486061
1524834108
1182434026
1503565728
1332470
1157155132
1073783632
1432793446
1442957293
1480654561
1501899290
1529764080
1445618416
1455621088
1503275599
1125073756
1442932865
1254008428
1338015577
1433004766
1518667220
1526490782
