1250429509
1295222486
1308653950
1440836819
1379726037
913617
1314223175
1205852085
1313366412
1459269455
1309994451
1419425317
1384520863
1076828426
1467615265
1185644818
1333815632
1074444309
1233176555
1296313974
1474674580
1311023520
1395324845
1051676299
1428925475
1444836283
1356941874
1074443159
1384722388
1406874546
1017318164
1333836540
1333777157
1473227950
1240512606
1057997260
1028496890
1392127633
1450262724
1104247897
1400427518
1532022093
1351037500
1384708922
1434568279
1540017630
1424619851
1543289847
1160451199
1450297880
1074443104
1477007303
1021882433
1446913146
1034315759
1284517974
1516940914
1536620193
1234459618
1522682596
1474651707
1353404909
1480387534
1028145971
1450287403
1540941809
1233439767
1331527052
1199890370
1450337748
1271211116
1036031829
1184338992
1206998998
1384691205
1522938802
1225070309
1313184879
1400398915
1424640403
1190774209
1034621804
1210638608
1226424503
1384105891
1397728950
1449928341
1450326176
1517038314
1522657832
1034878279
1353351439
1419414186
1424631765
1489490309
1164242753
1107439392
1548318594
1384725087
1450279982
1548333230
1552604160
1555540110
