900391
927422
835967
700701
944305
1058835
609023
1099438
1372927908
802369
1155162
1479081143
644169
1284898
609019
1178197765
1246481842
1466172634
1099439
1242123
1256933
598630
944462
1152447855
1359928
1147317
1176837
1198152
1017859
1189515
1477601749
791255
754114
1289107
1334522546
1023615792
1176874
1158106273
1176846
802362
1085526915
1460851396
1289142025
1338915
1032040399
1332506
1095577283
1332511
1111855279
1198155
802355
1312567
1012927223
1198151
1399173339
1242128
1042672073
629361
1456601424
1275043716
878326
552418
1212881
1156964668
1143882
1434338011
1299728814
1347639982
1151049497
1445800816
1199721081
629376
1015857355
1307238405
754116
1019901703
1019907864
1299822048
1149263
629368
1020523578
1077625290
791304
1247007955
1212478386
1004028064
1248263890
1264777718
1019907224
1154635186
1146852791
1028193222
1264591721
1264579024
1432885826
1089187872
1410565236
1051726488
1446462689
1259164236
1335525611
1038562092
1030717295
1481837583
573072
629359
1069554204
1298711362
1143439286
1044728745
1209522836
1232863220
1479119893
730451
1127484845
1480378437
1198141
743821
629371
1376399
1145143292
1019904468
1013377374
1158100391
1484708718
1493000508
1335749414
1231995698
1029895166
1020315456
1332475
1435837271
1109995
1269125241
1399603466
1472585753
1496799277
1111906094
1017172774
1120707530
1019981532
1110011
1332484
1004038046
1004023191
1047516398
1024994990
1260837
1463766173
1463778741
1279877624
1338830468
1353518139
1332490
1375287145
1369787523
1031917902
1484730225
1016563477
629362
1526698801
1378895296
1016634593
1471347210
1100786175
1197336330
1036258230
1008149701
1037012485
1354497370
1013378238
1315353914
1349481
1250596183
1099729122
743811
1534927551
1484879389
1157886083
1022965973
1264612248
1159171147
1159163443
1159160809
1013375935
1304681277
1025528072
1006356057
1013377140
1019909080
1092224648
1481680871
1332488
1295507527
1320358975
1022712522
1042981503
1062690576
1022968652
1059557496
1332494
573069
1101318743
1149455282
1019981633
1388002669
1022322137
1043114484
1070144436
1054126963
1155052716
1090530560
1158094401
1003805478
1012912480
1244658635
1011153694
1024563443
1132048025
1397693416
1019913566
1038542061
1191369910
1377354689
1032367879
1011543522
1023686347
1022215081
1004721552
1015108763
1260865501
1083656310
1151044532
1431972802
1329224411
1019980839
1282556262
819265
1332497
1529715757
1257170841
1329088503
1524060478
1492735491
1160434225
1454114202
1465544791
1462836718
1022944096
1297660884
1535156909
1276793513
1484537869
1208795
1143713695
1482333608
1260802690
1213729468
1470513849
1475384334
1483166422
1064118739
1087196504
1184769049
1331396751
1266330385
1166898719
1211892436
1522561938
1536500750
1257786113
1447551873
1458475893
1519342125
1153736156
1314993100
1276087407
1309158638
1380642494
1421339529
1457945942
1459771489
1481419390
1484369446
1492932190
1513088646
1513220102
1520346073
1017345582
1023117460
1049552825
1086090344
1258813104
1331338133
1337248686
1482615287
1526356742
1198473353
1217869664
1198484025
1400678455
1416201127
1456720277
1497826176
1208801
1033369139
1144396943
1238872763
1459767954
1459775909
1481853113
1484514874
1488012403
1032274
1012211371
1096215310
1015168198
1022942745
1023415018
1049552857
1125888089
1144654238
1170378225
1241725125
1264583321
1266342096
1439391806
1466216091
1481605905
1484809281
1520609166
1523104049
1531351527
1531372715
1532000998
1025902278
1006525222
1031916644
1300658581
1531667288
1508584015
1004156149
1087400017
1112057795
1160595784
1178445147
1314989333
1211887300
1256194920
1291740428
1300147565
1319364519
1323154800
1334965984
1356908145
1391473133
1391733389
1422089814
1430319594
1461077150
1505760426
1507950884
1530752584
1539016910
1104211943
1015122189
1019912610
1049552916
1057723791
1083457128
1137681689
1144586566
1144834567
1170422721
1175083341
1198480744
1198449787
1198446404
1281233279
1282450030
1341132185
1387361241
1388363281
1425616869
1525412319
1460982223
1461072005
1476355673
1484041683
1496923424
1497796381
1500671639
1513107200
1513126064
1546287923
1526797231
1531343187
1547831805
1547967023
1548754541
1548907247
1550879002
1551843486
1553376902
1553469616
1018159711
1023342829
1335723941
1555668602
1556378483
