901104
879774
1473273099
1316288174
1460953918
1467403559
1184278660
1192325632
1297836
1478268906
1247786515
1397602648
1283933238
1179093581
1453377535
1453453318
1155229484
1231297517
1084471461
1445652394
1190753700
1498851324
1231463475
1312820130
1482696062
1495677000
1288844773
1156148621
1056869791
1522745967
1486419925
1327358835
1197958688
1109348306
1449176816
1252290524
1434274545
1524887009
1336834118
1323167813
1148549790
1188237750
1028034965
1235506450
1066363793
1307071364
1369578873
1435802991
1273547831
1180943430
1246968564
1477623112
1017696368
1334618583
1498847070
1488768000
1049002680
1424875958
1318056150
1035725088
1514769912
1396196781
1366647459
1333043424
1307158804
1063922051
1266662373
1187922681
1308649867
1058134573
1155236045
1499134507
1224418552
1235463626
1280987993
1464301376
1145893330
1465728435
1096474571
1475119397
1300064935
1335950448
1384839234
1031574266
1361815021
1066390022
1037033615
1172313787
1016504378
1327287366
1468647449
1060295757
1218286562
1334638337
1322992874
1467377642
1100344963
1465723785
1498623542
1195464022
1259671184
1291840661
1488876654
1300491635
1361809609
1280849824
1465593566
1472919830
1495787591
1431872573
1458003551
1354234535
1368094570
1380723089
1385083297
1431865805
1156113954
1465722045
1016351013
1284065763
1088624813
1100375859
1476254201
1356909189
1397135562
1477745055
1188236064
1314420276
1378975656
1477545561
1488821920
1528285751
1451673011
1317485285
1421461182
1435593779
1494622368
1472730727
1478116592
1478825736
1507566750
1513586460
1204384805
1336222561
1461557459
1502421458
1037510253
1075988572
1098738101
1145859044
1188232930
1221526703
1363284673
1499273627
1376887312
1379609828
1398220235
1438812760
1463777700
1478963190
1508124945
1106379743
1304853908
1429696290
1438557032
1432833219
1434679937
1076051100
1323086446
1452151375
1379896390
1461526069
1088674239
1469473466
1472953563
1477634102
1479396179
1488720029
1502470776
1521849958
1334120493
1515111617
1175038041
1362900414
1238031818
1380650582
1383961231
1446033377
1477687157
1499824550
1503891590
1508429428
1335043084
1509218989
1273568474
1295300562
1332977425
1397883275
1447415086
1504945352
1469449778
1474391957
1477871215
1525774080
1335083974
1204496619
1451707441
1499348777
1327944606
1353211489
1353578253
1400983236
1380226561
1385211657
1398864472
1400581671
1339897306
1446428211
1451914911
1461485906
1468773871
1353209394
1470289774
1499943151
1507525204
1037519583
1150794699
1161175318
1185948450
1336922339
1379264466
1384656447
1397087803
1445398573
1435605590
1443671178
1453457416
1350724044
1473686321
1477868121
1337568492
1373294673
1451307284
1496931991
1499812813
1499926793
1504918221
1339963869
1502330875
1516860579
1519356315
1524808706
1285473000
1037095762
1402093497
1460573728
1384818484
1294692413
1229042779
1378501192
1418944247
1331102674
1188234977
1445566856
1427620210
1426903763
1451325174
1453444224
1335248998
1453723158
1458894550
1460658869
1468849443
1491920834
1217573872
1335473824
1161154792
1451711650
1273542182
1329533893
1446016719
1475535008
1329655240
1451595320
1508460711
1499267902
1446690038
1433959436
1455484034
1468710235
1469398652
1329657253
1476704065
1477701019
1485394926
1499091698
1490585623
1145592858
1453532348
1463636730
1476198025
1330407255
1464012694
1421607748
1338629733
1479633635
1026338284
1145680067
1339044932
1188226046
1312773361
1170392568
1470961476
1254480098
1309105886
1317049423
1384634836
1356910231
1377947080
1378164707
1378899359
1384999581
1391461924
1397058938
1399725482
1433023684
1453442381
1459944813
1460896470
1474065034
1475117287
1475665428
1485689678
1502067503
1502181645
1521548520
1525409907
1037102776
1136112481
1188227575
1176801425
1187124243
1266589137
1206173680
1208111499
1451613534
1229378953
1284402744
1290872312
1301095276
1308195027
1315187872
1319208224
1329926039
1330018993
1330067820
1330406761
1331158965
1334897312
1335234819
1336059255
1336103270
1336108709
1337447905
1337984859
1338358812
1338588837
1339865751
1339971026
1342700319
1351656638
1352627781
1354037583
1363294309
1363290791
1376655190
1377396703
1377925258
1383909520
1388990187
1390094289
1391339527
1392461368
1396983804
1399007587
1400047667
1401190378
1405707263
1412219052
1412813960
1420674033
1418956807
1424177218
1424626592
1428134367
1443649053
1470994533
1446020185
1451284304
1452782941
1453444001
1453089323
1460690969
1468659233
1469427526
1475381862
1476204671
1477521051
1477570900
1479407039
1481582225
1481607360
1489836765
1499270219
1499915682
1502025177
1502605780
1502664798
1503766316
1507648124
1508101026
1519814109
1521300405
1155239452
1221548005
1470451782
1262367216
1529680513
1530189641
1530273280
1530297997
1548985398
1530782699
1531203765
1531728950
1532596611
1532656690
1534567158
1534766110
1535088436
1536087139
1536231623
1537534379
1539414233
1539421886
1539432249
1539444577
1544032816
1544373347
1554652132
1545231566
1545247727
1546078902
1547197228
1547625386
1548114496
1551739835
1555008298
1555160221
1556147324
1556416653
