387017
608988
387011
856196
1426060468
730387
591662
1309749525
1418877859
598696
1110299180
879762
835963
791301
1024965
672533
749057
598649
598655
672540
743796
1534814462
785748
1224101236
1436965
703439
1198401556
1115396862
1223182924
1536861350
1443017923
1437001
1364667805
1529776805
1224068707
1424224358
1442987711
785745
1384517674
1388988634
1390165590
1392981999
1424215182
1426073217
1442930266
1469892157
1486867877
1499106639
1515504122
1550778119
1550783304
1550783683
1550854890
1550858839
1551325635
785746
