927422
835967
700701
944305
609023
802369
1099448
644169
609019
1256933
598630
1320358986
1198152
944453
754114
1347548044
1287650873
1315404331
1176846
802362
1434250763
1338915
1451299386
1478181634
1111933767
1448079249
1332506
1332511
1198155
802355
1269057805
1013544949
1506395677
1316524485
1198151
1275889492
1392271072
1242128
629361
1352592511
552418
1212881
1143882
1063250512
1445204080
1234771059
1332320424
1064478843
1234750726
1202383333
1376812116
629376
754116
1334409613
1453412662
629368
1127128881
1234774461
791304
1232912821
1310967631
1020293211
1030639305
1006231211
1091557641
1071779041
1375123643
1022189543
1329097456
1486898678
1230517001
1071071682
1244034082
1434538572
1332272998
1224548531
1235604169
573072
1255024961
1326580747
1332305835
1435640794
1176603910
629359
1376756598
1435227722
1246491734
1046208586
1385738891
1445862770
1476320886
1340381249
1106705311
1512350521
730451
1198141
743821
629371
1376399
1074604754
1278085790
1332475
1113077153
1474204511
1086112557
1002608254
1154440671
1109995
1420291204
1332484
1445184380
1160311577
1034751730
1318343416
1227884940
1034635423
1456868308
1456055024
1181043227
1033846629
1376365593
1182333178
1242892623
1443887434
1332490
1031987552
1192967692
1373410533
1023538677
1503053235
629362
1154450130
1426057519
1456836071
1431880543
1525848871
1379476513
1340058439
1308313311
1349481
1244025364
1182724226
743811
1243049862
1516984846
1477833714
1086716568
1183984180
1332488
1438803193
1084873618
1149537864
1332494
1076679446
1282473278
573069
1018762552
1157240372
1000424181
1110732148
1172981696
1329739292
1012300592
1288072850
1085417107
1435294266
1012214935
1126892429
1054989923
1075221374
1257335731
1391513825
1116453124
1159120538
1394906885
1027515135
1241470320
1255039754
1432691288
1315404148
1394641132
1349218634
1526419923
1027516914
1060169476
1214430632
1026572642
1434267849
1295266818
1117291094
1262495725
1015985835
1018766582
1034849009
1334986271
819265
1332497
1084835187
1545208935
1268905785
1480497528
1495710053
1115772036
1317392121
1369582248
1525376930
1230506915
1376663303
1451595135
1018760391
1086716587
1247330128
1424215091
1463646860
1476161180
1531568686
1343120612
1435468025
1332374717
1060188508
1252854728
1369505273
1468707252
1153716724
1234766466
1337141101
1456411987
1485284952
1497677437
1271360214
1273600815
1444354565
1466478623
1541954652
1369578891
1434481381
1509452205
1049239357
1111216623
1339512824
1371816376
1434412258
1116387944
1347992669
1418231622
1495670574
1030721116
1062951448
1097140967
1111718218
1114115387
1234760279
1350258164
1369585498
1397070231
1409639368
1439312905
1471289426
1477168926
1513651814
1042449510
1069634401
1251354073
1107380707
1116643054
1172986253
1174840230
1226215077
1227920087
1248181511
1347573983
1380881445
1493797328
1529815333
1546354949
1435257556
1447654676
1471553416
1255060717
1435523098
1447703583
1505878947
1019653775
1243102578
1026653045
1034833127
1348469598
1505849810
1518944706
1053888843
1149822270
1227927016
1234732708
1236658892
1335975350
1397143611
1397940558
1418260594
1447660331
1464033404
1475437883
1485437627
1497927093
1505862121
1036159571
1054174376
1086030828
1086604417
1158154439
1177224522
1191467730
1199722751
1202233770
1234753426
1244404757
1267621839
1304717317
1307151601
1393719697
1447661081
1454634349
1456386297
1481591796
1460086677
1471214648
1500131298
1505835446
1505857934
1505871188
1505887621
1506107393
1530247557
1553398121
1546537940
1556161898
