1126927582
1456559427
1087284757
1099251
1350056543
1201899475
1080227093
1079182670
1215835
1102344047
1252686194
1082978238
1004275881
1178605280
1169703854
1111327027
1450417079
1027526502
1466782285
1287300060
1111328356
1237997217
1232356
1099203
1111311437
1221835408
1190875525
1514352205
1127612426
1503770647
1065572487
1444032547
1380497703
1052279596
1381565530
1412747455
1111329337
1439071035
1194144142
1336180889
1104083261
1336240569
1164773248
1018931282
1036935055
1029078246
1054542033
1101001847
1064651565
1456564803
1030292942
1365968092
1182353100
1182779817
1185882988
1412779502
1376378827
1416209642
1010752491
1002386166
1271582310
1195359059
1031505560
772348
1086952446
1271905048
1036762245
1113019414
1022780934
1134391164
1438586243
1111325344
1481884028
1381542403
1050329231
1215834
1179338383
1458342714
1231354
1164027533
1186461312
1426889360
1206931934
1065571307
1235625146
1384045815
1474066050
1439044944
1055098653
1232365
1029911593
1158810692
1215828
1032265276
1131324701
1403000220
1385524372
1050338397
1499546676
1023348640
1099201
1026070674
1022032244
1179373011
1401944582
1040465354
1182821489
1154581000
1010738784
1018476704
1025656047
1316174043
1035612662
1028612136
1002556563
1421434206
1517997563
1359151561
1356114223
1463798475
1184636084
1187112360
1518000301
1517993572
1517997895
1518038175
1215845
1013642777
1446791505
1037319927
1430860976
1202428263
1396188616
1333162212
1207042454
1366628332
1082413377
1543255283
1417283272
1143804
1139183518
1257049409
1380862445
1353217075
1451588505
1385095334
1389967691
1145556297
1154328434
1312819921
1473656086
1334632773
1076897695
1141870787
1446640559
1026265936
1384992408
1351833417
1173896533
1181412793
1302761858
1141751959
1198188
1184272442
1457624549
1482239053
1446489814
1524885936
1023963337
1475773577
1490779604
1430945135
1026124741
1166952757
1129052108
1024301450
1504719464
1427023674
1178252547
1161170805
1036725415
1026144011
1110785707
1030956364
1247948841
1215851
1298033130
1054741759
1458364534
1497300112
1068674868
1055089587
1267714558
1231264919
1420095000
1426075530
1149861940
1219294691
1036914887
1046791895
1478825610
1478830865
1089425252
1032257710
1071724675
1074051538
1086954164
1343208136
1185139309
1445556213
1026677036
1035643645
1074237290
1473728908
1003885305
1046223045
1077104258
1091055094
1174743421
1177082500
1356189361
1421037177
1011205909
1017647228
1083716425
1026382403
1037137785
1037581879
1038570457
1050010879
1050010919
1056378183
1056045462
1056132997
1163992853
1380660936
1504429774
1533701671
1026122913
1036919917
1444975627
1536472920
1010723577
1036759764
1030427129
1037068541
1050010871
1065789662
1081083083
1398630655
1462297768
1027800498
1407112629
1076399234
1155277617
1182854043
1011790727
1007402820
1027144897
1161320665
1017959898
1074230302
1031569594
1066390612
1378418200
1004158925
1026379522
1011675569
1011767482
1013630350
1405124666
1026020990
1026133650
1026388432
1026408315
1420965233
1030316802
1041910632
1531595371
1070521988
1130527536
1302774391
1446762557
1450252914
1005741681
1084879298
1392129683
1496387936
1017522861
1451970846
1474228977
1162385746
1245135746
1543287960
1289014013
1353632939
1398652310
1459929521
1506261470
1013992821
1536494716
1107984618
1445630105
1132675952
1086809881
1179876726
1253704650
1366666940
1380718010
1420002726
1054909177
1108236840
1251097744
1495609663
1483898496
1321389639
1412666339
1473844998
1045977032
1052270974
1132298508
1541752445
1506335608
1354479789
1398933284
1444895610
1458362411
1463645735
1509508582
1517768605
1526754346
1546089990
1113010090
1304514503
1355831062
1449604984
1445916792
1063951484
1260621111
1282573389
1450237929
1504509084
1227744692
1014775381
1076135244
1026046554
1032257069
1083202627
1055089856
1074994922
1144674073
1231295454
1235705203
1242445233
1278389870
1364880948
1419616855
1445684279
1458478702
1472335483
1494898618
1536502912
1541283896
1013909395
1016477899
1025120319
1026528707
1046165771
1532003753
1076470833
1078046236
1085984890
1111298841
1130047671
1145246402
1343596477
1350598132
1352967467
1361175022
1400546333
1400612310
1412807052
1501752019
1006579001
1008282383
1038587580
1080488251
1171573058
1354794247
1375239854
1411661138
1443410008
1501784708
1481192983
1496354469
1020974640
1054319357
1074638322
1127428373
1130023503
1177069077
1228314379
1287819007
1479385468
1509529667
1016738678
1031003272
1064275247
1032266476
1047052325
1052374873
1082037631
1115571851
1136161087
1149139566
1192151305
1230390343
1269096067
1355899628
1300461938
1392081955
1465502195
1475907766
1002675504
1013740252
1026380033
1026531863
1466016177
1028236571
1037086209
1435524468
1190876866
1449098877
1380869737
1111330864
1111309225
1138973256
1159535141
1408187046
1459231421
1460154413
1476157041
1496406351
1011680493
1007405654
1010725278
1014404721
1019160579
1020974291
1026134338
1026385236
1030980441
1050010687
1075997268
1195446954
1475065861
1337021632
1392416189
1412459985
1455609553
1458341511
1463016400
1483752852
1490901187
1490921605
1503973055
1026061536
1435596473
1026717982
1048701327
1070080510
1086950489
1130031648
1176684002
1228330977
1330593673
1383404478
1416311466
1444991336
1450007730
1470606398
1481581645
1485403001
1506149409
1047438257
1055090245
1075997627
1179354389
1182418507
1522324153
1031337541
1115561235
1332815806
1492128348
1023795509
1025108058
1026045411
1026123787
1026134993
1026434675
