1442857973
1161851216
1351967163
1359931723
1174424956
1543399785
1207992391
1299982768
1181004751
1332478
1485732692
1289111
1289286502
1327452862
1313927459
1116722748
1133290047
1214725233
1412876614
1289754378
1355876180
1376915518
1394755700
1394574355
1484439384
1132614076
1463455
1463470
1266320856
1489710670
1355903935
1531857219
1463391
1463386
1248538825
1097854474
1463384
1221952475
1528380620
1508984588
1152112689
1113898472
1375296856
1287814809
1351967810
1189267515
1097187055
1389707341
1398829662
1269328664
1166547840
1102275175
1263901175
1468876060
1485964029
1202814613
1332470
1389699837
1388922423
1104965223
1221076622
1296494425
1464299809
1296500459
1348326883
1542538466
1266316938
1293430294
1456707439
1273676825
1452832083
1452948720
1517719474
1108444924
1462333899
1171210096
1415755033
1529368926
1389704385
1389676672
1393074766
1485962635
1517699026
1102476623
1327331993
1503661519
1461663890
1312930575
1211574348
1252434400
1188608396
1089871993
1108394391
1155193516
1287737080
1189194748
1198742625
1198751774
1198754907
1198773200
1198785321
1245181357
1267423121
1281763509
1317243208
1338351565
1338510283
1350598918
1378440005
1443641308
1464243587
1464244445
1485954424
1509444130
1542568225
1547550312
1547540467
1195348056
1313922371
