1266285877
1302745241
1517190458
1097923227
1027505989
1164548612
1016176690
1309716505
1111112345
1084820625
1118819317
1016182160
1330829889
1282703763
1426098746
1458995401
1463058295
1051404892
1024582429
1518067679
1330810415
1335872182
1506244524
1482495717
1228163359
1230256949
1442470557
1459138024
1544586579
1505347071
1464915809
1475067703
1110704614
1128096412
1478085007
1054809650
1325196413
1500473260
1206565159
1126854500
1178185002
1178190062
1229182481
1273592347
1300947554
1312693872
1329656004
1330103804
1332982141
1338411863
1374979246
1420147926
1416281271
1417899799
1418895095
1425084378
1425929507
1444405642
1445003338
1446739681
1475995462
1485200968
1497777246
1520472950
1520732291
1541361896
1548039959
1550293915
1553396934
1554303749
