1267610988
1507382151
1295377294
1085414413
1008085025
1323095710
1503957420
1211651122
1427787323
913617
1505203386
1413371380
1456678255
1191713149
1451314739
1456407398
1317291845
1287490577
1259864110
1403023376
1317605093
1302684621
1161164609
1139074454
1454486212
1473159387
1385106958
1306474784
1293334286
1396206422
1460963203
1208415109
1455017745
1375541129
1497727711
1227912090
1276066397
1225476847
1358321503
1501421765
1497221442
1295328686
1148192468
1151690004
1496756985
1512168158
1317449379
1257085120
1144516425
1123626979
1021144970
1533947935
1338203201
1230734161
1348031458
1339910673
1109469779
1269145200
1346086230
1364713813
1198948607
1363708683
1189965405
1511122236
1411301632
1273398853
1332324521
1086529128
1394754809
1224563062
1348044438
1122261390
1125926926
1287533765
1511877657
1198948995
1508474445
1305346577
1081873215
1503786770
1473178775
1248003088
1299081583
1540290511
1020969058
1543606681
1190994557
1231295210
1345163134
1540343054
1425082165
1545331344
1540184916
1540330586
1094667425
1335534560
1455033787
1436529375
1363730859
1510325753
1531088621
1478481713
1511872635
1511848065
1312679440
1480430028
1162458379
1496105701
1546171305
1312352557
1491533233
1511885385
1542722738
1296730121
1385249961
1385702094
1508468820
1385699053
1413547921
1503810896
1523307259
1531543493
1144750735
1273263409
1327466570
1453389891
1495575166
1498008909
1511864546
1544521435
1417799970
1409619777
1501947327
1236196509
1363735481
1497141060
1511859980
1290618186
1456824719
1518146599
1518706895
1530951973
1101321903
1288004502
1184992392
1359366386
1526568227
1315617124
1501943997
1518710140
1393990836
1224538511
1172620364
1319393510
1341808015
1361341397
1469822369
1511912588
1523264960
1554836393
