1463869904
1429937624
661374
1207593360
1035393673
1372280694
1100181465
1053201077
1366214183
1430719331
1522398717
1105828049
1478587450
1179890378
1110546461
1264221430
1213272831
1101973337
1484465755
1180384940
1339720951
1317680031
1433947347
1483503008
1421373176
1394623084
1448675523
1434574226
1332185820
1255358080
1387989640
1214101544
1478376148
1117561132
1180358039
1265401062
1280196362
1310189370
1131017884
1390100545
1271734869
1317219832
1187402681
1247936728
1365208836
1473759132
1498212957
1218034120
1048319166
1377247540
1045087611
1214178072
1479259138
1336385966
1065853118
1166119356
1250804739
1487450319
1245129515
1391404090
1485954990
1048324799
1166043835
1180328180
1236230411
1272025182
1380125830
1421624787
1083088897
1332949536
1430963057
1444567768
1453353587
1032739483
1244386531
1459603973
1048328409
1335791172
1216336208
1469518634
1045872418
1107168747
1303855705
1293906875
1237668786
1432164142
1199742938
1255528903
1265746974
1478600028
1024237948
1472449886
1164374344
1259158743
1317347005
1519903293
1133694324
1390108886
1465516594
1275111801
1351968531
1304098695
1371915915
1433941291
1478971201
1492495512
1136268893
1179532269
1179921347
1315355103
1349915151
1137436426
1495648998
1149510447
1233060736
1282796655
1393088347
1489703588
1403562715
1181023582
1492689758
1075910597
1415917868
1445014034
1459727025
1512667898
1518922416
1089781333
1122272090
1244093217
1326635243
1384190644
1364584123
1354547517
1372993848
1435684610
1443124234
1392556362
1475485199
1479242154
1481443144
1499750852
1307282126
1383494107
1419171663
1159796940
1179252736
1394557477
1307270784
1499746423
1124162090
1207078253
1273928703
1303901718
1032780073
1059985424
1111720054
1060243514
1166125454
1304054666
1179252293
1192467389
1359471205
1218327456
1278381149
1304020488
1207089146
1394629781
1410862143
1427293492
1459596880
1497825791
1499518282
1089782766
1371941255
1362309518
1427290780
1389087931
1391386552
1528117056
1447582933
1282454853
1353578895
1372154728
1411575595
1436600416
1475975511
1147988373
1435677208
1462303507
1520009734
1043490545
1207681960
1289339229
1318347097
1502347026
1164403692
1214207916
1219008694
1313123593
1379706456
1380148862
1383296184
1407221021
1421657026
1425085433
1454131082
1458105639
1460933156
1478958559
1502348931
1164410335
1333420759
1364115050
1371809340
1503591725
1335947324
1164219810
1166017925
1166021425
1266625643
1432912752
1255276435
1271824520
1275731065
1303878388
1304034950
1409491551
1332221050
1332255572
1347138281
1350595447
1352793899
1352804722
1352813301
1372177230
1378439041
1383944261
1384732677
1388784003
1389927516
1391509195
1401392903
1427423830
1497650831
1523675217
1526368384
232332
1529310895
1532820410
1533097556
1533098842
1533910478
1538675000
1539693690
1539700546
1540444109
1545266326
1542528280
1542551527
1543219860
1543253437
1543559592
1545175049
1550511978
1554167280
