1433733190
1489920498
1198497235
1226589946
1339150705
1125758765
1488232979
1488227549
1282635351
1189512191
1189360233
1159116644
1163704144
1157804374
1099994663
1147966458
1368588392
1371320799
1477687220
1167439614
1444454508
1214193582
1402945470
1333638115
1226752100
1096780385
1278105274
1497288870
1520236255
1371185593
1214192132
1467966412
1157782961
1038406881
1178286802
1188558953
1189339230
1194173498
1199291257
1309651123
1419458714
1536037442
1178369261
1229542222
1433968886
1189308924
1198448987
1198461549
1199323416
1199330247
1226656343
1226653252
1444478698
1459185990
1488238577
