1509355182
1542212584
1412031960
1474124170
1483031830
1545153731
1430717483
1545171361
1474488463
1522393233
1462175181
1292050383
1356853433
1462191144
1501560685
1147036594
1240944560
1408835258
1506440429
1477420712
1477902699
1446061676
1344657444
1445911589
1014573290
1447378166
1122972527
1475334977
1348286653
1500724939
1461752714
1537777324
1466158846
1536494106
1481027619
1474488846
1430679823
1474488615
1538585948
1527068999
1435457487
1285998353
1492563095
1167020208
1324571439
1478207146
1445342660
1029074117
1194387235
1477399793
1219132555
1397304922
1245167082
1479430770
1443364859
1467677809
1463940518
1392364724
1197295753
1492761323
1537730943
1430679823
1543837779
1545577361
1474132616
1287601692
1479868265
1401166198
1446197730
1472805281
1473756078
1108894781
1481089677
1076081653
1462197746
1510281320
1461752716
1408835254
1429623664
1125038793
1031203890
1186221786
1474864730
1258607892
1460951892
1343255833
1347005014
1477512921
1311091993
1457353614
1530287913
1445541623
1034205773
1504525703
1536505322
1463019131
1479444646
1330598397
1445375204
1366211936
1330381581
1145917394
1306480990
1479794968
1461113832
1444499319
1240481009
1408428411
1247253854
1121488696
1288200645
1097029543
1491826068
1527206127
1494404800
1155197439
1510319419
1446850707
1517988311
1494210670
1445542710
1536526482
1508473806
1478000299
1186011102
1286991812
1155201564
1031202931
1144395208
1412752179
1383310657
1389901781
1035384281
1083671390
1481798608
1408333980
1436363755
1463822419
1463397219
1511571659
1518056027
1255071715
1291022987
1443540548
1155257067
1489805766
1397110557
1463716366
1515946631
1445079040
1444037906
1498273745
1445877476
1469419234
1415142950
1472387427
1527082739
1537788031
1144434546
1478003383
1446190960
1537553171
1039766259
1129327129
1070408172
1408285177
1536034001
1462950539
1117505027
1456647608
1482964312
1306347190
1477698437
1476376224
1259876679
1489691605
1510377758
1483293484
1516013312
1305956930
1389901781
1028399333
1345435558
1527155896
1109676598
1412697404
1344655513
1279534519
1436214666
1393716613
1291027428
1391032668
1506500331
1518024135
1536552317
1515825981
1393286605
1483293484
1305956930
1039478466
1534805319
1457444461
1505151406
1445826442
1515346532
1520136639
1456777563
1523008082
1167738154
1481592712
1507855687
1508173572
1510070310
1267397163
1503834203
1509654518
1304796137
1360319933
1546224214
1131289782
1419230430
1532660602
1469458862
1096803101
1537563094
1516219919
1372481108
1391783307
1460667614
1525844515
1528529722
1384129531
1446809544
1473619848
1500735982
1518131824
1505846463
1415687728
1461107966
1476032144
1440013314
1287463493
1408492514
1512882999
1177143049
1050948528
1324589825
1537543753
1475171033
1385717129
1473683234
1501565782
1456788759
1435527561
1208847523
1478297093
1299171723
1375114070
1391783307
1528529722
1410626439
1470513064
1447497443
1202522035
1453801028
1459081223
1504443703
1461700265
1490473039
1209638833
1030875805
1129038936
1166625734
1500065325
1100152847
1447312067
1529612463
1493265485
1228134722
1473534308
1477203475
1469523862
1219122739
1489282986
1461106571
1478314895
1461744926
1490590556
1508456059
1509370209
1408265615
1474120530
1447493069
1202534618
1510927062
1499045570
1539701615
1069184501
1434289937
1367109574
1440013314
1347008147
1436208096
1050948528
1487052418
1286984976
1031649653
1475171033
1101367714
1469523862
1460958231
1361052778
1476082406
1484393817
1290903096
1167658680
1528316218
1478371843
1462298900
1537839709
1461101879
1503576025
1126663554
1457485784
1508468778
1384961830
1499045570
1069184501
1451550962
1434289937
1303808204
1367109574
1123844122
1366814151
1461761825
1310152225
1505454891
1081952359
1177143049
1540151735
1482664855
1216389916
1519004304
1112399488
1187021978
1247266105
1091491695
1151123088
1446833438
1067658511
1461107995
1408288544
1140955874
1536269765
1508431136
1014488764
1510625765
1149581399
1213504419
1441238766
1433986708
1540545441
1133636807
1527199231
1466157145
1406573204
1356890461
1501135097
1278744625
1441219447
1097012324
1151123088
1034095884
1458192133
1197378604
1483262627
1508476644
1167476744
1339100969
1461105834
1081952359
1474137013
1481872884
1434286896
1462142530
1069148590
1291108167
1312802183
1448227381
1475338847
1499398175
1086513271
1154589153
1267398730
1474483100
1495488348
1014279987
1478001735
1539109390
1219101542
1254192224
1108929740
1036556534
1511211936
1352523538
1408357969
1540599316
1278138747
1474477088
1476362387
1483754731
1539051046
1393065699
1443560001
1446852115
1190605373
1343400268
1167523731
1448234694
1338405457
1437144860
1540545441
1133636807
1372478119
1101434422
1174770161
1029073273
1483262627
1129158501
1069148590
1539087871
1291108167
1430311381
1034149017
1408355415
1479926019
1343400268
1093904758
1124500444
1338405457
1475881353
1483754341
1167523729
1339486542
1445384784
1108909613
1535880797
1283059377
1469529246
1069379639
1245781113
1445597850
1475338837
1506790222
1147933869
1510953242
1298055374
1343386794
1402429537
1480603193
1539076783
1516970989
1445542712
1037982036
1481683968
1537121500
1025536322
1190956873
1342604429
1434544918
1441254279
1483737303
1535671150
1186769212
1098323208
1108899580
1418868883
1465580270
1491686710
1294094077
1435845755
1512460742
1086868159
1355703201
1487163346
1527196174
1031201659
1006441456
1443543848
1536518688
1034154715
1208858485
1355680610
1448242932
1041688270
1131337455
1534655633
1255685850
1368641883
1456738291
1338146481
1394059006
1458167770
1479425434
1483748322
1483753404
1488253821
1503763106
1524226036
1027041544
1091591175
1305652180
1441251074
1240938696
1247836161
1173593390
1392407200
1434937165
1444062302
1536536519
1039845048
1489718179
1496277429
1448234696
1106229608
1279236481
1158058724
1393403609
1333919072
1415094594
1540761292
1410979418
1491550425
1077617096
1199732409
1483756239
1219113378
1534521172
1411572864
1446799770
1503607318
1385779467
1293724296
1355773828
1406912738
1028321344
1527130569
1007868981
1537583946
1444054141
1033675730
1096493961
1375011127
1546134078
1537999864
1069377885
1399725432
1179342208
1483764500
1505290095
1540437010
1435689961
1476426375
1333933264
1293773413
1543039941
1167695985
1380196872
1393015060
1145349506
1408468743
1466017479
1534817307
1540565086
1209758036
1229003156
1147934998
1298106098
1537592958
1434321094
1039855803
1447386297
1415287161
1447729557
1536721555
1537721081
1118741086
1279251968
1483766267
1227901299
1462165307
1489565693
1522868206
1409222365
1537096768
1526071819
1038576040
1474481208
1491573315
1507173133
1512861576
1436433350
1513809956
1513788890
1429523581
1507015775
1345456083
1441399562
1347501229
1383261304
1308979230
1173532191
1307712835
1050370289
1173571430
1031252511
1124779773
1385707619
1345435559
1298969166
1434789190
1028353692
1345453199
1028350727
1028484115
1014740271
1535226688
1537630365
1430623347
1076176027
1028362190
1345459371
1310980257
1431696886
1117504298
1278124587
1048144231
1031250978
1049948519
1081883438
1385724146
1028504230
1031257126
1029072858
1100976373
1341094546
1007868193
1414887850
1028363892
1436407797
1077355142
1267368368
1266886905
1453437063
1529386852
1252437052
1311324628
1406712256
1446839246
1015516253
1028343004
1520480190
1067646390
1310987068
1368250138
1392286524
1429102623
1006448255
1179342208
1352443339
1512080118
1028340922
1070668154
1173465175
1267989239
1439969777
1130089642
1279251968
1155208818
1393764221
1441258308
1245569416
1289008738
1034066425
1127556322
1174715984
1371722192
1084270929
1266847966
1385758887
1385759974
1435886900
1444326426
1031651068
1173404357
1214450459
1393045004
1505144204
1506376846
1014798501
1014797654
1089073568
1077354398
1118741086
1126906346
1129150492
1173342715
1360200586
1385050082
1385688292
1429094377
1439972218
1023005470
1032935555
1103844909
1050964570
1059488049
1279531256
1235457161
1262359178
1536818405
1537090885
1537107314
1031246501
1103844909
1059488049
1279531256
1298059720
1132508488
1204169630
1278143367
1490823207
1375334601
1409304893
1411204304
1444850725
1435442573
1441255711
1505164635
1028422839
1173473542
1191612593
1229016439
1235425454
1398776218
1338099183
1344657364
1357855157
1406719937
1459036209
1536371841
1537113969
1034205774
1052579061
1084358225
1124502591
1293725258
1302369663
1397753099
1429522806
1444400502
1456718304
1457498202
1466555430
1483267499
1509647238
1053440306
1093702766
1101296693
1123843551
1255761563
1288238063
1324779620
1347006900
1385742906
1389922013
1413080957
1424151883
1457398316
1462191930
1470193362
1479885669
1508581226
1014572872
1245563168
1262382268
1266820771
1375261924
1419680016
1461841445
1494585195
1536824849
1474084961
1027369967
1059489005
1098309282
1098334373
1101104982
1174490039
1385734831
1408423371
1415317693
1430049436
1436426375
1536403516
1537535571
1054080317
1262360168
1293115657
1309008023
1457496011
1457501916
1083419357
1132299336
1133590223
1305691781
1385867603
1439839641
1026022111
1167546267
1209129779
1238760581
1301704331
1344657945
1436482745
1461400910
1462169460
1493112051
1509801878
1096445272
1100035911
1196860082
1308510707
1430703129
1031688647
1037344873
1049617753
1058637868
1077365107
1128493440
1448255098
1465037282
1455711518
1012419541
1029120511
1034861135
1077363476
1155190616
1052714804
1069377485
1262071996
1298405452
1523827222
1006402424
1006506095
1028346942
1035581399
1050216335
1088242023
1069242312
1077357998
1084304379
1084340053
1108157580
1115710565
1124744176
1133546479
1136472280
1157104066
1199281245
1204536391
1206571017
1255056756
1302387206
1359911638
1385564405
1385791775
1430466225
1456694362
1465337988
1473788774
1493908545
1523149075
1028348579
1406849261
1445381389
1014799100
1081934176
1115718753
1279278923
1206121048
1214096479
1256351401
1361064906
1411520436
1490940457
1029087335
1037357912
1070647960
1049617753
1050000014
1055711605
1059487671
1068599085
1126743555
1127479350
1128977943
1129075782
1155199849
1157278682
1255655763
1236176848
1262357414
1310083899
1309679905
1313276005
1316643192
1316647986
1338263581
1344664969
1362711276
1378491366
1385684705
1385771038
1392700120
1393963469
1406878829
1415277080
1419214655
1437261039
1446124398
1446792229
1447395883
1478217980
1536316796
1536430514
1537096768
1537121500
1033862883
1536249269
1536283379
1536403516
1536824849
1536836463
1537090885
1537107314
1537113969
1006517285
1225230040
1471843675
1170170943
1173549954
1345450223
1469520447
1010864224
1114650028
1196868742
1035391985
1434799344
1028360197
1356361023
1384858272
1454075427
1502287874
1077596712
1527114885
1539363769
1304350847
1352594849
1357890817
1397070308
1406698799
1419475879
1444830233
1459045013
1512027229
1513603802
1069380397
1225701734
1345446354
1410563784
1411540057
1532056083
1235445864
1392390350
1408014497
1481191085
1503698006
1514274016
1098563802
1136744676
1406577439
1446187662
1506786927
1507397276
1508450446
1533823377
1543503490
1100453470
1343197804
1243720599
1338276693
1354159294
1368281760
1406829030
1422456312
1440006818
1447389580
1447717883
1513840902
1525789267
1527069003
1528876960
1543639301
1038586540
1017540950
1130098037
1167617526
1231066071
1243088158
1293724781
1300029983
1306347879
1339108908
1344656984
1374845204
1438871731
1445923726
1466020129
1469455185
1469535873
1488938937
1508018018
1511793538
1516746326
1534805593
1029073640
1029088469
1093772514
1157206789
1215596911
1310086808
1298734128
1307912259
1357982824
1363199614
1372264555
1372405924
1378460019
1445159367
1465340122
1466578447
1469508868
1473710539
1486171974
1489867853
1495493700
1501491377
1503761553
1504570048
1510260776
1513549835
1515373185
1533542749
1533723468
1538517514
1539048097
1540414463
1097110756
1279643258
1125947323
1152642630
1234297950
1343303377
1366779807
1374727624
1389944779
1419464201
1419615072
1435520679
1539048097
1540414463
1097110756
1279643258
1125947323
1152642630
1234297950
1343303377
1366779807
1374727624
1389944779
1419464201
1419615072
1435520679
1443365685
1463870186
1473480662
1478328886
1489336284
1503149837
1507159061
1509188135
1510032627
1512478428
1534818643
1059854947
1081893991
1142378407
1156945248
1252414335
1306347569
1356380610
1356880136
1375042450
1375367184
1417861605
1429554858
1461748262
1493098886
1494030644
1494112124
1501538754
1502760310
1524263514
1534543262
1534803508
1535650477
1539053251
1542918031
1133877073
1155186574
1255729244
1262357175
1267388474
1290961576
1310075152
1338141573
1355740404
1356354243
1356856526
1357961212
1384546120
1419614062
1443481507
1444971076
1445957510
1453231986
1458138842
1474528828
1478346868
1481490356
1490644925
1496261835
1501436032
1503198898
1508134151
1508422864
1510168332
1510281445
1510737975
1516084387
1518039613
1534804122
1535664583
1537983579
1532441754
1123640593
1123934876
1196941712
1218959146
1236178480
1245504332
1293723722
1316656048
1347511591
1356914204
1357668170
1419641186
1437232544
1446388733
1446682002
1458147778
1461388943
1483788850
1515672681
1518027805
1524912294
1525823246
1534808968
1537648887
1545857956
1032317052
1032936836
1053168159
1100979183
1101256680
1112746276
1157054076
1158118833
1251578893
1361153835
1362871740
1362908637
1474291620
1368302132
1378533572
1378565020
1384763890
1385521358
1385729535
1417622077
1436475254
1439171522
1445113875
1450722328
1458100733
1459049662
1466020036
1466017495
1473397335
1479274680
1486346311
1488251887
1488420109
1490528188
1500061046
1503153473
1504524022
1505804499
1505963576
1507186989
1508542532
1509708517
1510037280
1510828862
1512057482
1513977549
1514238762
1518069235
1530833259
1535018894
1537937786
1050044341
1062481135
1076035904
1117386025
1140849426
1187577293
1196851553
1243061697
1305003227
1333639051
1339022945
1352502584
1354606787
1354971472
1355176104
1362830012
1366698096
1369736596
1372315036
1375326979
1430749636
1466017322
1469513731
1480574367
1483507703
1489614035
1505247145
1510058537
1510669773
1511078926
1534800985
1538718824
1543055948
1064184100
1091781197
1296986831
1127352266
1153751799
1171294859
1173388954
1357982661
1359800795
1362711940
1363139197
1371362725
1371737777
1372466217
1378479338
1403906543
1408304078
1408775348
1436824119
1465326007
1466156341
1468780056
1479629972
1481199718
1483383181
1489382314
1491295651
1503438155
1508051095
1014574768
1474095031
1474062995
1111844348
1118582909
1123831658
1279245374
1166952019
1167572428
1293723520
1293725339
1310086664
1344655520
1353386851
1354852048
1356565508
1357874123
1359891710
1361266615
1362662510
1362739691
1367888741
1367980387
1368343099
1372301467
1376750451
1392359619
1410731480
1410777407
1411569478
1412731663
1441707411
1458161948
1458250076
1459029527
1461096419
1465361870
1469532811
1470551675
1476071064
1480761309
1482536740
1484931078
1489461189
1489928581
1491037848
1494848562
1496663477
1503395869
1507525469
1508038266
1513962111
1516982829
1529477865
1530619680
1534100083
1536371841
1536567294
1539743312
1540341544
1540517975
1059854517
1080186461
1532449070
1117674002
1123838382
1123905316
1530892882
1147836730
1153516989
1158860606
1255653683
1215190670
1240941099
1243819893
1293723226
1310071151
1310050639
1310041364
1354557383
1354955332
1357633106
1358029612
1359924279
1360898158
1362615704
1362945925
1363190531
1363212125
1370294702
1370429772
1385701250
1385776155
1392384766
1406862199
1408779612
1431689800
1434510550
1435677127
1441405419
1444178265
1444305522
1456438380
1459039199
1459099921
1460876921
1462192736
1462508044
1466016025
1477975497
1480544303
1480551033
1481177374
1483523545
1483847146
1485356026
1487688208
1490600401
1493034484
1496207850
1496262138
1500071610
1506444447
1507004364
1510300162
1510819113
1510876335
1512677375
1513498539
1513866816
1514008659
1515346537
1517387430
1518514878
1519250502
1526915790
1512677375
1513498539
1513866816
1514008659
1517387430
1518514878
1519250502
1526915790
1526963733
1530744539
1531541716
1533028683
1534807971
1534808015
1535083869
1536537124
1537689207
1537734172
1537726352
1540394627
1540809902
1037960577
1045294704
1062526086
1097029949
1106320719
1117337625
1131150114
1131436349
1137486953
1155142580
1184805547
1190616848
1207145542
1213370989
1245588113
1247515901
1249934733
1252438215
1278148306
1293618249
1293725648
1310084964
1297355948
1298226569
1298440165
1298460252
1302233753
1306347221
1315080931
1336094825
1336094854
1343293143
1344665286
1355222871
1355253577
1355705222
1355715070
1356886272
1357582880
1362871085
1363186347
1366539650
1367869624
1368013917
1368269451
1369894028
1371400481
1372215794
1372271075
1372288102
1378645942
1384597332
1389967662
1391329803
1406727574
1410605708
1411549443
1416252745
1419466291
1419467591
1419468847
1419470143
1419479331
1421245615
1430749731
1430748766
1435434296
1436408368
1436506480
1444056650
1444291417
1445098336
1445768942
1446842807
1453216450
1454506479
1455237866
1458145849
1458196115
1458958735
1459010226
1459094585
1459882581
1460981180
1461521927
1462084536
1462159646
1465332009
1466058951
1475126897
1476418365
1477140063
1477499139
1477782696
1478003227
1481213382
1481235129
1483554024
1483749904
1486043565
1487688423
1488983751
1490499206
1499165865
1500479669
1502524878
1504492437
1504731454
1504823276
1505804619
1505970259
1507011989
1507219520
1507879887
1508522129
1509970777
1510291934
1512672711
1512716110
1513786608
1513933439
1514007954
1514031956
1514775408
1515149114
1522041348
1527225316
1529596115
1530280508
1530298620
1534809023
1534815900
1535686618
1535960299
1537724401
1539225126
1540681316
1542705859
1028368002
1041692620
1052589323
1160552948
1149545174
1252390861
1255707356
1196900590
1204084085
1221975177
1294758340
1310050725
1310046659
1311400039
1343316984
1353524852
1355249855
1358194114
1361274741
1362726938
1368249794
1371296045
1371304131
1381949433
1384274252
1406921690
1407621693
1421247503
1421377718
1430485334
1445591151
1455695001
1459097227
1463874708
1471839253
1472384860
1476561787
1484244767
1488311722
1488915157
1491267926
1495491110
1496137565
1499382860
1500484884
1502502524
1507463696
1508164184
1508589313
1515686947
1518512585
1523862539
1524360372
1529596489
1530745806
1534501669
1537470542
1538514189
1540800047
1544414998
1022609590
1050992941
1070672280
1132423148
1120491067
1121472511
1122995897
1243106588
1304612905
1306347575
1316225301
1355194594
1360228236
1417878290
1419464303
1435677664
1469551874
1473393165
1480505744
1489476494
1492665944
1362881209
1366510810
1366718143
1372380300
1373958740
1384756037
1392530605
1396074251
1408488761
1416690994
1444425215
1448141262
1455260705
1456778489
1458141928
1465336614
1465350042
1469542008
1471832366
1485347223
1485352256
1492082504
1503471993
1503616700
1505935499
1507728526
1508565009
1509516833
1510274362
1510753343
1511515564
1514328739
1514755012
1516972006
1518523117
1521987525
1523791716
1529514412
1531654627
1534550925
1538791956
1541459913
1541598926
1023006987
1050986498
1081857957
1474080588
1100972690
1100981319
1118617584
1474069857
1128958839
1132472135
1532447095
1140987861
1158248739
1255658105
1190792912
1199307737
1235241265
1392530605
1396074251
1408488761
1416690994
1444425215
1445310649
1448141262
1455260705
1456778489
1458141928
1465336614
1465350042
1469542008
1471832366
1485347223
1485352256
1492082504
1503471993
1503616700
1505935499
1507728526
1508565009
1509516833
1510274362
1510753343
1511515564
1514328739
1514755012
1516972006
1518523117
1521987525
1523791716
1529514412
1531654627
1534550925
1538791956
1541459913
1541598926
1023006987
1050986498
1081857957
1056958841
1474080588
1100972690
1100981319
1118617584
1474069857
1128958839
1132472135
1532447095
1155247446
1158248739
1255658105
1190792912
1199307737
1235241265
1240949760
1243066630
1247515951
1278189462
1293725634
1310077211
1310045232
1306347590
1306347967
1307515037
1309345304
1310037581
1312623389
1332498202
1336248202
1352567043
1354368021
1355218580
1355293969
1355796725
1355816265
1355872211
1356196327
1357839775
1358026927
1359720682
1360775320
1361014296
1361317460
1362661918
1362700557
1362717079
1363283049
1366335790
1366979418
1367515591
1367856895
1368254204
1371439906
1374870857
1374877333
1375280281
1378506740
1384523941
1385063582
1385746201
1389962132
1393111182
1396050028
1406843364
1409556030
1411560577
1415701204
1463677990
1424152401
1425913661
1430561563
1431657550
1436364579
1438657529
1441356365
1444439809
1445017049
1455872408
1459888429
1461092603
1462070636
1462227801
1465500362
1466018575
1470368174
1470642018
1475130498
1476094290
1476491025
1477156665
1477895992
1478032912
1479902576
1481257422
1484061293
1484222413
1484238618
1484297492
1485800988
1487156338
1491026290
1491354640
1495392865
1498576253
1501944267
1502657425
1502688790
1503823224
1504468076
1504483231
1505284089
1506144002
1506325484
1507337260
1507836307
1508549531
1509359317
1509987055
1510327920
1512490206
1513988605
1516970718
1519263219
1524654372
1524880369
1530862188
1534805605
1534806864
1534815126
1534821364
1535123649
1535644206
1536479312
1536829807
1541962006
1544430270
1013469620
1032313104
1124401011
1037961998
1474049427
1077579780
1096404016
1097158978
1118890778
1121476338
1126807970
1127474705
1129026336
1129361262
1134447068
1279249940
1147934214
1153536504
1154608068
1156919314
1158114478
1158841102
1185195039
1190599922
1255740763
1255736722
1195640997
1196908864
1196980731
1202394063
1204221660
1236177068
1243163980
1247514492
1262357229
1263571942
1278137927
1279179503
1291119956
1310074153
1310068637
1310041688
1302452686
1305003072
1305097405
1305998606
1306347213
1306347780
1311145706
1313900587
1314077886
1332451643
1336247793
1344656073
1344657188
1344657358
1347505086
1352413715
1352520052
1353070489
1354672352
1355001732
1355042116
1355181145
1355722252
1355731069
1355757104
1356414536
1356478808
1356562955
1357608351
1357613843
1357689383
1357973228
1358200691
1361558985
1362668126
1362740736
1362879546
1363307921
1366685515
1366703505
1366742750
1366785855
1367540797
1368354534
1368386619
1368462657
1372504641
1373146212
1373485995
1373872051
1375241491
1375279271
1375359444
1376345547
1378079591
1378128560
1384928650
1384959930
1385003082
1385544661
1385568316
1385705521
1392668956
1431034988
1408828078
1408356271
1410064594
1410762703
1417607429
1418922409
1417942443
1421348757
1424150003
1424154032
1430059866
1435562601
1435704975
1435850713
1439870987
1439991582
1441362463
1441369400
1442045865
1443469288
1446667401
1448144504
1450845561
1451921914
1452121073
1453125464
1457502854
1458022920
1459033927
1459042103
1461404719
1461686628
1461778790
1462206609
1462506030
1463800199
1465327716
1465341072
1465344889
1465362944
1466556354
1471833748
1472420095
1472804034
1474881135
1477395530
1478008379
1479045807
1520558061
1480451443
1480525469
1481208663
1482921670
1483199376
1483227672
1483266190
1483272184
1485364035
1486035409
1486318114
1488231281
1488316683
1488898980
1489162125
1489688978
1489842301
1490392854
1490407549
1490430501
1490522262
1491216599
1491378879
1492170318
1492805652
1494321007
1495211133
1491216599
1491378879
1492170318
1492805652
1494321007
1495211133
1496182863
1500275446
1503535895
1501645667
1503675887
1504723508
1505255875
1505266133
1506100276
1506389538
1508404119
1508717658
1510051778
1510364563
1510367594
1510372760
1510685762
1510887436
1512149437
1512500423
1512753231
1512791365
1516984640
1518101214
1519207607
1519264135
1522416940
1524722384
1525807394
1526938388
1528337065
1529998189
1533674833
1533676667
1534801213
1534812029
1534807881
1534808946
1534815690
1534817106
1534817141
1534821134
1534822370
1535001572
1536412909
1537298487
1537735323
1537703195
1537789654
1537717544
1537785046
1537736412
1537648891
1537727904
1537689196
1537958883
1537970535
1538539582
1540821585
1541433346
1541484275
1542594518
1543389531
1543398326
1543615580
1543500023
1543510552
1543691170
1543505270
1543510547
1543647028
1543668233
1543677320
1543697874
1543701035
1543702878
1028338284
1028507736
1091790490
1097039051
1097051623
1132146243
1132190505
1134389212
1147934214
1171462061
1206733619
1238115962
1244152519
1245446161
1248182639
1310053757
1310049784
1309993411
1332631854
1352084230
1353467020
1356527824
1356540923
1356843030
1356967245
1361323587
1362929117
1366750897
1367994351
1368113047
1373136742
1374896343
1385537961
1385553520
1388341752
1399452369
1417990160
1439994112
1465311836
1470490905
1470538969
1473584885
1476076858
1479848457
1483934586
1489346953
1489407260
1493151737
1494085530
1499437117
1502313596
1502375871
1508475980
1508585941
1508715995
1510097755
1510328238
1510690419
1516983645
1528331187
1532707910
1534799265
1537947758
1538462660
1541850474
1057497492
1068614039
1087550151
1097047296
1124404624
1132446073
1134621812
1155159097
1186173230
1190662452
1255695918
1243150305
1243171248
1244289979
1247515056
1247515291
1249928818
1249935965
1293724984
1310080549
1313993744
1333819682
1341059509
1345456045
1345458666
1354127917
1354643973
1356210685
1356626731
1356841793
1356893569
1356896538
1357544398
1356896538
1357544398
1360906576
1362653317
1363206763
1366682982
1366758694
1367412976
1367879544
1367977767
1368030315
1369828841
1371273075
1373170091
1373918202
1375025996
1375213379
1384145845
1384609845
1384836706
1385519487
1385748934
1408367891
1409814487
1411581251
1415962275
1419468470
1421358262
1426569274
1430741010
1441693251
1444187055
1444449384
1451429448
1451853307
1458122202
1460780747
1463864870
1470634594
1470648499
1478750574
1480593178
1489696346
1490546994
1491860970
1500967177
1504616339
1506228506
1506406867
1507465926
1508669591
1509993249
1511594326
1516804214
1518928909
1524468469
1525636877
1526890587
1528540962
1532420846
1534802899
1534808974
1535002397
1537911575
1538632640
1539132805
1539699332
1541732905
1087550151
1100459679
1123950309
1123971982
1129335601
1130659797
1279263825
1196968124
1236177015
1244289979
1245245435
1245550271
1249931710
1310079837
1490829807
1304275590
1344657184
1344657442
1353072566
1353094872
1356225565
1356860930
1357587992
1359932881
1360307461
1361085175
1361235236
1368267174
1368273105
1371263374
1384558352
1385560852
1385756433
1393677683
1412646777
1417635817
1419466924
1436839304
1441410743
1442913472
1446180216
1448165906
1458196154
1460114656
1461091239
1462091506
1462285454
1462509977
1465328438
1466019347
1473575977
1480561058
1481243617
1481454204
1482321136
1484295425
1486086137
1486680734
1489543393
1490576845
1495466557
1499205472
1501646545
1502395107
1505790022
1506783617
1507363587
1507867842
1509270409
1509702283
1510739633
1510764531
1511470643
1512729702
1514609004
1514737920
1516682230
1516977162
1518103616
1526942942
1530683007
1534243972
1534801869
1534812150
1534815877
1539234888
1539483376
1540474932
1541510165
1542767237
1029123640
1050024694
1096395998
1119859307
1129105554
1134627995
1154395998
1174750092
1255724466
1208741942
1214442132
1239887554
1243118909
1310069186
1307669897
1309334547
1311325782
1320795601
1344655497
1344657568
1352972776
1353044343
1361682364
1362690842
1362708013
1363231097
1366538913
1368146891
1378519162
1385762023
1392594685
1422509547
1442908906
1443657192
1446853153
1451935997
1454632797
1456788778
1459554862
1462251177
1468777713
1470648562
1472390477
1473529071
1474871056
1480566420
1489491972
1501651166
1510716079
1510839307
1514451169
1517996361
1519138597
1529116121
1531522220
1532521875
1534801500
1534805481
1534822531
1538721361
1540804547
1541600890
1543617935
1016444148
1015208700
1059854558
1028314390
1028505681
1028586496
1028992579
1031681167
1070663374
1056037869
1056382210
1057538050
1081861449
1069163152
1069936098
1091789333
1097058896
1097135604
1097162404
1107242549
1293780724
1144667336
1108915855
1279639871
1279648175
1119841326
1120131576
1123166574
1124703934
1125955787
1128949083
1129039127
1129264274
1130128480
1131311089
1132413378
1132482465
1133870249
1136425231
1144756616
1147861055
1153767472
1154491687
1155088016
1155108489
1155147923
1155186258
1155211799
1156917064
1157032696
1157071451
1157270335
1157985577
1158986508
1159045617
1171460514
1172452827
1173449920
1307868580
1252401727
1195274509
1196828231
1199614589
1208894252
1229714187
1235371649
1245403057
1245481772
1245564768
1247514128
1247514503
1249930687
1252435647
1253913868
1278162057
1290981482
1291067155
1293725348
1293744300
1310075851
1310055660
1310016560
1303983803
1304155895
1305003932
1305097126
1305097287
1305097575
1305098538
1305662194
1305671023
1305999307
1305999476
1306347197
1306347566
1306347583
1306347653
1306347772
1307355229
1307534332
1308600348
1310034915
1312104442
1315033742
1335251571
1335585557
1336248443
1339136166
1339446353
1345452467
1344656885
1344657105
1344657598
1345532287
1347579489
1352625547
1352956632
1352971196
1353084193
1353101930
1354174967
1354933130
1355269752
1355799582
1356163249
1356236125
1356302089
1356319594
1356347529
1356430887
1356499462
1356604003
1356833352
1356887537
1356925571
1357835373
1357845979
1357884745
1357899751
1357908065
1358074462
1358545624
1360201982
1360238242
1360253473
1361011381
1361060637
1361197569
1361239880
1361251951
1361324205
1361335831
1361471397
1361568360
1362639202
1362819763
1362892983
1362932165
1363175432
1363179470
1363194012
1364106518
1366173602
1366563864
1366603328
1366625612
1366657116
1366728288
1366765923
1366790552
1366799226
1367012145
1367857699
1367871944
1367911777
1367925594
1368257521
1368362662
1369827951
1370294900
1371422403
1372319694
1372451838
1373518840
1374863498
1374884870
1375228173
1384532636
1384539932
1384576142
1384626469
1384639796
1384794989
1384849751
1384936423
1384970621
1385008166
1385044263
1385496450
1384970621
1385008166
1385044263
1385496450
1385549152
1388431091
1388676324
1393134200
1393448666
1406739579
1406839241
1406857337
1411112749
1415968817
1415974532
1415985562
1441866936
1418878627
1419466920
1419469833
1421307939
1422498157
1424151406
1424152394
1424152446
1424917316
1425302165
1425305654
1425363426
1430329585
1430748273
1439985303
1441217768
1443343759
1443385325
1443563614
1444486021
1445095431
1445349567
1446391176
1448163935
1450526360
1457502882
1458002948
1458041882
1458056211
1458184358
1459026961
1459062822
1459091077
1461089755
1461672326
1461727696
1462156892
1462187873
1462208376
1462234638
1462237721
1462254637
1462265834
1462363257
1463848241
1465360032
1465363745
1465371520
1465554446
1466019940
1466053347
1470546803
1470642323
1470645381
1470650338
1472124268
1473658740
1473661996
1474367950
1475719005
1477166597
1479349893
1478022443
1478337986
1479733327
1480556857
1481249181
1481495771
1483274941
1483483653
1484257423
1484376301
1485314881
1488294858
1489199903
1489317095
1489429737
1489586096
1490823080
1491845770
1493028824
1493034468
1493112219
1493401892
1493851410
1493921941
1500441681
1501643925
1501645964
1502450903
1503813382
1505269976
1505362751
1505827881
1505896502
1506380145
1506382136
1506786435
1506788054
1506791156
1507846829
1507865169
1507886414
1508973078
1509206448
1509240361
1510322158
1510793992
1510833498
1512111364
1512630130
1512688887
1513250668
1515120593
1516019416
1516971290
1519225400
1520563755
1522040288
1522516948
1524487147
1524837932
1525593984
1525760022
1530206177
1531523381
1533852169
1534611875
1534801479
1534802862
1534806918
1534816208
1534816306
1534816440
1534822177
1535002219
1537776338
1537934023
1539213046
1539739147
1540260200
1540449358
1540578914
1540581474
1541599575
1541977846
1541987400
1543381939
1543553391
1543685595
1545210575
1546487093
1070670302
1096409179
1362684115
1362882704
1368041136
1385070935
1435428554
1443564345
1452063916
1458195458
1472976788
1471837884
1474395563
1480533987
1483751228
1486347331
1493824204
1493890415
1495499323
1502641992
1505984983
1506942294
1507069766
1508494356
1509495565
1510013649
1512094936
1514611934
1524599549
1530765825
1531322944
1534807287
1541762021
1079120148
1123874241
1280061193
1415192872
1506320578
1060944929
1086523804
1202470686
1421228464
1444991409
1453801653
1454014217
1462093185
1038520846
1014577153
1028479978
1031653610
1032934573
1070647768
1081888660
1050304763
1050992767
1052604778
1076079821
1053154253
1053162109
1054146984
1055665835
1056031578
1056384675
1056388409
1056971861
1057550937
1064355144
1068596532
1068611538
1068614636
1068617964
1385580086
1419469253
1419645336
1430747425
1443562084
1453224546
1455710569
1459089200
1465339991
1466017986
1471837884
1474395563
1480533987
1483751228
1486347331
1493824204
1493890415
1495499323
1502641992
1505984983
1506942294
1507069766
1508494356
1509495565
1510013649
1512094936
1514611934
1524599549
1530765825
1531322944
1534807287
1541762021
1079120148
1123874241
1280061193
1415192872
1506320578
1060944929
1086523804
1202470686
1421228464
1444991409
1453801653
1454014217
1462093185
1038520846
1014577153
1028479978
1031653610
1032934573
1070647768
1081888660
1050304763
1052604778
1076079821
1053154253
1053162109
1054146984
1055665835
1056031578
1056384675
1056388409
1056971861
1057550937
1064355144
1068596532
1068611538
1068614636
1068617964
1068695847
1068719675
1069174412
1097033656
1097064808
1097146286
1097216356
1098352415
1099014752
1103552148
1100949678
1296999671
1279666050
1112718332
1121098565
1122995113
1123052327
1123127956
1123864911
1123867203
1123906057
1123941979
1124751964
1124753321
1124891318
1124980077
1125680982
1126659543
1126909312
1127485511
1128998220
1129012035
1129319279
1129370021
1138966983
1130058635
1130142771
1131293204
1131304777
1132368039
1132419384
1132438644
1132477904
1132484044
1132494857
1133498029
1134388988
1134537367
1134542983
1134641239
1134733615
1132494857
1133498029
1133869808
1134388988
1134537367
1134542983
1134641239
1134733615
1139459385
1140800252
1144731409
1155057755
1155077792
1155156614
1155161424
1155189183
1155195062
1155202944
1155215106
1155218247
1155249731
1155633883
1156909503
1156914026
1156925719
1157057656
1157061094
1157085190
1157286479
1157304780
1157815335
1158021640
1158076452
1158208979
1158867001
1158886904
1159009588
1163114287
1168427066
1177140257
1185933309
1252291389
1187064987
1252391495
1251532526
1190648748
1190694788
1251582517
1255756723
1195523915
1195667977
1196915409
1196985388
1199957009
1198300842
1198504061
1198894466
1199321953
1200706891
1201988360
1483798475
1204441629
1204553073
1204583450
1208884721
1209581082
1218963051
1227079821
1227892671
1234313714
1235366004
1235379371
1235390779
1236177222
1236177965
1240936988
1242838775
1243056241
1243140451
1243746587
1244123838
1245022204
1245115319
1245384139
1245467255
1245563639
1245564744
1247515079
1247515859
1249931219
1249932999
1249933362
1249933576
1249935179
1411549719
1252436819
1262359162
1288228258
1288772055
1288953074
1290970593
1291061954
1293724117
1293724302
1294695729
1294799660
1310082930
1310081956
1310081183
1296713527
1310078407
1310077161
1310073677
1310072849
1310072129
1298196014
1298421813
1310055034
1310054017
1310048266
1301794470
1301828270
1301874266
1302327110
1302346296
1305002694
1305097782
1305098546
1305690500
1305690522
1305690982
1305691738
1305691837
1305998312
1305999312
1305999707
1306345827
1306346301
1306347227
1306347390
1306347395
1306347473
1306347615
1306347622
1306347648
1306347765
1306348252
1307678447
1307717217
1309666653
1310024322
1310228146
1311112631
1311282317
1311367892
1311470197
1313937093
1313962705
1314032673
1314869238
1475571517
1315097445
1315098962
1315006202
1315008284
1460768512
1315030311
1315041564
1315092855
1315095533
1315097470
1315098639
1315098750
1315099246
1315099277
1315109859
1317672750
1321462962
1324791686
1326883828
1326884482
1331945304
1331956649
1332438635
1334745167
1335584980
1335742030
1336093906
1336094682
1336094690
1336094720
1336094983
1336094991
1336248834
1336247581
1336247694
1336247781
1336249229
1336248064
1336248162
1338291729
1338995167
1342834888
1344656519
1344656876
1344656967
1344657171
1344657215
1344657221
1344657610
1344657840
1344657957
1344658147
1346326053
1346326635
1346326754
1352449324
1352475662
1352477360
1352841350
1352877921
1352910377
1352932551
1352988094
1353010022
1353027859
1353039322
1353058072
1353269410
1354311856
1354706907
1354728689
1354903034
1354927231
1354946431
1354990040
1355207013
1355230884
1355263891
1471540553
1354706907
1354728689
1354903034
1354927231
1354946431
1354990040
1355207013
1355230884
1355263891
1471540553
1355685001
1355763228
1355786648
1355786691
1356085807
1356102504
1356129102
1356180853
1356191832
1356218048
1356300734
1356313839
1356344930
1356379992
1356385855
1356407920
1356442017
1356450924
1356469039
1356527472
1356553063
1356576553
1356633723
1356818827
1356822229
1356832192
1356842642
1356847641
1356870493
1356875634
1356876519
1356880151
1356898669
1356902332
1356903178
1356911158
1356921978
1356946639
1357418324
1357469831
1357483887
1357566437
1357568799
1357802847
1357825510
1357828753
1357829997
1357836152
1357843626
1357865916
1358374445
1358506298
1359636779
1359643296
1359688296
1359711134
1359792414
1359822288
1360057377
1360178009
1360219688
1360224101
1360250404
1360261023
1360293939
1360305827
1360310108
1360319969
1360750335
1360755704
1360770546
1360781226
1360789651
1360802570
1360813464
1360836165
1360844652
1360883575
1361004224
1361027444
1361037017
1361041518
1361048871
1361060284
1361070915
1361071862
1361083522
1361097613
1361104592
1361117307
1361133719
1361156916
1361161859
1361164863
1361167710
1361176000
1361180572
1361184393
1361193150
1361220492
1361233156
1361281112
1361291076
1361299440
1361305467
1361306018
1361311522
1361335373
1361344296
1361383734
1361281112
1361291076
1361299440
1361305467
1361306018
1361311522
1361335373
1361344296
1361383734
1361467032
1361477558
1361484025
1361499388
1361542066
1361552232
1361600366
1361613080
1361633943
1361647423
1361686930
1361698080
1362249052
1362284645
1362305026
1362622521
1362624241
1362627936
1362631229
1362631339
1362633715
1362640078
1362645967
1362656141
1362667913
1362700239
1362717042
1362717258
1362740783
1362748049
1362756162
1362761996
1362764204
1362764466
1362771906
1362779033
1362779827
1362784917
1362796394
1362805027
1362829623
1362840145
1362860172
1362861602
1362890656
1362892508
1362917762
1362924676
1362940087
1363160039
1363170972
1363258924
1363277078
1363293439
1363323331
1364073066
1364080470
1364087369
1364094925
1364114246
1365981014
1366150354
1366477347
1366621246
1366647896
1366785647
1366794813
1367433058
1367491479
1367499443
1367524527
1367902553
1367967315
1368019676
1368167956
1368260891
1368262584
1368285100
1368295104
1368401110
1369654833
1369704688
1369827098
1369907270
1369922369
1369931601
1370294313
1370294427
1370419647
1370419753
1372210102
1372272070
1372286471
1372395871
1372447094
1372462645
1372485859
1372494169
1373425279
1373541909
1373859365
1374504549
1374504431
1374480724
1374495326
1375189442
1375199318
1375316995
1375341542
1376302687
1376971056
1384668949
1384673916
1384773001
1384781435
1384884680
1384978138
1385026855
1385035984
1385052623
1385526939
1385528609
1385540886
1385547854
1385573052
1385808979
1387131566
1387908177
1387942250
1388659224
1388935997
1389167502
1389181913
1389185882
1392354572
1392679756
1393024554
1393321539
1393339336
1393929537
1394343789
1395267787
1399432660
1403846407
1403885834
1406734194
1406845010
1408778579
1409140241
1409163317
1409590636
1409693191
1409817476
1409820656
1410057573
1410077477
1410506738
1411327584
1414708832
1414834094
1415019765
1415038873
1415090025
1415099579
1415299860
1421118927
1415994649
1416051029
1416057399
1471875688
1417651285
1415099579
1415299860
1421118927
1415994649
1416051029
1416057399
1471875688
1417651285
1417820717
1417840495
1417897877
1418015757
1418038029
1418840756
1419240317
1419275653
1419464924
1419466203
1419466228
1419466316
1419467294
1419468076
1419468345
1419468495
1419468547
1419469436
1419469440
1419469449
1419469460
1419469559
1419469578
1419469658
1419469668
1419469672
1419469697
1419469837
1419469853
1419469862
1419469935
1419470538
1419470935
1419471039
1419474814
1421223874
1421231894
1422419705
1422418401
1422419611
1422444203
1422467779
1424150013
1424152840
1424697455
1425301392
1426134252
1426310650
1429638490
1430404111
1430748871
1430749453
1437259550
1437374456
1437640902
1438849221
1441451192
1441457864
1441480109
1443456654
1443499664
1443562483
1444018829
1444136939
1444157799
1444291586
1444293577
1444294079
1444361455
1444369694
1444430281
1542491970
1445635596
1520563435
1445945520
1448183035
1446031789
1446402234
1446416725
1446424835
1446856316
1448111823
1448124526
1448141155
1448143009
1448148201
1448153132
1448154457
1448157868
1448160448
1448216006
1448250100
1448251454
1450724429
1450827276
1450837346
1450857911
1451632918
1451876508
1452660532
1453129858
1467617316
1453216926
1453226651
1454644232
1455038514
1455243535
1455250809
1455255043
1455681596
1455882021
1455990601
1456016447
1456460966
1456636039
1456642612
1456669965
1456682916
1456715648
1456732352
1456878919
1456886380
1456894084
1457129489
1457143734
1457148773
1457307696
1457412354
1457653173
1457658831
1458005890
1458008342
1458026401
1458036896
1458047054
1458050598
1458059810
1458113220
1458141531
1458140336
1458145834
1458147175
1458192724
1458193709
1458196242
1458196257
1458196545
1458198475
1458348827
1459020547
1459038467
1459051614
1459053787
1459056042
1459059388
1459060797
1459073667
1459825361
1459829703
1459867970
1459897163
1460426181
1460427572
1460678301
1460837221
1461094767
1461096835
1461099784
1461102270
1461105011
1461107228
1461551280
1461559746
1461675414
1461713143
1461725053
1461756968
1461792700
1461805857
1461838650
1462033543
1462036950
1462054541
1462085864
1462086969
1462090446
1462104408
1462237585
1462243624
1462259630
1462258058
1462322840
1462591091
1463827812
1463853561
1465297636
1465304744
1465320722
1465343206
1465344574
1465346490
1465351589
1465356367
1465363166
1465366017
1465366153
1465369894
1465371425
1465371656
1465375330
1466017784
1466017796
1466018893
1466019059
1466019065
1466155026
1466559446
1468777988
1468778287
1469546928
1470540437
1470548794
1470636626
1470638995
1470640914
1470645589
1470648504
1470650036
1471623419
1471828972
1471837644
1471841470
1492019377
1492875817
1493129113
1493344759
1493359656
1493614407
1493802389
1493813308
1493820234
1493861656
1493874336
1493882698
1494059742
1494076560
1494306312
1510037131
1495439215
1495446762
1495465972
1495466764
1495489233
1495486996
1495487898
1495491275
1495615480
1495683248
1496272449
1496794914
1499243044
1499249759
1499300351
1499441414
1500044383
1500052798
1500081217
1500417544
1501532889
1501537254
1501634364
1501643722
1501645301
1501645696
1501645702
1501645850
1501651831
1501646020
1501646159
1501646160
1501646452
1501646962
1501647202
1501650736
1501651162
1501651174
1501728056
1501730235
1502433050
1502507927
1503147601
1503176299
1484811119
1484866642
1485321535
1485317793
1485317889
1485318250
1485318416
1485321196
1485324378
1485329476
1485330944
1485872205
1486050991
1486063885
1488078860
1488276995
1488303700
1488695638
1489333803
1489403501
1489430910
1489472783
1489665685
1489842298
1490292644
1490305005
1490491407
1490647379
1490662086
1490725363
1491309618
1491316681
1491326865
1491358241
1491594626
1491886284
1492019377
1492875817
1493129113
1493344759
1493359660
1493614407
1493802389
1493808179
1493813308
1493820234
1493861656
1493874336
1493882698
1494059742
1494076560
1494306312
1510037131
1495439215
1495446762
1495465972
1495466764
1495489233
1495486996
1495487898
1499300351
1499441414
1500044383
1500052798
1500081217
1500417544
1501532889
1501537254
1501634364
1501643722
1501645301
1501645696
1501645702
1501645850
1501651831
1501646020
1501646159
1501646160
1501646452
1501646962
1501647202
1501648150
1501650736
1501651162
1501651174
1501728056
1501730235
1502433050
1502507927
1503147601
1503176299
1503214596
1503656399
1503658088
1503673317
1503676838
1503788014
1503839816
1503879199
1503880770
1503885609
1503951235
1503960595
1504000786
1504045294
1504056056
1504081842
1504120123
1504428046
1504900224
1504957947
1505131723
1505201068
1505237067
1505261746
1505276425
1505287943
1505340210
1505348083
1505369248
1504957947
1505131723
1505201068
1505237067
1505261746
1505276425
1505287943
1505340210
1505348083
1505369248
1505373003
1505681811
1505684492
1505687080
1505699204
1505730601
1505740109
1505741021
1505746797
1505752282
1505760822
1505763297
1505774514
1505783221
1505791613
1505830931
1505834794
1505845964
1505848749
1505866921
1505896534
1505899283
1505951477
1506201668
1506306911
1506315252
1506331415
1506395486
1506401510
1506406921
1506412207
1506418822
1506424413
1506784419
1506791232
1506786023
1506786715
1506787202
1506790230
1506787411
1506787483
1506787510
1506787584
1506787617
1506787883
1506788177
1506788199
1506788267
1506788483
1506788651
1506790598
1506790837
1506790990
1506791058
1506791138
1506791303
1506791747
1506792559
1506792620
1506793289
1506793368
1506793634
1506793935
1506794247
1506794633
1506795076
1506795343
1507619293
1507843439
1507860186
1507992537
1508146925
1508158836
1508487779
1508498395
1508506172
1508516801
1508525873
1508531995
1508534889
1508552488
1508558970
1508569961
1508573896
1508576811
1508583812
1508587802
1508667196
1509217297
1509204292
1509207707
1509210957
1509212696
1509215676
1509218316
1509218994
1509220905
1509222588
1509224527
1509226111
1509228048
1509229484
1509231655
1509233265
1509238205
1509241749
1509242715
1509243010
1509244577
1509245501
1509228048
1509229484
1509231655
1509233265
1509238205
1509241749
1509242715
1509243010
1509244577
1509245501
1509374848
1509563315
1509587446
1509686467
1509724743
1509951378
1509961819
1509983462
1509995403
1510000273
1510003075
1510004824
1510007736
1510010842
1510014133
1510017225
1510022406
1510025743
1510028199
1510031478
1510046140
1510049451
1510064867
1510074250
1510079147
1510089582
1538349689
1510246828
1510253781
1510267287
1510287885
1510294037
1510310810
1510663765
1510697748
1510704487
1510710639
1510718988
1510723059
1510726446
1510730143
1510736290
1510745468
1510749234
1510756203
1510767645
1510771317
1510774520
1510776749
1510780710
1510867796
1510880995
1510891205
1510897411
1510910088
1511461570
1511479597
1511483697
1511489024
1511495018
1511501170
1511505688
1511511319
1511521701
1511529639
1511533527
1511537503
1511543971
1511549688
1511557193
1511562625
1511568829
1511577125
1511585091
1511606710
1511614960
1511620760
1512090115
1512100407
1512119444
1512127002
1512136793
1512142076
1512155957
1512181164
1512195993
1512219276
1512228072
1512234698
1512656477
1512665040
1512680099
1512696295
1512703993
1512724146
1512737013
1512745374
1512766972
1512776343
1512781423
1512804029
1512813167
1512828860
1512837536
1512845112
1513849197
1513903101
1513970361
1514052648
1514609273
1512804029
1512813167
1512828860
1512837536
1512845112
1513849197
1513903101
1513970361
1514052648
1514609273
1514612676
1514740267
1514759965
1514874699
1514883764
1514907419
1514917335
1514932773
1515022168
1515090618
1515248093
1515260633
1515260976
1515662478
1515727084
1516318823
1516965902
1516967221
1516967885
1516968560
1516969257
1516969599
1516972334
1516974560
1516974699
1516974985
1516976243
1516983444
1516977047
1516979341
1516979820
1516981898
1516986444
1516983566
1516987393
1518035135
1518514600
1518517761
1518707184
1520171622
1520402395
1520451694
1520947977
1522155818
1522653606
1523527000
1524113815
1524411325
1524429614
1524445631
1524445317
1524453249
1524873511
1524902335
1524962785
1525035708
1525488673
1525699265
1526073681
1526895991
1527157373
1527161124
1527228032
1527309162
1528163691
1528192217
1528322718
1528555451
1528922267
1529438180
1529637998
1530182228
1530381152
1530453799
1530864254
1530889706
1530990493
1531523220
1531526898
1531554252
1531566545
1531674601
1551777742
1532154421
1532445423
1533310755
1533661728
1533672774
1533675868
1533677575
1533680210
1534472830
1534799279
1534799294
1534799723
1534801196
1534801388
1534802400
1534802699
1534802727
1534802873
1534803440
1534812332
1534804686
1534811431
1534805499
1534805865
1534807281
1534807705
1534811526
1534812383
1534812405
1534813744
1534813767
1534816181
1534816481
1534816686
1534818253
1534819690
1535002343
1535010460
1535010678
1535113368
1535308766
1535384372
1535797785
1551699344
1551704724
1551720830
1535906364
1551722092
1551729244
1535908301
1551744993
1551750040
1551752305
1551753618
1551757037
1551760035
1551768970
1551761464
1551765708
1551781928
1535977254
1536378682
1536432637
1536435828
1536605133
1536630140
1536829404
1536829792
1536832551
1536833445
1551779883
1551195635
1537308870
1537333119
1537468986
1537769333
1537795166
1537817868
1538295094
1538348386
1538530989
1538535604
1538585614
1538785092
1538805079
1538829967
1538869383
1538907910
1538944702
1538978706
1539038022
1545766221
1545770072
1545770143
1539463922
1539471752
1539709229
1539728462
1539914363
1545767289
1545765311
1545767245
1540494270
1540529828
1540557906
1540582599
1540598025
1540620339
1540743113
1540770940
1540833010
1541482647
1541501560
1541506006
1541515293
1541520488
1541568904
1541765095
1541825169
1542083007
1542083409
1542087773
1542088069
1542088558
1542102708
1553564244
1542108884
1542108896
1542109649
1542109654
1542110565
1542110845
1542111340
1542112159
1542338299
1542338769
1542346755
1542346925
1542469095
1542602937
1542611927
1542616586
1542620482
1542624418
1542626937
1542634164
1542648429
1547604797
1547615435
1547628474
1547652709
1547696546
1552230326
1547712225
1547721458
1547747373
1547762672
1547824564
1547847307
1547853612
1547885693
1547971216
1548236157
1548267443
1548327730
1548336882
1548389147
1548397207
1548707259
1548760033
1548905621
1548928959
1548983990
1548991194
1549065566
1549075422
1549147351
1549322711
1549324977
1549328444
1549330825
1549335124
1549335386
1549342713
1549350636
1549355770
1549373230
1549391043
1549487032
1549485613
1549486533
1549493660
1549509450
1549590005
1549867419
1549938589
1550308007
1550332324
1550366404
1550409962
1550412716
1550416138
1550422486
1550424322
1550433265
1550442548
1550444668
1549328444
1549330825
1549335124
1549335386
1549342713
1549350636
1549355770
1549373230
1549391043
1549487032
1549485613
1549486533
1549493660
1549509450
1549590005
1549867419
1549938589
1550308007
1550332324
1550366404
1550409962
1550412716
1550416138
1550422486
1550424322
1550433265
1550442548
1550444668
1550471671
1550501164
1550644519
1550693566
1550695570
1550719368
1550763647
1550765241
1550796170
1551025595
1551107701
1551112460
1551114271
1551115725
1551122294
1551125035
1551234593
1551235867
1551236025
1551239249
1551263824
1551285728
1551307782
1551312112
1551312302
1551312432
1551318972
1551324505
1551330123
1551332461
1551336659
1551339369
1552724845
1552730236
1552739515
1552754611
1552781092
1552782563
1552786321
1552793185
1552797044
1552801962
1552809568
1552814631
1552818903
1552819393
1552973279
1553004929
1553013707
1553026004
1553034919
1553044434
1553112374
1553388474
1553433038
1553556764
1553606434
1553851233
1086743915
1456939013
1492146536
1070928199
1347558990
1383778514
1466578829
1296619964
1139488088
1245527296
1507198441
1112676292
1279255354
1278116489
1056784135
1106882037
1279631586
1245539436
1413849312
1520651915
1148574822
1351632247
1503691392
1234304171
1509567736
1074316346
1071002944
1098385410
1170181982
1446410170
1130072836
1503543451
1503593454
1437157766
1555892192
1555898886
1555926853
1556005862
1556030896
1556059602
1556086431
1556109542
1556125067
1556143214
1556184881
1556505864
1556601062
1556635252
1556657134
1556660752
1556672967
1556690903
1556696836
1556748643
1556814558
1086743915
1492146536
1070928199
1296564070
1347558990
1383778514
1392372098
1456939013
1466578829
1139488088
1245527296
1507198441
1296619964
1056784135
1106882037
1279631586
1112676292
1279255354
1241087983
1245539436
1278116489
1413849312
1520651915
1148574822
1351632247
1503691392
1509567736
1074316346
1071002944
1098385410
1170181982
1446410170
1130072836
1503543451
1503593454
1437157766
1124414401
1385786917
1471840507
1025762464
1220277959
1324488603
1197495068
1480578087
1491482474
1513347829
1174448919
1465625435
1507915579
1197504067
1316225777
1324504264
1324519337
1476174157
1117265010
1173486029
1356852485
1458140389
1464241575
1155171115
1360257613
1443671779
1534878765
1324432789
1490620282
1495495561
1157290723
1455019044
1455215292
1107698534
1132264643
1509714688
1513069777
1124436176
1305885108
1310605059
1360232569
1488226904
1495464308
1209766616
1457887620
1470279695
1541747172
1383279802
1516651940
1014583771
1031202232
1372501240
1445175786
1469443171
1495465098
1123875644
1196877690
1218978582
1541113846
1309089998
1448128828
1459009970
1483302997
1483392134
1484925630
1491352303
1108926795
1129375983
1139516567
1221975177
1437268375
1445077902
1070674658
1131240902
1347594091
1534014288
1006788472
1393269749
1445167575
1517173294
1028323385
1028355306
1055474048
1124788753
1177324269
1341081982
1446847110
1460872831
1463759802
1480464065
1509705304
1533637346
1535529887
1536614044
1539970044
1541504348
1028425902
1088806536
1219001274
1288823721
1347533061
1475574886
1499011261
1527202055
1420766831
1461528515
1463835239
1533585186
1535038736
1536459987
1536564298
1536573378
1293733637
1343355769
1415979244
1425104536
1508742539
1531858731
1190905548
1465493916
1501650834
1524861887
1535422286
1542610741
1099213442
1165056874
1251601128
1202530623
1238089583
1357941019
1460866783
1461108621
1475588304
1478428741
1483575439
1483997560
1500054424
1028945738
1070675577
1070425257
1129347844
1187428145
1196928976
1338171228
1383270254
1408484673
1489756729
1531705622
1028427174
1113014226
1124620638
1199294488
1407944480
1416220248
1420331560
1488245428
1501646990
1514612961
1525891566
1527203025
1084324994
1123878677
1343222120
1434031479
1444928622
1489420383
1503644072
1519125683
1070668628
1085587018
1167063278
1056059286
1477230190
1530860241
1539477178
1039490797
1067497638
1070427837
1068683024
1069153651
1090692019
1113862313
1172509021
1405124716
1410601844
1420090322
1421366546
1486096301
1488211529
1490310833
1499073002
1500069808
1501646927
1502354232
1513879735
1525305222
1525957490
1527176614
1531727849
1204353855
1219062987
1209141567
1477651568
1127390796
1158496411
1308644927
1414731616
1424153634
1115590802
1477200643
1506877387
1029005115
1093642296
1099199619
1108901885
1127409847
1127419503
1131190555
1139426683
1139477053
1139495122
1155165003
1155169613
1252411233
1192670633
1291123519
1335545420
1344664410
1347496499
1385740575
1405113928
1405132384
1418887616
1440959953
1444934333
1444948271
1445001081
1452763006
1452925974
1453424211
1454969521
1455085497
1455167030
1548878912
1548894427
1549285174
1550861964
1552270993
1552479863
1552763134
1553617540
1555887187
1139443667
1345462329
1347487565
1347603164
1383257538
1405124716
1410601844
1420090322
1421366546
1486096301
1488211529
1490310833
1499073002
1500069808
1501646927
1502354232
1513879735
1525305222
1525957490
1527176614
1531727849
1204353855
1219062987
1209141567
1477651568
1127390796
1158496411
1308644927
1414731616
1424153634
1115590802
1506877387
1029005115
1093642296
1099199619
1127409847
1127419503
1131190555
1139426683
1139477053
1139495122
1155165003
1155169613
1252411233
1192670633
1291123519
1335545420
1344664410
1347496499
1385740575
1405113928
1405132384
1418887616
1440959953
1444934333
1444948271
1445001081
1452763006
1452925974
1453424211
1454969521
1455085497
1455167030
1463873565
1475870359
1477200644
1477767087
1485582775
1489755116
1490716047
1490747483
1490763732
1498319422
1501648135
1501650315
1505356042
1508923076
1509341194
1512598058
1515443201
1521284314
1521915511
1529730826
1538474066
1540090641
1544937966
1547617380
1547636870
1547660193
1547754591
1548821188
1548858675
1549599455
1551321551
1552801221
1555971344
1108901885
1207560004
1400360105
1537244704
1101443343
1130134737
1307798712
1513464258
1511028962
1536619239
1537342877
1314443491
1265868000
1444526316
1538690232
1166120039
1187583958
1314316202
1499016633
1074191096
1174725198
1442989067
1122959649
1133553628
1506650153
1538685243
1540217818
1548961853
1014576687
1494742696
1275724463
1170152957
1088747466
1033467830
1098381163
1252395079
1204360369
1441702044
1068265131
1422884565
1290306575
1509435872
1161505859
1195429455
1131328675
1308007209
1031656226
1315241304
1037370446
1108947787
1362827367
1424152085
1424153541
1455233093
1456552132
1536579642
1252438462
1502476302
1122983480
1343275314
1437175000
1337862001
1527591099
1035588363
1195846070
1436466646
1307516909
1492123109
1523771033
1056375249
1433831555
1509596744
1515659547
1509191774
1527098904
1351602850
1049925782
1101432698
1106079088
1088746829
1458140759
1124642608
1493023830
1136718477
1344658139
1462256267
1529469986
1070670833
1344656526
1088704612
1208634130
1298716663
1425051821
1433015089
1279518359
1172510863
1214407685
1392733935
1457502749
1509316165
1121091644
1345456057
1411532717
1500085328
1251669089
1383287045
1457504241
1527146664
1534060061
1535800200
1125079133
1155191174
1444551765
1502497363
1114624383
1117034843
1124180306
1124211369
1129470113
1132215860
1133479917
1165255522
1195973084
1198420439
1210494578
1430746810
1430748067
1490870020
1491245962
1491343872
1492063042
1492109576
1492175602
1492186327
1492642022
1440001212
1453125502
1457504729
1457503489
1458143381
1465584376
1466154967
1492365254
1501650319
1052793745
1485324792
1520667934
1458195783
1539010774
1093727347
1113835808
1124959345
1199656382
1242367173
1309027727
1344657968
1378271080
1378400641
1391778074
1427230394
1422435879
1425021675
1440881714
1440917639
1451550964
1453186333
1453219964
1453769959
1457503479
1458143397
1458194101
1462248572
1463814513
1477821232
1478344047
1482589757
1485319242
1490277421
1492452827
1493153694
1501650840
1509169563
1509184159
1509216899
1509555994
1509769044
1516403649
1520520964
1527227059
1528898372
1531021353
1533331670
1535172341
1541124135
1543223406
1545101587
1544976811
1547580848
1550456508
1550548444
1552218936
1552303495
1552324508
1093904758
1200581395
1398040046
1503464571
1501646773
1050355640
1103566623
1140045686
1457502483
1503450719
1093941809
1272338270
1091483891
1315161600
1501646649
1501648635
1109672292
1122950817
1308133765
1478378658
1501645142
1501646873
1436353637
1537579070
1113797118
1191408159
1202541331
1530474990
1544943617
1479356094
1055681512
1368954069
1052631975
1431799205
1468776901
1501642628
1501645055
1538742865
1549285174
1124197990
1508073720
1291058835
1533310755
1538785092
1542083007
1542087773
1542088558
1542102708
1553564244
1542108884
1542108896
1542109649
1542109654
1542110565
1542110845
1542111340
1542112159
1547202453
1547211321
1551235867
1552007333
1555716899
1555874660
1555892192
1555898886
1555926853
1556005862
1556030896
1556059602
1556086431
1556109542
1556125067
1556143214
1556184881
1556505864
1556601062
1556635252
1556657134
1556660752
1556672967
1556690903
1556696836
1556748643
1538549773
1538535609
1460667614
1537862495
1467671007
1556363796
1536605129
1540205043
1489435572
1520252002
1503574525
1460600129
1112792308
1186991753
1187409214
1407904301
1094700845
1347608440
1177159160
1405971740
1542640442
1028923131
1199662237
1506057391
1293788563
1029007599
1130046659
1215195750
1278153348
1501645055
1538742865
1556684904
1124197990
1508073720
1291058835
1557417933
1520252002
1503574525
1460600129
1558647527
1558652602
1558653147
1558654859
1558656075
1558689841
1558689853
1558689967
1558690476
1558691546
1553388472
1553433038
1112792308
1186991753
1407904301
1347608440
1094700845
1177159160
1542640442
1028923131
1199662237
1405971740
1506057391
1293788563
1470823403
1029007599
1130046659
1215195750
1278153348
1532605802
1530813000
1191800669
1444852207
1457504290
1192209101
1219025682
1427657789
1013172328
1130109206
1262607236
1028993841
1357527055
1206723666
1214313740
1420484723
1087533618
1035388128
1315157731
1432810162
1495469511
1017544919
1123088805
1130079206
1131165344
1264960004
1170937426
1534750792
1475125397
1477972050
1394729766
1483105082
1537210294
1315231275
1502993520
1510088828
1499981046
1457503639
1463657241
1530779921
1542102713
1542105116
1542108901
1542109458
1542109643
1542112164
1542112363
1555887187
1538557283
1539872770
1460619951
1453508603
1457504329
1506359060
1070668934
1054663921
1088700336
1091706880
1100469347
1113830545
1172510324
1189916053
1214321543
1214344052
1425124576
1425153608
1461106621
1478307114
1502720364
1506425562
1518021712
1533699417
1550379657
1551872983
1551974309
1551979110
1551980549
1551982340
1551983073
1551983458
1552011042
1552585523
1552824316
1064175750
1219050624
1545092522
1490447870
1124633721
1518340313
1287524163
1469486586
1495451817
1533740101
1555971344
1467661763
1130120301
1133454402
1172510626
1278127491
1360335832
1434034258
1434418502
1446417914
1453063849
1453634437
1458138294
1458140466
1483269576
1487208935
1493322701
1501646458
1509435869
1512601677
1524161234
1529983853
1537217817
1545204906
1550356301
1132250894
1158418701
1201334526
1218896503
1447427433
1470290521
1100925007
1444987225
1107323665
1222325502
1498333956
1444177941
1491469838
1506500084
1470824732
1472585092
1477807283
1131162472
1393072289
1495490528
1118746685
1384235436
1187017274
1500964869
1518265614
1095521753
1115730169
1169966955
1323844999
1495472634
1507330189
1518002485
1028998617
1470823421
1133467932
1134528499
1134547708
1170938967
1195961938
1480696131
1489525376
1491064685
1491330980
1491348418
1491567721
1492877914
1495445723
1495495830
1495494103
1536619236
1537839709
1421250785
1538974633
1070110912
1131205532
1170206877
1056017491
1279526434
1485335932
1529959791
1117579772
1509363777
1077582643
1198453641
1455096613
1500957835
1266376550
1034847575
1219054653
1509349175
1120411037
1358043807
1103401461
1313258183
1394693377
1455098912
1470825866
1332768605
1345454033
1458195951
1034839032
1470375518
1538052151
1403520556
1442023849
1466772550
1495446703
1540096603
1198381210
1276076914
1315148354
1315166335
1315229057
1315244328
1315257210
1315271419
1315278837
1473692337
1507235387
1039514795
1137451083
1529966279
1544664565
1214363403
1289531133
1436803753
1457503888
1466155140
1050974041
1113872116
1165242412
1458142777
1466156911
1514787560
1458196165
1495490609
1523926294
1132292620
1140753669
1457503665
1485333543
1499873426
1510087639
1530333583
1035590181
1497992797
1519175457
1526342938
1545071621
1503380116
1338058830
1384210877
1417963878
1432842348
1499143860
1518365753
1200669165
1384951554
1506628884
1509781816
1545078016
1201136608
1214457900
1523926294
1132292620
1457503665
1485333543
1499873426
1510087639
1530333583
1035590181
1140753669
1497992797
1519175457
1050974043
1503380116
1526342938
1338058830
1384210877
1417963878
1432842348
1499143860
1518365753
1200669165
1384951554
1509781816
1545078016
1214457900
1304258211
1462898526
1474299670
1510346093
1113808233
1113814268
1129443552
1134505818
1134535450
1160764115
1170942007
1201136608
1420645005
1491043348
1491110130
1491374971
1495454851
1495616259
1500094523
1165266549
1384274251
1441362687
1455090686
1457498917
1501645022
1514767111
1522633294
1539008398
1069377015
1124638247
1154363603
1434054162
1457135018
1500240985
1501651138
1534572547
1540064079
1208607618
1218904125
1489564752
1013446474
1070669396
1123951307
1293726129
1452094757
1534188683
1039846925
1219036800
1241085239
1278279158
1437386842
1142624191
1069182355
1113845096
1157320091
1172473092
1293719513
1304539633
1368964439
1425037072
1425132188
1425146307
1427666936
1452102211
1453028755
1453112411
1454923861
1455189094
1500435618
1501648629
1501642618
1501648634
1518719242
1519153670
1538538445
1540125333
1542088368
1542342961
1173379985
1252414719
1291016402
1414948672
1419475202
1425365497
1443537179
1453089327
1457502547
1471058117
1478470713
1483198814
1490592530
1508426878
1530960559
1439293570
1545092522
1420638357
1495466946
1100543955
1504551589
1510377306
1166251495
1052760373
1187815599
1218971903
1445322213
1016080934
1054536475
1070490065
1070996081
1166596942
1195909324
1196676998
1241584945
1260708839
1293724688
1360250089
1364046190
1418896264
1434056843
1445320930
1453058926
1455494197
1477816479
1482397085
1482402306
1483220952
1489647400
1499956271
1501644473
1501646590
1504126538
1504150231
1504604497
1506628883
1509649293
1510841172
1529948524
1529955115
1536446836
1537254117
1538710760
1539993650
1545110336
1545116664
1548554113
1548654917
1550507627
1552107272
1552133731
1552776958
1554204095
1556200348
1556824694
1556824719
1556824998
1198393944
1199608402
1208724196
1208867028
1289536012
1344658336
1392785564
1471188696
1490840705
1491167284
1491311623
1491337948
1491365175
1491477976
1491560495
1491629047
1491982256
1492044204
1492070950
1492204276
1492722807
1492819723
1492858401
1495443168
1495448837
1495490884
1495491792
1495498005
1495498967
1548958229
1491430218
1556684904
1489415740
1457503469
1190637360
1039838920
1070051227
1085455500
1132361709
1456492950
1483756485
1535795177
1544943172
1552148649
1071052158
1440502138
1125049495
1142625225
1240337106
1315226065
1391558669
1432223321
1453056039
1434040787
1130020244
1133427844
1337998855
1360257615
1495450700
1485321461
1491430218
1457503469
1190637360
1039838920
1070051227
1085455500
1132361709
1456492950
1483756485
1535795177
1544943172
1552148649
1556746022
1071052158
1440502138
1125049495
1142625225
1258708103
1315226065
1391558669
1432223321
1453056039
1550530524
1130020244
1133427844
1337998855
1434040787
1495450700
1538473511
1485321461
1084473289
1017852291
1079547039
1197979921
1465500867
1070668844
1432975954
1455163138
1485328597
1479888665
1522372776
1434014801
1507294223
1513632069
1479075115
1514788989
1516588642
1455270235
1495492834
1208615483
1432216027
1213655354
1455253951
1457500599
1457503867
1545062741
1545085742
1392777662
1545052022
1102902592
1200656048
1458981851
1545069450
1470296334
1476293724
1495453581
1509646262
1089532127
1239193399
1457498898
1538046084
1130036013
1520703701
1545047151
1084869536
1107718886
1475364907
1497953444
1441235579
1455185927
1463799803
1478414459
1501646466
1544937700
1545109261
1107723452
1444121655
1470316529
1483318675
1529434745
1115233083
1119419596
1123127256
1132277347
1133415072
1134495863
1160540318
1160696221
1160755686
1163118047
1189893595
1420601622
1448302197
1457500025
1462067781
1488574906
1490569014
1490857601
1491089795
1491227406
1491284547
1491457819
1492566809
1492905732
1492943242
1495486024
1495487872
1495487885
1525128997
1069981183
1519114746
1535809089
1117541871
1293808196
1444901720
1545077339
1545094113
1520849895
1471341042
1084879054
1100031930
1488558535
1545835172
1157314697
1251669073
1214211553
1214358332
1422518765
1425013962
1425030814
1440821161
1448129672
1457501884
1501646594
1501650740
1504117487
1511716483
1512161946
1524862086
1536461840
1544633467
1550730433
1551108963
1556721745
1054582174
1200488234
1347626496
1381185551
1444848701
1530930584
1546405248
1099187775
1305075894
1139123576
1282991904
1516088821
1034825049
1056364137
1056761200
1085513037
1085963216
1120592532
1125102136
1125113864
1139123817
1315274387
1364039792
1375670527
1416688884
1434049256
1548509834
1548520826
1548540659
1548574734
1548592868
1548630305
1548651370
1548679245
1550530524
1550947528
1551076929
1551314675
1551316457
1495440517
1526039229
1095553169
1196660982
1127671747
1169961900
1311761761
1420589018
1103593798
1114661157
1495447072
1471189266
1530649490
1111622873
1186883721
1339433257
1471189029
1096171519
1198443954
1119395109
1120286857
1160501750
1160554499
1198015057
1354660744
1384180835
1478789217
1483827511
1489539530
1491367918
1492002420
1492011842
1492092574
1492210520
1492279278
1495492541
1495498299
1495499112
1524795882
1552170463
1142622611
1163635873
1156879860
1363132150
1383261875
1449112104
1477592396
1471189029
1198443954
1096171519
1119395109
1120286857
1160501750
1160554499
1198015057
1354660744
1478789217
1483827512
1489539530
1491367918
1492002420
1492011842
1492092574
1492210520
1492279278
1495492541
1495498299
1495499112
1524795882
1552170463
1384180835
1142622611
1156879860
1163635873
1363132150
1383261875
1449112104
1477592396
1515787551
1516372151
1219008633
1447466857
1430004705
1493403578
1548948852
1161481756
1219070117
1136815266
1219010912
1147926454
1195906250
1447589165
1124342909
1440004144
1522578579
1275840876
1447476752
1527302740
1240420674
1447779727
1039842682
1462095478
1500967549
1077349328
1357567573
1447448374
1512749372
1392520225
1377031773
1492033842
1512826423
1425108079
1434005358
1085965799
1306674604
1454937205
1540228267
1208708197
1540263345
1014278320
1334778055
1495551924
1151067037
1513944572
1525372803
1470815501
1088230615
1114644545
1129457655
1157296768
1219077411
1259341726
1393903770
1423878481
1439115905
1458141526
1490752442
1490938179
1491989520
1495498287
1495498488
1495499842
1495616753
1508579668
1516693917
1524750384
1527223817
1527225900
1529774959
1085541713
1179137883
1440964081
1471352541
1377015192
1385881343
1393955018
1457504762
1458139069
1511687375
1214557763
1538473514
1085980865
1214336011
1275713280
1354645572
1371239666
1407659531
1453031990
1453084664
1458140460
1460944928
1471189389
1480004325
1498306865
1501645311
1501646519
1501648842
1527226670
1534605960
1535906925
1536477111
1551071225
1500478444
1039845602
1213393623
1219087597
1393312702
1276082140
1492644776
1120510989
1279247624
1463315482
1499115710
1536323606
1039859634
1085985146
1092997888
1195895342
1377026983
1453034716
1453040694
1453057092
1453067755
1453356534
1457502469
1466155868
1492217532
1503334743
1508514019
1518316083
1545844459
1548948852
1551107077
1281587362
1303414985
1163749481
1495614896
1542110943
1500435616
1134513606
1495440948
1501644306
1501648125
1155182867
1056747822
1142981358
1515229889
1515579025
1086786294
1187847670
1039858771
1363157750
1114657706
1129450382
1134538127
1432214187
1471190731
1471340171
1471340656
1471340709
1471449408
1492137819
1492263214
1492271119
1492280496
1492285076
1492582382
1492739692
1495440151
1539731682
1553505172
1097731023
1504069655
1055717335
1056357525
1517756745
1441242343
1477193190
1418844019
1064356518
1145045722
1276056343
1308357929
1515520332
1209567462
1281079252
1333153740
1180008578
1192725395
1289624261
1424153344
1033603982
1253938763
1035593621
1134509476
1166886211
1490531269
1492197413
1495464324
1521933227
1542673537
1161564918
1411362658
1102333984
1493424362
1389428093
1491697543
1477193190
1418844019
1276056343
1308357929
1515520332
1145045722
1209567462
1241269588
1281079252
1333153740
1289624261
1424153344
1033603982
1180008578
1192725395
1253938763
1035593621
1134509476
1166886211
1490531269
1492197413
1495464324
1521933227
1542673537
1161564918
1411362658
1102333984
1493424362
1389428093
1491697543
1344656971
1458193722
1458194392
1458195959
1458134622
1476303446
1315373696
1521528035
1091802056
1185816453
1187829694
1504160893
1527817571
1478727101
1492261235
1495618460
1117703848
1333094428
1344658330
1430027547
1524897789
1293724313
1471340790
1519725132
1172509476
1411688913
1419381676
1529586185
1142892064
1538312334
1048473922
1133134921
1192735616
1357975698
1501645068
1516630162
1086002587
1214351424
1411365552
1460171444
1480261602
1085420904
1096247867
1417940437
1514872044
1145045117
1476201477
1501645864
1518276367
1425064339
1463359682
1298757152
1354701789
1385923722
1444537834
1447483616
1471064780
1491503099
1491973758
1495495544
1495498088
1495552691
1500980705
1516644608
1529683956
1542479343
1142618658
1316386313
1377044781
1478696019
1482025580
1518651240
1519707954
1529962692
1544948764
1279281533
1142614640
1335759828
1394747957
1452080276
1501274762
1137414311
1192999503
1541408826
1544935024
1432855981
1091528049
1138788169
1213658096
1257914861
1299092293
1357901947
1394659843
1411595120
1411697322
1425099222
1440897727
1447418415
1452136658
1456051307
1466473682
1475393254
1505216377
1505255514
1510238252
1519716661
1526660419
1539433038
1539442618
1549888287
1551918308
1551974722
1551984631
1551982367
1551984434
1552583547
1553402546
1107244858
1163734833
1445316206
1192982324
1364029595
1444128300
1428478277
1438837756
1412647743
1447965810
1163759205
1308242227
1308972856
1311554548
1377007107
1394728808
1394742668
1407649874
1433585651
1434009808
1434042945
1441454903
1443362844
1444174256
1444866073
1444867660
1444916555
1444924669
1444946550
1453237562
1458194873
1470815497
1470816817
1488822986
1500957193
1504131742
1516487579
1517713528
1518284262
1518296068
1518844211
1519733536
1529918426
1529928674
1533128598
1534812913
1539960388
1547878398
1548338746
1548513771
1551189229
1554032205
1555693408
1363221535
1157029192
1163119080
1313422298
1476175506
1308276995
1100976617
1529711546
1316426595
1517409928
1103438628
1306452756
1407661665
1457503141
1530707383
1186043853
1190628700
1395844901
1453604837
1240569835
1470824735
1357694569
1136827786
1240324799
1448132319
1471340771
1477233662
1492457726
1495441556
1425932951
1135954353
1167697326
1364037046
1400043085
1441218213
1445098815
1539024383
1544943612
1173155677
1529934398
1411707145
1215780389
1318365664
1507686321
1306277061
1440432519
1380594794
1516341434
1352061561
1427655581
1517065757
1173356179
1120495416
1161505348
1441449627
1449198138
1100483484
1136822447
1319083571
1485331110
1492927042
1493112348
1495432535
1519354305
1407642137
1436792456
1241038769
1519153947
1519216600
1172509315
1272483898
1520382147
1101093177
1306064246
1398628378
1477036298
1517341436
1440718488
1444858760
1519179414
1371220907
1434020102
1534203505
1538920578
1276050373
1304191152
1477587025
1527226461
1544937693
1545083453
1137435513
1240371154
1452213750
1471056627
1483313175
1495441730
1500952680
1502918974
1508494965
1514780346
1276069294
1440901861
1530856545
1142925483
1231893865
1437071650
1496146943
1085566135
1172508950
1191478040
1193044862
1272511528
1314072438
1440906305
1441431288
1441864291
1444860335
1476647655
1483291236
1500141844
1500959907
1500965234
1502108821
1502916753
1516414837
1517728127
1520396253
1544946968
1548029444
1276090367
1476560045
1515959625
1300325504
1514798297
1129377309
1429118821
1465410304
1536775362
1434277327
1187436541
1059927380
1276085012
1383248102
1500957847
1274978026
1420417413
1491656492
1509284452
1142929079
1354626401
1383212699
1477625244
1516364979
1516518923
1516544587
1291177415
1427673167
1432766349
1441226300
1555490034
1536775362
1429118821
1434277327
1187436541
1059927380
1276085012
1383248102
1500957847
1274978026
1420417413
1491656492
1509284452
1142929079
1354626401
1383212699
1477625244
1516364979
1516518923
1516544587
1556507532
1291177415
1427673167
1432766349
1441226300
1274953748
1384883971
1091839802
1159052234
1416935061
1169273900
1293724880
1427677651
1168459519
1227028709
1398140079
1499597028
1312952120
1212505022
1500965074
1500972739
1500976766
1500990470
1285807858
1439221959
1530856541
1439317763
1212495205
1093726103
1444515728
1540758015
1137481812
1272414311
1444123983
1483192418
1544937689
1241688468
1316392530
1351934982
1313431393
1316437731
1120502057
1240283445
1099148606
1501895171
1502677030
1242881644
1316336033
1444180138
1447512752
1475414197
1503306967
1508302677
1514066508
1514804042
1517010081
1551344799
1215425090
1241247973
1490806615
1335757743
1514900046
1305934115
1416676031
1449970587
1458194982
1477220657
1477619335
1479068421
1483130010
1492157660
1492614236
1500956740
1500972950
1500979271
1516639247
1517385254
1207532058
1316382088
1438774262
1533052588
1133333064
1190672951
1319097569
1478788543
1489634829
1489650996
1272526487
1353001623
1538306369
1214370483
1344656580
1096180425
1133393393
1137470881
1137479093
1376955375
1492962632
1495434188
1439247063
1174553519
1142622083
1272435566
1416968317
1477899388
1500956202
1500958860
1500958896
1500968607
1500969064
1500978867
1513843112
1514042222
1514758492
1272427835
1510056286
1514876884
1219013813
1356637480
1449082042
1538935304
1555693408
1135985429
1142925222
1200384798
1129140795
1135976669
1135984086
1448985165
1484772930
1418023993
1447433478
1015830777
1504100761
1545041542
1252629336
1470446781
1533989527
1160134366
1321912059
1267077574
1275848937
1275854696
1425932862
1483306740
1500960431
1500964366
1514750465
1514784182
1514801397
1516418300
1516519654
1516537583
1516596337
1142924681
1219008643
1382603186
1317901654
1529452978
1538317568
1471351774
1516148214
1444130157
1516507814
1516678903
1089799587
1133378402
1513893709
1514850431
1529906789
1275970321
1442064790
1515174978
1492624461
1499744173
1131143056
1137366257
1137380144
1138745395
1331574955
1441474349
1500951310
1500961372
1500961470
1500966007
1500978464
1500987838
1516712774
1551150487
1085552144
1194063945
1096521676
1142641812
1145761616
1311748607
1440483569
1190593519
1427279954
1503364886
1506657765
1537333644
1371433458
1070462185
1276059383
1093678217
1214306278
1272452629
1316430508
1316452584
1427278368
1447338016
1430768600
1471361931
1499740741
1499741202
1541652595
1542618063
1544946477
1546031847
1546038625
1272404990
1440483569
1506657765
1537333644
1190593519
1371433458
1276059383
1070462185
1093678217
1214306278
1272452629
1316430508
1316452584
1427278368
1447338016
1430768600
1471361931
1499740741
1499741202
1541652595
1542618063
1544946477
1546031847
1546038625
1272404990
1195132655
1142619532
1145405955
1241221268
1272470179
1376992865
1381213701
1405602786
1407632015
1446163967
1453189343
1458198377
1482887338
1482926007
1483250065
1499552350
1500947113
1500955753
1500957159
1500958452
1500964911
1500969087
1500979040
1500983686
1500992669
1503964027
1516460300
1516537469
1516549574
1516568383
1516582433
1516631084
1516652644
1529452977
1529989827
1555953543
1500969591
1500972521
1500973204
1500978072
1500983664
1508494803
1516444870
1516522083
1516584824
1516635095
1516658996
1516710653
1540771361
1142928111
1208425773
1191761537
1237653519
1447337465
1525977390
1301874206
1050223902
1444173331
1473064441
1232191470
1121257596
1238102434
1291156904
1071021248
1093720119
1142512356
1427279758
1447337482
1463389647
1500929845
1500948321
1500953015
1500985037
1500984060
1516387806
1516391471
1516490443
1473192635
1501296430
1093790184
1503007089
1132102981
1316416679
1452131438
1477214667
1488142927
1514773765
1074451513
1142927538
1239965040
1316377028
1316467904
1387598656
1473121945
1486172087
1516362815
1447337482
1463389647
1500929845
1500948321
1500953015
1500985037
1500984060
1516387806
1516391471
1516490443
1473192635
1501296430
1093790184
1503007089
1132102981
1316416679
1452131438
1477214667
1488142927
1514773765
1074451513
1142927538
1239965040
1316377028
1316467904
1387598656
1473121945
1486172087
1516362815
1014555323
1474511277
1093810181
1240403440
1316340692
1477217876
1519539780
1161514175
1527774709
1071012887
1071034860
1142923635
1206547238
1237110073
1316404527
1407630038
1452132753
1454728611
1477219395
1524503739
1527838485
1275516538
1500930771
1500956545
1500974983
1514756416
1515281793
1516353122
1516395385
1516477027
1516482751
1266350825
1275860258
1275864572
1316395278
1407653527
1425929808
1427278375
1430754129
1438661641
1449349269
1461127032
1471467854
1475614666
1488527413
1482115435
1483299339
1512111190
1513985657
1514588369
1516611049
1516615164
1516626294
1524496019
1530013024
1539859606
1539998735
1544941216
1546035400
1546050630
1099184743
1544946995
1534064878
1279555369
1313404077
1441277332
1486294048
1500949712
1500955890
1500963985
1500968594
1500971838
1503343652
1512106927
1514903939
1541237694
1549336858
1551979123
1551979495
1551980023
1551982961
1551983447
1551983641
1117706196
1538973609
1441295730
1500953095
1482989623
1516326810
1516694246
1442868395
1515646117
1441058108
1544940684
1142618663
1240394704
1316331953
1482278996
1133383485
1353334452
1416944158
1470546403
1500956539
1500964438
1500978223
1514743205
1514783105
1514907796
1515558249
1515719002
1516362516
1516434092
1516673076
1533223709
1285568603
1484238630
1489583511
1500973179
1240392234
1485808434
1240289307
1272459737
1428546184
1316400422
1543197413
1303452669
1441353430
1556015035
1240370697
1316410661
1500981482
1477196027
1489617726
1500960865
1500964865
1500979285
1500980263
1500981039
1500981448
1500985079
1516328373
1516410559
1516600509
1516602708
1516632413
1521433836
1285512086
1303420503
1477068258
1461662339
1488136793
1303431621
1441386587
1528406891
1533304878
1514783450
1285598200
1404260129
1482980522
1533259938
1135976106
1285544584
1476862558
1477044080
1514756693
1516515543
1514904044
1514905936
1445406067
1500965046
1500985520
1514903835
1514906289
1515320426
1516379259
1534272853
1535576930
1425932854
1427694372
1538388978
1242295787
1329307602
1451926620
1442181646
1499314393
1499582791
1503011600
1191757066
1427281032
1427277423
1427278789
1427280342
1441063620
1441338003
1476863040
1477166498
1482907203
1482918932
1482929717
1488718767
1489603857
1494471949
1497217416
1497746504
1502983580
1503916883
1506664614
1515644728
1515719919
1516621229
1528276787
1451926620
1442181646
1499314393
1499582791
1503011600
1191757066
1427281032
1427277423
1427278789
1427280342
1441063620
1441338003
1476863040
1477166498
1482907203
1482918932
1482929717
1488718767
1489603857
1494471949
1497217416
1497746504
1502983580
1503916883
1506664614
1515644728
1515719919
1516621229
1528276787
1412688416
1316962322
1240956330
1347566613
1351743273
1383791719
1403583102
1416801157
1433017090
1441324254
1441331272
1478959790
1463959429
1476193385
1500953114
1500983633
1514764580
1514765485
1514894665
1514896124
1514916704
1514948098
1516327032
1516339107
1516442452
1516476824
1516523709
1540006651
1544938276
1551344029
1552270895
1468201293
1517858243
1285609191
1441287064
1503795509
1240375819
1480217841
1388023489
1431963328
1457657088
1485802198
1500992682
1504184676
1486530348
1142928583
1324772212
1478321742
1500951844
1285766556
1308045732
1241116291
1285509178
1441371857
1482931914
1498224772
1430001600
1142926823
1268935044
1456911427
1476189305
1476191106
1500969944
1500979431
1500973140
1514785465
1516344729
1516446898
1516496454
1516508187
1516595730
1555953543
1555983781
1556419559
1241248838
1149497616
1411891759
1201329845
1477005316
1498178554
1504178175
1544015121
1550152784
1198017357
1285817827
1240358095
1131711925
1309987803
1441313811
1458677193
1475256360
1142926823
1268935044
1456911427
1476189305
1476191106
1500969944
1500979431
1500973140
1514785465
1516344729
1516446898
1516496454
1516508187
1516595730
1241248838
1401350098
1149497616
1411891759
1198017357
1201329845
1477005316
1498178554
1504178175
1544015121
1550152784
1285817827
1240358095
1131711925
1309987803
1441313811
1458677193
1475256360
1500952716
1500958834
1500978165
1514866183
1515170974
1516366915
1516379356
1516616480
1545151804
1552750910
1555358974
1319126602
1388023488
1347551336
1419641166
1495646069
1163934198
1500986143
1060934751
1456037526
1493411006
1354687573
1242788002
1240948646
1453125773
1476185791
1476192762
1495032288
1514747062
1514900873
1514905023
1516341248
1516463385
1546235426
1556654161
1515007730
1458308767
1539118398
1240271374
1240422518
1241735931
1172510459
1242975010
1514762676
1240300877
1259684165
1310628743
1316975258
1476197337
1476751117
1500950096
1500963929
1501462456
1514841799
1514845240
1514859522
1514862851
1514908450
1556646366
1500920104
1501454406
1542458121
1481386469
1514863964
1545228544
1555646502
1388024841
1530095070
1294280545
1545503265
1531046488
1499298224
1500950115
1500952976
1500961341
1500962504
1500964850
1500968545
1514760708
1514821313
1514958207
1515258117
1516596387
1516608321
1442061317
1351751631
1524080016
1476857814
1501062425
1545465772
1551580263
1514890138
1199892772
1407643302
1443607525
1483817866
1500951109
1500957926
1500966337
1514816997
1514823104
1514826661
1514828157
1514837432
1514841307
1514841358
1514849656
1514851888
1514853066
1514854556
1514859650
1514859678
1514862443
1514866190
1514868101
1514869120
1514870180
1514870191
1514870219
1514870782
1514870809
1514871000
1514872387
1514872746
1514872934
1514875788
1514876476
1514882215
1514884122
1514884747
1514885620
1514886198
1514886220
1514886535
1514890282
1514891749
1514892542
1514893792
1514894412
1514904748
1555343518
1240537582
1541093272
1549120343
1514854689
1500951067
1500956315
1500964840
1514738472
1514828883
1514889910
1514907548
1514921485
1516480544
1514870130
1132097871
1514898292
1514900818
1500942758
1500948303
1500949696
1500951175
1500955812
1500956847
1500957180
1500957998
1500958744
1500965972
1500969922
1514743442
1514760513
1514798889
1514812999
1514816794
1514818653
1514819688
1514827250
1514829571
1514830343
1514847129
1514843588
1514844615
1514844933
1514846203
1514846513
1514851594
1514853196
1514853213
1514854538
1514855233
1514858801
1514860893
1514861633
1514863183
1514866619
1514868894
1514873133
1514872467
1514873352
1514874915
1514875314
1514880666
1514885740
1514886560
1514888508
1514889980
1514890306
1514891202
1516674363
1542393322
1542398992
1551726650
1514908168
1460055969
1509924961
1550111053
1556650375
1514905797
1514885257
1514852405
1514884571
1514896548
1514909074
1514909437
1514909489
1515114149
1059882379
1514753183
1514910562
1322991924
1556001235
1514931847
1514904652
1514913037
1240382389
1500975785
1514905761
1514907334
1514973793
1515014722
1515056401
1515076600
1515106551
1515154971
1515157414
1515203213
1556026587
1556254693
1514911510
1515105646
1514916560
1468377372
1514908973
1514958554
1502741956
1514753250
1514905610
1514907721
1514908169
1514908250
1514908797
1514910184
1514912693
1514913764
1514913848
1514941275
1515058214
1515062443
1515111249
1515120659
1516332946
1514921012
1514978224
1400280386
1514907014
1515100996
1502737526
1541092270
1546032937
1549139063
1549256573
1550085633
1514904825
1514905903
1514908622
1514908632
1514914237
1514918513
1514929602
1514936318
1514940324
1514945662
1514964099
1514976121
1515099102
1547143280
1463710932
1514906442
1514978575
1515095411
1514996350
1514910529
1515132822
1463745694
1279170607
1514907909
1515019687
1514892629
1514905894
1514910065
1514910754
1514913450
1514948903
1514999675
1515144670
1515151197
1517619910
1526623102
1514907925
1514945283
1515015096
1514907105
1285499291
1514908246
1514906002
1514908473
1514910354
1514913531
1463710932
1514906442
1514978575
1515095411
1514996350
1514910529
1515132822
1463745694
1279170607
1514907909
1515019687
1514892629
1514905894
1514910065
1514910754
1514913450
1514948903
1514999675
1515144670
1515151197
1517619910
1526623102
1514907925
1514945283
1515015096
1514907105
1514908246
1285499291
1514906002
1514908473
1514910354
1514913531
1514922472
1514928759
1514934590
1514971950
1515124210
1514905584
1514910730
1514917033
1514906441
1514907619
1514910153
1514911888
1514938859
1514948575
1514965247
1550097791
1514906783
1457968872
1514889411
1514908457
1514911177
1514912918
1514921427
1514941459
1515204603
1515214661
1490763638
1514908266
1504158005
1512161946
1514872934
1514903765
1514906441
1545770175
1542626937
1547191008
1551155647
1324519337
1542083409
1542086414
1542088069
1542088368
1542089738
