1038698662
1135489923
1162644482
1381704169
1378116853
1495355180
1210713284
1487096747
1288248318
1518945067
1283900266
1379191461
1073704500
1075331483
1339493406
1166863642
1300560133
1080571100
1057261966
1420581659
900391
1362731674
1080469641
1030463150
1043393684
1482537959
1446001625
1255936013
1312843756
1235027997
1413285930
1470108220
1304451537
1470652981
1475076780
1476111631
1475584611
1154332821
1263591625
1324829803
1307622639
1109536696
1185571564
1391330862
1337705732
1169303439
1476998117
1071001440
1162151325
1028836921
1276027393
927422
1074269835
1331402607
1332405
1512611397
1213455122
1073698774
1494527431
1089228310
835967
1447694551
1527439061
1213584073
1146801873
1464981793
1212154670
1052770540
1251493530
700701
1230633114
1520576906
1466427826
1435545840
1444881667
944305
1099302
1475966630
1123308376
1212145579
1220873692
1447684338
1026545411
1134792142
1441373914
1040483750
1345765746
1497268823
1499199136
1425976566
1225610623
1266723023
1278197045
1075223948
1351912294
1028198722
1060389804
1347127900
1350351909
1517742007
609023
1219191670
1431085801
1465837738
1206313130
1366189817
1519227037
1272059519
1034499796
1511659717
802369
1239860112
1331321535
1279725191
1397081042
644169
1169484247
1240928474
1112732160
1284898
1443301156
609019
1008022656
1470156313
1090626952
1083735330
1001139871
1236743283
1464398317
1396554807
1268225747
1035223184
1234496886
1476205113
1439011509
1501262910
1192532151
1432042916
1391338340
1099439
1242123
1318919119
1486973314
1232912865
1240354058
1044052248
1353077203
1309119124
1029092924
1353159746
1256933
1028165336
1171322070
1400656053
1025660113
1425031588
1174712317
598630
1351897187
1311033841
1193509297
1115919469
1226661253
1218196399
1480380109
1126514457
1028373608
1214504904
1080522262
1113916915
1446451552
1393350190
1160771367
1157869837
1029010420
1359588542
1085522901
1110226853
1466437335
1505821975
1424205309
1274135415
1311394696
1344351022
1359928
1080520808
1312000482
1329493848
1506324758
1287883789
1392573763
1237976678
1124214885
1324843907
1034711340
1426221487
1050065508
1227811685
899144
1172689000
1037482282
1475417106
1073600648
1338801984
1467318119
1381204346
1278360699
1255500842
1336407463
1438840041
1262439131
1283368921
1149052544
1486567909
1176837
1445597632
1074558378
1177478623
1130560418
1275075941
1315318770
1120437311
1481401114
1072921
1437450908
1296715319
1441377991
1022945956
1201995366
1206641327
1198152
1406884506
1471564569
1222002352
1275756330
1259197671
1169486999
1164830090
1337835313
1352657778
1046106340
1282436766
1475662627
1205698455
1044026458
1440833713
1160700059
1274025473
1054415901
1191311750
1189515
1213753923
1067691460
1318867541
1435750701
1245042735
1065564811
1210974791
1007640215
1447648428
1252734550
1234095281
1306468625
1472849635
1516491210
1457915006
1452743080
1099447
1382689881
1121625705
1063386393
1072424499
1351809099
1073071730
1099159844
1022869605
1241689860
1144584559
1450052114
1007507366
1252510135
1376866811
754114
1421356711
1091530264
1476170356
1241648493
1476180854
1120585180
1216883324
1293815930
1220372915
1289107
1515408389
1128210680
1295268959
1128234987
1452766000
1230558522
1236838377
1248209436
1280583528
1094771003
1028229187
1535232127
1293668682
1234544701
1008118228
1406894060
1176874
1362274172
1372311878
1073639996
1457521373
1376322972
1176846
1022961796
802362
1273756933
1212129140
1105291666
1035020113
1419136877
1179182525
1409325870
1022575763
1484232955
1459724624
1137462455
1227753616
1004851665
1045010919
1470756525
1153754429
1378952797
1020825974
1292737189
1416007469
1434510580
1228675430
1005258539
1329411237
1169474057
1123317472
1338915
1422056889
1393346903
1400532613
1478371316
1374254029
1042532491
1481638153
1230277533
1251175029
1518356998
1175426296
1058297638
1132465741
1296212179
1218415369
1398852215
1330911809
1178533695
1026624467
1181562768
1236525944
1162390694
1324127340
1111473861
1083248580
1459933903
1332506
1393529677
1247048909
1132055072
1045870459
1157090139
1163908885
1149305470
1327992220
1035011500
1132053847
1139326547
1237668969
1227907057
1463673107
1206197412
1072451160
1332511
1445825092
1304370440
1169485776
1198155
1230001563
1237840240
1357710705
1141672057
1074616515
1295141128
802355
1109411017
1071691770
1142389936
1346989137
1319951073
1501096951
1252264064
1334251377
1400683448
1041934258
1500692804
1466233595
1048818469
1049066415
1403557903
1072429161
1474328360
1349689156
1326056322
1487272386
1288203575
1237585312
1328010666
1445542904
1360937895
1100979315
1492901294
1283510449
1446399560
1475909876
1022113266
1328312359
1328329739
1142018099
1416481097
1464538251
1045082255
1401476119
1312567
1237988717
1362942397
1012197387
1382300432
1229960097
1431858578
1400823248
1493070289
1328391534
1230415592
1049251990
1177934765
1140534310
1000328313
1397996051
1376681792
1351746181
1098426177
1407952477
1349741627
1160333798
1428298153
1529035799
1427729289
1198151
1071426619
1460673456
1454632009
1143837256
1383467027
1472046740
1478528946
1136585509
1267992302
1477487405
1037481568
1127389866
1195493017
1031475010
1453088916
1261491025
1242128
1074617494
1157763378
1314875178
1090869319
1157213540
1152492727
1473550238
1379708591
1369116489
1316298911
1268249830
1502788809
1041490809
1049251772
629361
1398834302
1048718831
1365298457
1295264309
