1452900825
1005547191
1020567428
1426355225
1433013905
1115071969
1457682009
1337736782
1488216330
1165040691
1530288483
1543331214
1469730043
1455646964
1237625273
1336842032
1541375747
1100115023
1335054225
1469727478
1037579607
1337093375
1350707242
1469729261
1469796871
1499275054
1541525664
1493295296
1543326137
1381325720
1037575837
1432078534
1338156460
1542015187
1398194144
1469729168
1539819745
1159001473
1552324435
1290896325
1381645828
1388342918
1444104682
1469740047
1541979557
1542014114
1542016782
