1385711411
901104
879774
1317946696
1297836
1488519417
1249002071
1090004785
1112991385
1521735412
1502913652
1337514535
1384096518
1282094244
1342675786
1144471244
1280683466
1361575337
1391326619
1506127094
1089966473
1474686274
1461423806
1036897223
1443337826
1300354667
1522865166
1429825964
1480291314
1352728967
1294684959
1218510458
1431240822
1312870529
1457764097
1507011990
1333659878
1392416695
1521648457
1219191587
1037543264
1353157166
1213177627
1379053923
1458118346
1026294892
1394604851
1037518565
1226759872
1227841848
1230903886
1384712065
1432566869
1167105081
1302321218
1462039110
1332970638
1375331047
1353577818
1382619301
1244619473
1365434098
1332185476
1351968059
1465592028
1284271749
1332176591
1347496953
1300702947
1350143686
1467626351
1529583063
1532198506
1538973566
1539015072
1541825816
1541841684
1541853301
1543472400
1555139520
