1105235903
1511634435
1428949097
661374
1510430472
1300209
1143726631
1468820408
1294187885
1064449106
1180277987
1030350208
1098693465
1091518499
1493810500
1049864981
1393973850
1478571342
1478149858
1033481236
1235029892
1328291071
1044965226
1104870923
1334588498
1385219151
1023390481
1470797403
1359339836
1275151202
1071811960
1435792353
1312226338
1360959927
1232133126
1413468367
1079416266
1179115485
1247121122
1468792935
1173548314
1012343756
1198485120
1255109808
1073812296
1315304257
1314396350
1485609029
1126799938
1492747328
1247836180
1161244766
1001997157
1026578785
1436955788
1399171850
1084840680
1385246500
1026653049
1254057724
1049836854
1012896806
1091968583
1241311026
1041252395
1212882
1026625517
1023045367
1219305907
1470689395
1414633722
1003097708
1164895961
1086521279
1271723751
1436375478
1050427965
1134370280
1311454015
1366686811
1017515277
1331694319
1179968782
1340411727
1489604556
1414773663
1448875365
1499230908
1384213488
1191663996
1369015005
1238668130
1090371001
1131809204
1433942269
1049581334
1012808016
1064065494
1273212097
1368085575
1295231337
1179871251
1211713114
1456846975
1526252674
1342788021
1069007019
1146063855
1184031498
1253790242
1490014685
1033545502
1275131791
1031310265
1177500762
1092773285
1129963524
1021015826
1007108107
1077617853
1092858965
1051259058
1205905727
1414627123
1359754299
1079012075
1440014225
1226470613
1179971658
1001982476
1129939361
1175059606
1252439646
1253698486
1048625512
1367528450
1021975673
1393074775
1317810759
1160556793
1030367690
1124146889
1120396387
1211920688
1304768059
1073031759
1458972946
1273283871
1379276572
1159532154
1255096990
1256294455
1383812017
1088695983
1499836857
1000221260
1383904671
1211483152
1326457282
1484020203
1048633857
1183783302
1097887319
1080265597
1143543945
1475852612
1037389053
1467378730
1475620973
1088016762
1145249037
1281349381
1302579699
1008382536
1064478982
1077724298
1389749183
1026008484
1126910723
1155267923
1447147254
1218912399
1366539893
1331544968
1179887888
1393990147
1005529704
1324342537
1088151576
1347675338
1484069565
1513683045
1035849388
1224222540
1237340289
1345374957
1361018904
1468777227
1495165546
1525218424
1027643271
1077756017
1205977003
1273747383
1363092217
1526796767
1217508365
1262072804
1024441013
1146829169
1090925009
1094995883
1434732485
1071142837
1255979590
1065358561
1068298680
1088840670
1084790708
1050589845
1152530504
1167713640
1064933957
1411603565
1104245745
1225621843
1270062280
1468826666
1383701753
1411168414
1076112474
1048250198
1082092831
1164123733
1018484766
1524278895
1080249882
1032360516
1243214735
1270471582
1090376171
1212422260
1001997052
1061650215
1444456310
1328713021
1301896385
1154522575
1230375052
1176877269
1058295213
1033549303
1068321799
1088653664
1018672154
1160478718
1378472855
1153716969
1028638987
1094837030
1132028214
1232130338
1254277681
1381788430
1387557523
1487452394
1193872518
1408908901
1106298561
1056873018
1255133015
1241414830
1257948106
1295298553
1302520072
1355710456
1385309690
1097808862
1427166672
1200377357
1047342833
1412076132
1086067996
1085862376
1105852952
1123132805
1480111197
1468810569
1034988388
1304934653
1017383963
1018474433
1091621135
1315105284
1145242369
1155386748
1229090629
1184672830
1052783251
1305011080
1447154192
1049920707
1356074716
1051070760
1001767343
1250884304
1087397279
1021845541
1050592947
1099025595
1204268162
1295307880
1032757706
1071061976
1189664677
1356908459
1180989330
1194540958
1321370915
1304805794
1092863347
1366616642
1015831312
1363305089
1484515585
1376837475
1080859991
1514923538
1058284481
1084603577
1037485196
1052283846
1364499722
1085416442
1102972031
1236081480
1001996921
1502273602
1302441992
1519880497
1447154035
1312912061
1208726229
1525322820
1426085425
1517139699
1087378455
1194534963
1051068705
1277017082
1520931237
1070966788
1199728986
1385235577
1295288593
1163832711
1294652814
1336874072
1455501743
1110461659
1091964742
1305475115
1232995972
1050233010
1410686701
1064777006
1084979585
1150938585
1526682134
1124646459
1162363967
1164111922
1207941156
1287986221
1338372858
1389038893
1424243289
1433462201
1448105322
1474373918
1135745543
1017383991
1023606404
1031308901
1050143278
1176732534
1085880648
1084919420
1062159358
1177050121
1275256602
1022365380
1227818591
1093734398
1152574897
1383418406
1455819491
1478545369
1001722314
1102941943
1447167629
1132406956
1147954318
1270278173
1419213621
1412226644
1084559354
1110222744
1494366970
1521348197
1525676759
1093925479
1098011193
1154364004
1376560602
1381290612
1421365015
1470162403
1145252412
1254109473
1051063324
1056183663
1298443273
1050230928
1085397378
1145834372
1084838764
1506010195
1365576096
1397329500
1433009564
1489778045
1494585438
1515557162
1515839603
1093927421
1043562245
1107119436
1158119059
1424933955
1062018966
1087268335
1333598893
1105068127
1179058634
1211337551
1191664293
1495184087
1198004395
1253540284
1265209797
1347450220
1329889053
1383430702
1089885627
1476962895
1083763341
1484590229
1485624494
1513527574
1304406391
1022600431
1290993454
1094488374
1225476873
1225098458
1056159346
1285488360
1311401548
1254088301
1233020916
1083665933
1367617543
1389107262
1427581019
1432019418
1434318164
1446662102
1475943879
1512213078
1307424757
1058264079
1088726308
1237523843
1374854372
1512565503
1023092770
1108881050
1123076103
1134637166
1226403818
1253770538
1503815911
1298723841
1447698427
1470254929
1030395371
1096286703
1476341875
1498982190
