1172846229
1265570759
1232377
1455245070
1265202335
1489880492
1172739771
1294180
1246886106
1025336988
1094844610
1324764894
1288765668
1377322323
1296254913
1240228318
1234304406
1054231535
1218956687
1263866527
1158876563
1491103288
1396332687
1069588872
1063378468
1286089250
1399576450
1411690279
1026012798
1028764179
1073606740
1230138539
1399566083
1164756705
1027412203
1026202641
1026550580
1081707760
1134660446
1026211440
1038035023
1494271572
1006642380
1042653384
1172759648
1149541546
1012840947
1263807417
1086844978
1011277718
1035942738
1006582553
1026374886
1020387604
1067714117
1023892072
1263574710
1443619245
1025828999
1400168535
1214322753
1021369603
1026974368
1492305403
1006537515
1053394385
1501902465
1500638009
1071809611
1492753173
1525682418
1522506388
1011279166
1083096329
1017209416
1329317908
1393726786
1020379440
1238308158
1364825935
1446007797
1069869256
1158810099
1209098608
1380429388
1131107059
1023870734
1150782140
1017185922
1199848131
1232864931
1238300882
1310720199
1399509060
1491479387
1535612859
1541213156
1034767515
1255968491
1232922570
1524092298
1499729989
1476336366
1038465646
1087544493
1086053514
1105906265
1357838384
1141213516
1159550657
1475083090
1494042846
1521855152
1526714079
1232824834
1232873882
1318845710
1356694962
1064697487
1473902344
1490142466
1020140397
1398187617
1474626572
1521867205
1553884819
1006640442
1020380130
1006583650
