1493138796
791285
1032303
1208906
1467648
1114016527
1037257076
1521748569
1181214315
1031513074
1037755682
1145584425
1478481062
1037064949
1215235641
1495793060
1425292291
1037701646
1122950984
1332229330
1425291201
1085500252
1100451671
1037666443
1037077994
1037730018
1172681136
1521479334
1180095650
1180392590
1085490694
1476074994
1496083341
1496479005
1521752204
1141814753
1020618091
1125470981
1179357012
1241715975
1246645544
1250462362
1263316798
1263322283
1263328259
1278263458
1356268455
1434319954
1492411036
1496299039
1514737975
1521465242
1521501838
1532673896
