187715
239295
875209
1461371819
806143
1165214
1183829
1470458404
1484492059
1293233
1461509172
1029274531
1280529
1011750365
1050935922
1457307634
1305992726
1449943973
1358012783
1440898668
1469737642
1049872120
1422968868
1500984398
1396190218
1220541267
1428921632
1183830
1273180262
1141172396
1521269672
1072424023
1213095539
1218428722
1441314455
1171891539
1183840
1456788115
1231271436
1007831249
1394645166
1212891
1503313693
1484327770
1015189776
1317298590
1235036542
1513507012
1082007654
1229909
1132563586
1511962930
1427331406
1396177056
1489639569
1058826
1480743519
1482681833
1006500209
1489031479
1220489285
1229905
1485069102
1167804569
1185525726
1396185436
1132323461
1181022203
1433640165
1407010900
1265424364
1232398081
1541428876
1006283194
1481291557
1372927043
1142619093
1235098026
1480127108
1229908
1229911
1497295898
1478210012
1525339888
1177967789
1213322587
1364853953
1056307849
1541649175
1449287098
1165720859
1075085568
1459713213
1498875783
1064509000
1364833061
1518082494
1183857245
1520015484
1289227649
1495661070
1518481300
1345175115
1248078467
1102608559
1265397826
1175488728
1227683611
1333574470
1056181200
1474748557
1043497742
1427339642
1220686784
1092385499
1158852698
1220558880
1514203493
1413514421
1324148065
1243166442
1205423460
1478510419
1109250747
1406859114
1220629593
1521618119
1236167414
1488775300
1420206605
1494107788
1505042508
1165771244
1241261
1459577085
1520059959
1081976685
1313172321
1481663835
1492857685
1228748696
1128862631
1491698515
1377958528
1459570730
1213329228
1481723357
1538879767
1311067337
1236464674
1299973238
1387908178
1324279313
1246189176
1185409680
1521566164
1013519123
1164029658
1324434030
1470933838
1243029882
1164099035
1157185468
1323057710
1159013518
1486361009
1231259793
1457436100
1283824342
1220718610
1465685787
1220576102
1299954898
1288380756
1362334538
1388901597
1487550305
1299939277
1010796875
1220623701
1444924933
1289283133
1218412471
1534940782
1492876909
1179548298
1132340902
1105500352
1094722344
1471002166
1129980867
1422033997
1228107228
1542022821
1102584234
1165986188
1534346358
1061431309
1158868204
1452256765
1545765133
1519935431
1353189508
1132353857
1073599468
1079724280
1457308118
1017019922
1525433483
1045964785
1505087083
1017020756
1484490993
1057374164
1173253438
1054694298
1063130662
1022077710
1022484770
1030416307
1030505495
1140390439
1428602866
1324209627
1026594948
1057559834
1074594240
1289211238
1364892045
1420245094
1044040795
1109437936
1518068997
1024912297
1031407300
1185395650
1024892994
1025103081
1439284551
1043993950
1383016801
1102580364
1104992322
1036103383
1420216
1181305292
707409
1051713319
1180382742
1045967139
1265408740
1378323484
1510976359
1022732305
1462854770
1462860069
1482179332
1031416915
1079513099
1001760358
1024868409
1063586757
1507007165
1430243362
1032744626
1040933977
1236455605
1050210661
1027775756
1032740219
1050349099
1051983851
1063128747
1073633795
1289294500
1509760016
1530926918
1533934525
1534000559
1040935044
1050306307
1472303394
1507303125
1519963488
1027437180
1049957285
1064083978
1364872779
1420329766
1487981380
1525310081
1021684484
1481780461
1027428522
1031409243
1056685613
1064083453
1446845352
1536514983
1024870815
1024871315
1025882238
1025922465
1026553067
1026597192
1027709571
1028455138
1031030001
1044048716
1048559080
1063129640
1063134257
1058129564
1392988980
1462003131
1507431032
1519947045
1024901945
1474367644
1389771705
1488000816
1024866941
1025871611
1031418989
1050959581
1056671098
1063108807
1028453449
1030506392
1030590929
1030592695
1030655243
1031027708
1057606785
1057775674
1235281682
1079392500
1299991079
1499173885
1530921134
1024870490
1105495911
1311386123
1025918271
1026551901
1026582472
1026584036
1027165927
1027450139
1028452713
1030653324
1049894931
1051726794
1063125389
1075218875
1231020188
1474318976
1238949209
1270742357
1289261227
1323003576
1364884085
1365893056
1393005617
1408125593
1552882209
1552889576
1020816213
1022483415
1102611983
1289220179
1365895063
1323098044
1311409762
1048076798
1048566541
1547971
