856217
573055
774510
935672
573048
676188
972893
573054
1332410
1123736
1159248
879726
730431
1162099
1014753
1293220
652867
573064
676191
879751
1242584
669609
1332414
676190
1335685
822670
573053
856231
856228
730428
1293223
692504
676204
692509
1131948
1461571060
913654
856242
1335686
774508
879732
879739
652901
644186
652864
644187
609032
652821
1071137204
644192
856201
1469502100
1332194
1234553150
730412
1326357
609024
856220
730443
856226
856240
716560
879746
913595
676192
692475
1162105
774511
913653
676193
716555
1159249
652859
652872
1428799
609028
927426
716434
692489
754119
652856
692456
716551
695997
1179074794
1179061081
573050
1437386
1437862
1437245
1311273977
1437560
1173732718
1255760525
1437411
1437893
1428801
1437844
1437879
1206356
1035283070
716540
1437543
1525087365
1437518
1437870
1437923
1305679174
1432924536
1437396
1437437
1437490
1437506
1437079
1437478
1437243
1437522
1214913229
1538374391
1206378
1436889
1266557173
1436917
1436928
1455540449
1335952475
1437466
1437309
1437376
1437471
1437866
1423864660
1426049057
1515123913
1519870061
1242620
1437946
