901104
879774
1304325189
1297836
1389104670
1505687732
1353073233
1026812841
1286521435
1420165190
1329623889
1430822382
1500513049
1364984407
1353073248
1497499354
1155900186
1415977030
1409438662
1026910187
1397931878
1036692821
1384733170
1173431704
1416451575
1252552972
1481191837
1481959992
1281197277
1421287310
1432993735
1353071758
1511371612
1379168941
1235492913
1277897168
1424635786
1260807511
1025397727
1439833233
1490502518
1379182034
1416399587
1419176296
1157114535
1227976327
1026229412
1305909003
1338324635
1379142629
1477292168
1410021654
1026295934
1231187532
1050389083
1313742051
1419162996
1511360054
1353577799
1477748637
1360463755
1378879485
1460956586
1024277955
1328053731
1304147985
1405971767
1230975047
1218910739
1483095095
1406030918
1406091686
1406109294
1382042419
1311750083
1313615326
1317089371
1378608252
1379153058
1438639968
1401481547
1415243085
1511347919
1517040371
1530818710
1531027896
1531105322
1534435726
1535049675
1536004987
1537128335
1538898735
1540363243
1544233434
1545235026
1554631646
