1486478533
1420444379
1265218832
1236585529
1268476529
1448337232
1274986263
1065971774
1468810052
1274947289
1422065650
1473866055
1462491402
1475170007
1313106959
1471140830
1261349979
1219081714
1443616605
1351765568
1339403645
1337970078
1293400507
1092260311
1395242066
1289092018
1388451031
1468047244
1477366052
1031651199
1481514355
1290949083
1453826269
1474186831
1265390101
1448344434
1494094384
1378906215
1454435759
1274961015
1488921522
1473862895
1476385143
1315082822
1323462295
1471141152
1380444793
1516187469
1464275168
1220846223
1325158958
1472818370
1443136014
1282434346
1476936352
1122378292
1458741759
1228015591
1471386741
1395269430
1482211389
1304599091
1289477406
1470327064
1471141344
1375632768
1034803518
1474572800
1253545689
1100475892
1411382117
1035989079
1395122763
1226366011
1424703361
1428886892
1485327318
1011796976
1446957630
1452629754
1294738198
1497975284
1307638733
1313061081
1471115711
1293701276
1473889121
1325161206
1072457220
1237648249
1251353445
1349497451
1220781660
1275817485
1471137916
1290799598
1347628543
1490518315
1416919235
1473866810
1445708077
1464274723
1492995602
1479627878
1478647144
1416380563
1485546162
1229040840
1338815725
1442689587
1471145885
1485343252
1246986065
1312161001
1263250563
1331526150
1279413173
1316576364
1436403615
1443572924
1482197523
1331119148
1220981303
1226338602
1402554060
1313038417
1477762213
1473862033
1228117709
1274957708
1236219915
1325004106
1315573345
1092482764
1273440758
1410758353
1443568908
1365965537
1035377271
1343534668
1364252048
1442513148
1472107889
1507819016
1044955660
1133445596
1473897948
1475276021
1316983343
1458032962
1482230830
1262387385
1221772882
1225648703
1265024471
1411001806
1314010179
1314538582
1365320691
1462203779
1420240046
1432764274
1455495405
1517358027
1274928490
1244721891
1331184932
1339402890
1477412613
1110316499
1269404267
1274947292
1449200282
1298765345
1316614514
1438537193
1269293441
1317115639
1318824902
1405857534
1482192820
1035460396
1220970831
1256408653
1315038104
1339319131
1109106139
1443822107
1460651482
1310210630
1378458154
1037670243
1336061364
1048716911
1477390936
1317115639
1318824902
1330885872
1405857534
1419415113
1420388362
1441393668
1445786499
1449150702
1449380212
1454187938
1466442359
1471957322
1473417461
1477109076
1482250405
1479353858
1403808068
1485458009
1494428519
1497982534
1347019471
1498782109
1411144652
1135676247
1346012033
1036811372
1350116409
1338823740
1443523040
1317111695
1043014836
1303895120
1445240303
1316799025
1319969795
1428874421
1452577533
1492903063
1032928569
1051212083
1082187143
1192623452
1235554955
1242741733
1481540965
1295320721
1264591737
1325015289
1191632649
1345865026
1276718147
1416774824
1510135738
1049551537
1421412381
1443527952
1143617112
1057040911
1235614745
1268690827
1468147342
1482873134
1271764563
1273923776
1345530029
1287649157
1307235024
1331149327
1341608876
1416198465
1348996263
1351249922
1360756064
1364461679
1364664238
1366175282
1366502496
1485801058
1402178540
1416490412
1428863437
1434183283
1449160677
1037567602
1453067689
1453824386
1454485126
1458396035
1458402950
1465399109
1469971007
1471490662
1473202993
1477033632
1378508574
1478095570
1484384710
1445826254
1485567324
1487343256
1341255528
1420200627
1381376596
1264101865
1033630679
1228107218
1294744626
1315380153
1037685191
1431749638
1483890597
1345419390
1324509695
1353516317
1374146814
1417955472
1446028060
1449171183
1454219498
1471448390
1477374105
1396731298
1273840756
1341283758
1264101865
1310477435
1349488452
1512236408
1091332447
1399004839
1457454611
1298922588
1262346444
1472454514
1530530842
1065014799
1250464850
1272092861
1314046468
1276379580
1287295973
1374873286
1492820567
1499357947
1477488225
1323200029
1369211084
1481640776
1545813350
1463054040
1003900747
1422063985
1273362360
1256084324
1333441317
1398384566
1455494521
1479985835
1256403441
1329325977
1457355457
1335517936
1338389900
1360787807
1033631556
1256487983
1275348072
1315380153
1325164546
1332606030
1334746455
1353632942
1477444517
1011789404
1457452310
1329325977
1465393316
1466426599
1475187446
1495255426
1373459574
1408751609
1411767813
1472065970
1064662770
1445762078
1457494566
1474184587
1478864704
1320038542
1329996788
1342942716
1397124670
1421877245
1476975127
1492696427
1545246557
1211802184
1221784195
1249705291
1364823472
1264736733
1275323982
1276006498
1368193227
1313016725
1318216034
1452201199
1339406217
1366136272
1389380280
1397670170
1417950593
1472420671
1423959741
1445416161
1447361798
1450747964
1477190111
1479668900
1487134109
1488015246
1488597402
1488603290
1033632076
1192775915
1275463057
1315213689
1327468453
1345365881
1356500795
1333538326
1488894638
1058147421
1316539552
1443346833
1495566320
1533992911
1069658152
1221746741
1236602931
1250972612
1313629653
1334264807
1362327671
1385035530
1395920003
1396766539
1416420166
1418094810
1453661352
1462213345
1477486940
1477994590
1487394101
1489031514
1490256959
1492630267
1492631271
1492661327
1497283294
1313945077
1467686976
1498051781
1539700953
1546074536
1366600432
1302284282
1321100455
1339280991
1376877733
1421877230
1443773308
1462037932
1475189129
1062170968
1247397699
1252777810
1420223245
1335511166
1388939609
1412229791
1427681928
1453110671
1474547614
1375529337
1272075512
1315615324
1327840164
1338875255
1539725084
1472327100
1492676389
1418002019
1396938117
1472435063
1472509797
1476720282
1270388103
1440538396
1446012937
1450747863
1462188130
1487143327
1062162645
1222726315
1235626933
1236469245
1241263428
1262244157
1269396825
1293826540
1300062925
1316593674
1329928199
1330277944
1339279587
1340767568
1374117102
1374845432
1378347560
1398381705
1418904643
1426576298
1428868372
1428964576
1435028014
1440958914
1442136146
1443796171
1444869976
1446421974
1447985535
1451533612
1452160747
1453091536
1455122762
1462072044
1462209003
1472111391
1449454766
1440439798
1472508715
1473662566
1470327578
1256426215
1273195107
1336088617
1338945163
1339305001
1381936717
1445135248
1450794783
1462078667
1465396742
1473662566
1486496635
1488533068
1489344659
1492181970
1492527391
1492847140
1513262098
1533907756
1544881678
1434268580
1500231323
1266899856
1279181640
1487075181
1288265307
1037484650
1052384081
1064670994
1102603385
1105810745
1116833879
1130356222
1144779099
1501598057
1235536172
1236478811
1242743992
1244624502
1250465833
1249333251
1486749806
1250876030
1253224332
1254080118
1254381594
1270026455
1270389191
1271398864
1273871566
1275406807
1276059345
1282310840
1288754693
1288817320
1290455676
1049584448
1290631294
1293293427
1470327578
1295133463
1293056630
1294056808
1228099697
1229011572
1229074262
1255688643
1271999800
1273541104
1273675816
1276374127
1276439642
1276452605
1294654339
1295278279
1295328046
1310284703
1384177229
1362341953
1373146171
1241283470
1276352131
1346317210
1419353900
1346280273
1276345283
1510223029
1192751100
1277180920
1331138834
1500288365
1106403276
1304514112
1315228436
1318136387
1338866315
1357500037
1505376324
1256471482
1315312632
1315625790
1468801718
1345729261
1295296008
1325768731
1345111565
1484972091
1499428873
1315252475
1346310162
1503514790
1315398490
1315491007
1315787616
1332613864
1471491945
1483616801
1492974741
1510130506
1510130506
1510233089
1315242166
1492558895
1492638794
1219487475
1092420249
1105865568
1105929034
1105977638
1146743726
1217704163
1235715270
1236640558
1236674203
1236670681
1236689196
1236703436
1250462457
1249871061
1250458342
1250910158
1250942304
1251017949
1251068537
1253564949
1254114390
1254151868
1255711132
1264702568
1264722275
1264744510
1267389211
1273116816
1273165660
1503517652
1273882385
1274913654
1274960246
1275119122
1275173101
1275400033
1275919405
1276709591
1277166072
1282340601
1287282125
1287293631
1288761875
1288765211
1288775299
1288780120
1288808844
1288818174
1288818754
1288818903
1288819298
1288819416
1288819678
1288819711
1294107591
1294121467
1295133479
1295306694
1295364497
1295387977
1295394887
1299622810
1300468379
1303400421
1304530848
1305337319
1310708450
1312591291
1313493375
1314575751
1315032435
1315195627
1346096711
1315298260
1315380887
1315387980
1315436684
1315446672
1346209633
1315781869
1316564017
1316593679
1316598819
1316640084
1316643765
1318151394
1318214830
1318213800
1318214188
1318214277
1318216062
1318465420
1318468633
1318467110
1318467649
1318467688
1318467754
1318468667
1318469060
1322974864
1322975846
1325025991
1325154477
1325790575
1326056633
1346367499
1327828878
1328716244
1329751228
1482928117
1330174461
1330886537
1330898159
1330972226
1328716244
1329751228
1482928117
1330174461
1330886537
1330898159
1330972226
1330999549
1332637473
1332970162
1333405764
1333576502
1334708989
1335010201
1335523754
1335968491
1345855309
1336254987
1337387146
1337706796
1337715437
1337726660
1338884449
1339279543
1339278567
1339279010
1339279965
1339280510
1339282280
1339403938
1345843408
1340765220
1340766898
1340766980
1340766984
1340767760
1340767938
1340769061
1341148733
1342911767
1342950989
1346317453
1347430723
1348010932
1348823370
1349468224
1349620461
1349948091
1349949379
1350985644
1351252583
1351268475
1351287357
1351646249
1352014138
1353405502
1353703785
1413046340
1356465690
1357135810
1357480978
1358333995
1360861939
1360991737
1362695405
1366175685
1366478989
1368098989
1369211726
1369330963
1372750625
1374096209
1374185468
1374172309
1374197426
1374701741
1374836800
1374997642
1375203656
1375804412
1375805315
1375805566
1375805588
1376696778
1376880723
1378368317
1378371011
1378372050
1378372434
1378621348
1379238865
1381278153
1381458037
1381742843
1389382559
1389651527
1391539037
1391553427
1391578955
1392150184
1395910956
1396158767
1396183759
1396213414
1397000423
1398381220
1398381813
1398382681
1398383102
1398383402
1398383417
1398383645
1398383743
1398383747
1398384563
1398384863
1398384953
1398385141
1402032912
1402444864
1402533993
1403377524
1403439591
1404528269
1406827501
1406828883
1418081157
1408839304
1408852090
1410950121
1411784516
1411803088
1411882277
1458034291
1412271996
1412749184
1414646510
1414660861
1415526105
1417945168
1417987414
1418000682
1418005219
1419337900
1420020478
1420664405
1421730094
1421750238
1421875283
1422046399
1422223933
1423320210
1423320314
1423321009
1424294482
1426575226
1426575526
1426575714
1426575916
1426576270
1426576462
1426576608
1426577555
1426577875
1426577923
1426578155
1426578659
1426579057
1428519710
1428881091
1428958241
1429943567
1430001356
1430000909
1462007122
1490333862
1490343436
1432709795
1433397596
1433398164
1433398834
1435276311
1437328566
1437372034
1440213960
1440244968
1440961241
1440959508
1440959705
1440959720
1440960352
1440960956
1440961354
1441425902
1441963641
1442678723
1442809320
1442839012
1442930895
1443196108
1443388923
1443510711
1454163532
1443548636
1443559575
1443800611
1445230501
1445236209
1445632738
1445772688
1445803181
1445852037
1445859024
1445869755
1446020270
1446146908
1446401574
1446408013
1447416026
1449180051
1449187465
1449195031
1449207382
1449374508
1449376827
1449443681
1449451560
1449463130
1449458397
1450745924
1450748931
1450746612
1450747782
1451270541
1451255133
1452984239
1451721726
1451728120
1451734899
1452119385
1454501933
1455107223
1455216156
1455492611
1455494800
1457442288
1457454584
1457455366
1457496898
1457590314
1457661290
1458564636
1462043336
1462066367
1462159222
1462192631
1462253203
1462267981
1462288506
1463043423
1463068366
1463069888
1463086463
1463106331
1463140588
1463177158
1464294103
1464296884
1465330510
1465380542
1465384653
1465386740
1465394131
1465410988
1465412992
1466413283
1466793873
1467444378
1466816144
1467698227
1468805009
1468811379
1471438640
1471439571
1471486595
1471492083
1471493093
1471649381
1471690773
1471724745
1471725980
1472073571
1472346098
1472507516
1472509719
1472900591
1473176235
1473220225
1473231645
1473407976
1473231645
1473407976
1473477017
1473486760
1473495934
1473490557
1473494712
1473521952
1473525056
1473534816
1474092410
1474107749
1474551538
1475187452
1475748478
1477496087
1477655058
1477994560
1478001380
1480808182
1481777581
1483896820
1484269954
1484991352
1485014151
1485254353
1485336298
1485348447
1485346400
1485351937
1485350214
1485684496
1486562625
1486618989
1487071564
1487602353
1488047094
1488460930
1488554699
1488821285
1488855955
1488907294
1488918466
1489030933
1490579497
1490611966
1492570997
1492607277
1492620270
1492622921
1492645325
1492685816
1492758824
1492776772
1492805373
1492829351
1492837451
1492903233
1492929923
1492944762
1494920776
1494996674
1495938240
1496186874
1497503903
1497519909
1497284977
1498059399
1498046391
1498036400
1498687937
1499302945
1499404833
1499684737
1500234101
1500273142
1500280926
1502600150
1502709075
1504242594
1505300271
1505315267
1505329891
1505347153
1505418868
1510138465
1510215111
1511344576
1514791213
1519764620
1519963683
1519988952
1522202641
1522536642
1524444626
1524460234
1524470958
1524796848
1524805416
1525120849
1529391790
1531928595
1531955383
1531969800
1533799638
1533830832
1533969714
1539693354
1539731165
1539739497
1539745734
1541168402
1541195689
1541202139
1541218021
1541344286
1544364335
1544413362
1544430955
1544475301
1544487927
1544862023
1544885938
1544888641
1544892785
1544895793
1544973120
1544993087
1545004878
1545005174
1545006331
1545009094
1545014317
1545106548
1545111996
1545115479
1545125500
1545129680
1545133156
1545137533
1545145080
1545150578
1545151042
1545158367
1545189121
1545198400
1545207733
1545257831
1545328504
1545378344
1545385710
1545391113
1545770055
1545779151
1545792428
1545806285
1545865606
1545878355
1545889745
1545928229
1546084130
1546089951
1546102814
1546103393
1546110202
1546114445
1546122653
1546162113
1546171997
1546186209
1546200591
1546230046
1546261193
1546299026
1547100358
1547108731
1547147589
1547168412
1547178748
1547209031
1547432948
1547821506
1547829951
1547855784
1547935451
1547945295
1547952615
1547970110
1548653113
1548692026
1548693026
1548693869
1548716396
1551181973
1551595206
1551603878
1551609325
1551622000
1551627930
1552982092
1552984992
1553017247
1553078652
1553257910
1553445538
1553455720
1554610038
1554622635
1554800334
1554812945
1554820858
1554826236
1554832615
1554842285
1556815158
1556821830
1293047410
1092469135
1438273888
1472313380
1351507684
1443389374
1371459678
1288868439
1525048077
1443402763
1447563339
1265200191
1426579545
1443541664
1442895484
1054646652
1241229233
1331118330
1447573246
1051015764
1266315646
1293871013
1300717300
1310452830
1351731138
1418011677
1434609162
1441128995
1465356227
1494634086
1339140474
1227364145
1313089934
1033327932
1273336234
1331151302
1416498587
1421876662
1051559947
1275920679
1287605051
1332609013
1356918663
1381887729
1442980420
1443349283
1443370098
1443408182
1443483008
1447405955
1455550196
1455822336
1462169652
1462199619
1462194048
1472452172
1480817132
1488035358
1496910878
1497187267
1497384114
1497399314
1498031494
1517655612
1522239104
1525078719
1529234913
1295270087
1255989427
1464449918
1342064170
1464521274
1378371767
1275913447
1295193243
1309988800
1524462448
1263281719
1255777620
1396766629
1047099508
1295201177
1101314080
1495356721
1275923720
1295259416
1295320722
1382582744
1382589050
1471963775
1255981769
1331158716
1310022946
1324969073
1455528276
1086848244
1156952584
1221604139
1221624763
1337999844
1401987108
1462925580
1486033306
1006442555
1228013480
1338404670
1295205228
1337906605
1398382684
1398383401
1398384950
1426575682
1426576875
1522520515
1522551723
1353716676
1402109060
1465355472
1470329248
1455543323
1471059828
1305443884
1458694635
1220916103
1311016904
1470326867
1492981653
1473434900
1527027138
1453667024
1293862795
1462912018
1471116848
1481001768
1499420838
1242872058
1211989211
1249633750
1249781759
1250540379
1263264987
1293882321
1322974154
1332971399
1288348502
1288771066
1288797248
1323914531
1340765811
1341343619
1378805997
1402486010
1455649089
1455657465
1462216532
1462910176
1463308370
1463746587
1463761743
1463772484
1473437789
1494165623
1497204262
1499583012
1522346586
1526947144
1529767978
1472438629
1028993295
1244270951
1047099531
1472967820
1396547128
1295280372
1493330256
1282377486
1474537199
1331164533
1448358595
1465397463
1469567674
1462905049
1471100490
1255966908
1373117078
1050044772
1473431781
1486037529
1374445548
1376721782
1331098898
1033636811
1237346598
1492136954
1010748082
1034737360
1471144299
1501250828
1310032189
1465982907
1472457318
1295226939
1478002533
1338409695
1502420081
1492138428
1522322057
1554610038
1554622635
1554800334
1554812945
1554820858
1554826236
1554832615
1554842285
1422302559
1444487172
1444018393
1555692324
1555670875
1555679081
1555664585
1343413744
1504172615
1471133140
1237616828
1255804823
1295101177
1389290296
1497227689
1031712003
1228132973
1247414517
1315403224
1334686938
1334693705
1374396655
1435656514
1439973749
1439983471
1441130070
1473434330
1477993174
1295215813
1295310677
1455710032
1471117135
1313283828
1438277838
1370111374
1035726824
1006811196
1050223408
1108754760
1051022139
1051564942
1144549539
1248262633
1307574006
1366479822
1421746929
1463735459
1463740576
1466016035
1482938415
1487409873
1492141094
1492074991
1496061420
1498867553
1499269360
1499464402
1522172698
1530264120
1499074824
1343434433
1026785548
1338260770
1443124784
1224289499
1471113491
1191371232
1251180044
1471959802
1476318632
1059937986
1249486437
1315053113
1263356226
1264188897
1331009156
1033900623
1471110725
1356097451
1059929058
1285896627
1295154636
1441138399
1371459676
1078442986
1220957889
1221646951
1241330677
1255767708
1255958394
1271739380
1295253555
1300378042
1331018912
1331105805
1343426106
1343538358
1344076321
1346134024
1472924701
1037506572
1238963225
1448322534
1338248134
1441869576
1441871995
1295118189
1255973601
1284231515
1293396262
1316358607
1331014190
1331132435
1450861497
1477340667
1477641881
1499121246
1035718684
1438265752
1471144188
1080843234
1464490165
1006444630
1455677339
1471133705
1220994733
1033467431
1033642491
1245295585
1047086273
1455863314
1245249027
1245374824
1250204156
1259417321
1293391927
1357948022
1455716454
1050033166
1290503614
1133480086
1315046740
1394047896
1502151692
1471133083
1273788854
1377152540
1460857620
1091136890
1391217059
1440181278
1331126351
1492910447
1050234067
1083095194
1220977064
1221002028
1232881152
1241264597
1244116069
1245094901
1250390061
1255784310
1264173990
1264216783
1272201385
1272202151
1475203546
1272230493
1275908148
1287599259
1288759937
1288863259
1288873737
1289023467
1289085909
1289113136
1305081722
1334739943
1337388237
1344056287
1351112360
1360138881
1374532031
1380116998
1381332036
1381467624
1381818806
1393857437
1396552188
1402551895
1406828086
1408296794
1411965948
1417661341
1421620131
1424222079
1424627719
1438264490
1438269096
1462178988
1464516109
1477458432
1479947392
1224305412
1271403064
1368891170
1466724171
1267572890
1267577653
1035089597
1188208698
1245286435
1245365188
1252704809
1252723629
1263308471
1263807864
1264200458
1271970562
1271983242
1273803154
1273811339
1273853999
1274082598
1282246585
1329996902
1330278048
1332145381
1476629623
1476692913
1476875751
1477428031
1478503767
1479947392
1482806507
1489892206
1489916329
1490300408
1492641092
1492744069
1496385358
1499649133
1501297682
1502145888
1522478036
1523879073
1541148506
1545166737
1507836606
1187394820
1234247690
1351108922
1241343992
1472211274
1310994570
1331168410
1445886103
1263319430
1290481338
1295172113
1051746829
1091136895
1285843122
1459858850
1506741077
1508104558
1433866722
1402522832
1332636925
1341859685
1460840688
1033627920
1241239925
1241303515
1264333786
1307676355
1332262544
1337677163
1366248641
1489664930
1489674706
1338798401
1338315270
1221637295
1033648369
1474543033
1289003698
1493497714
1337677163
1366248641
1489664930
1489674706
1338798401
1338315270
1221637295
1033648369
1474543033
1289003698
1493497714
1356502596
1094970977
1467225532
1264117193
1059834070
1245123763
1220937733
1382604400
1250988896
1271722779
1291186115
1467209860
1281714862
1051577071
1257886941
1264940051
1264949063
1274892935
1313701652
1328845880
1340767754
1383614014
1402610499
1411453755
1446431964
1460853493
1460862700
1474094148
1475900904
1479883254
1483308633
1488594124
1491124454
1498728255
1008185260
1011797520
1059845271
1274061976
1293867224
1299600815
1307646243
1307652997
1309637901
1309638282
1310188265
1311422740
1313596771
1313601138
1325058658
1313601138
1325058658
1329757102
1332322962
1334534534
1334672918
1334680251
1335269116
1340767360
1347065052
1369474854
1411473306
1411607665
1426576319
1442509500
1450623755
1467174206
1467176695
1467184256
1467195588
1467211662
1467226297
1475182895
1479803003
1480919606
1483265328
1483299797
1510489595
1517665635
1011796750
1487869980
1471093192
1049590851
1084769564
1471079509
1261455959
1370100709
1032357757
1249447810
1353511295
1384968908
1464492389
1464509005
1083850769
1060005272
1231320760
1262301844
1341901872
1399471579
1479191958
1482108400
1265506834
1471144253
1241321251
1030769651
1501307280
1502428930
1035131269
1501277334
1082609215
1498609552
1501999883
1471132815
1334566183
1301786675
1081735928
1195725308
1318736717
1008534841
1030803454
1501965685
1337430722
1505256180
1035670808
1091272221
1252292488
1304646393
1317208146
1332134108
1337441919
1374464589
1406829354
1426083678
1428541936
1464495625
1483575706
1334559755
1500373731
1461561249
1035133322
1047144179
1081868639
1258068569
1278302690
1337968016
1380902181
1411476802
1417945147
1430282554
1471533509
1471533568
1492541786
1492598255
1492768486
1492791769
1501661235
1501972847
1502032390
1544406189
1544421865
1334583435
1363159019
1488215704
1059840103
1297261423
1350853894
1240969788
1280594974
1195686064
1305657679
1262057553
1297190386
1337902851
1500383140
1033906102
1459600430
1265005763
1037530425
1084758407
1297287582
1381174
1033443767
1059858307
1059882506
1059924626
1084757621
1194291827
1211993609
1274139345
1281917396
1297253209
1297303402
1305657782
1332235201
1332248887
1332370208
1338399330
1338821086
1455665626
1464477442
1465782604
1471949894
1471965592
1498787346
1265480112
1280637103
1110360187
1059830511
1297277415
1006795228
1337420843
1502284503
1011792026
1459918974
1501828555
1500484924
1501321135
1059885033
1501329419
1538361326
1332307023
1443763950
1265963434
1033641144
1219144872
1059939398
1500252713
1502311374
1500254619
1008217042
1388977340
1389016645
1391218173
1475150381
1475153816
1476091877
1500020351
1500241631
1500267387
1500315965
1500393246
1500399020
1500477438
1500481380
1500491108
1501316140
1501785719
1501822856
1501880408
1501945124
1502224803
1502241674
1502416166
1502421072
1033902023
1050995717
1059707177
1188212866
1080884078
1234337403
1281588058
1297296095
1300357897
1300367168
1304559222
1313701661
1328846457
1329967674
1331343902
1331348444
1332128042
1334592268
1340765822
1340768833
1344083052
1344105534
1352692590
1374744013
1419496653
1440428818
1443176155
1446034999
1464516178
1464521525
1467001100
1471967520
1475912992
1479671290
1482356036
1482806249
1340765822
1340768833
1344083052
1344105534
1352692590
1374744013
1419496653
1440428818
1443176155
1446034999
1464516178
1464521525
1467001100
1471967520
1475912992
1479671290
1482356036
1482806259
1498716315
1501347473
1521451729
1500249507
1298109943
1174753178
1263644468
1501188332
1501341072
1502270963
1381166622
1011795429
1059923952
1337703486
1471949890
1426577333
1174686051
1499923668
1501357561
1231155948
1257015779
1502445142
1391193993
1501302196
1429640489
1011796871
1328317769
1459430407
1090026410
1266759437
1297292440
1502461006
1059409514
1312631733
1041401214
1281588912
1337300709
1337314173
1337680272
1374805895
1388957336
1406828583
1502439433
1502454159
1502468688
1502475490
1059943050
1397503527
1259398831
1059977032
1082739738
1231150328
1231495850
1281592569
1318050973
1335954208
1337294708
1337423729
1338247461
1338406896
1341804446
1386279900
1422018015
1454376888
1503678902
1032553373
1338239348
1035669756
1268041688
1337961212
1476539582
1080847591
1232981280
1304544216
1047127921
1174670767
1230609570
1260626804
1337983491
1484847421
1485152212
1485153572
1485153762
1485214695
1366110986
1273779918
1008535500
1080856879
1464523452
1195723057
1317664258
1501294286
1187145153
1246361200
1409287763
1503686873
1008194035
1080871429
1501312380
1360815738
1053364340
1195703632
1366110986
1008535500
1273779918
1080856879
1464523452
1195723057
1317664258
1501294286
1187145153
1246361200
1409287763
1503686873
1008194035
1080871429
1501312380
1360815738
1053364340
1195703632
1293939616
1405029565
1464517560
1472110276
1492919104
1305563027
1337443977
1337699061
1008535869
1283925609
1297307932
1331944661
1334539396
1360778498
1392357148
1416487926
1059944922
1028585993
1338006435
1036196975
1375024131
1408888148
1362468233
1476512090
1377978887
1034801856
1501256534
1408893488
1306739114
1251230827
1297484413
1371458749
1489521620
1263660218
1368524813
1328335112
1305091273
1307149868
1337291442
1378370352
1406826128
1442495112
1276955580
1339552776
1356409929
1386309214
1409147548
1413448532
1461596783
1524385282
1524489842
1530463627
1195700811
1195711390
1342636322
1472729208
1479251013
1486231723
1195696102
1312604831
1278965240
1008218707
1413426867
1478611014
1231582854
1479298557
1253811403
1413471804
1203987439
1329304629
1329304392
1411613144
1379184699
1413409856
1416492180
1449376487
1450144481
1501332915
1416447995
1253065190
1060008879
1222891280
1336290289
1340767395
1380983017
1461644976
1552603656
1315209074
1506190641
1032262654
1408827824
1522528503
1106590709
1503582535
1503590881
1368474869
1406828951
1444327649
1503573678
1483675125
1036195923
1288747560
1485154751
1485155869
1485213587
1195744366
1457163020
1421118920
1245289656
1499237206
1416452932
1328363409
1008536732
1263674823
1479262638
1520325587
1195714679
1231585731
1274099524
1338264669
1456764935
1532243094
1034957966
1461662580
1483691628
1491914868
1552594018
1032108530
1487533854
1330962216
1270635791
1485426292
1059987747
1483911974
1394036272
1032273963
1008533779
1080849932
1338995977
1381522204
1285508428
1025482301
1388005784
1439593912
1032255978
1263693457
1080877720
1305560254
1323072722
1400549901
1195696108
1458027864
1483148508
1495167075
1496564956
1496648083
1508246288
1527341808
1434297989
1305721418
1011226484
1204075334
1388005784
1439593912
1032255978
1263693457
1080877720
1305560254
1323072722
1400549901
1195696108
1458027864
1483148508
1495167075
1496564956
1496648083
1508246288
1527341808
1434297989
1305721418
1011226484
1204075334
1195708474
1008590613
1028586902
1305632798
1476877523
1305528530
1535685126
1546593605
1419752266
1305654466
1305729171
1419754203
1441869437
1283768889
1496707271
1269979665
1555664593
1555670889
1555679085
1555692328
1556945409
1556946456
1556946945
1556947094
1556947119
1556947188
1556947209
1556947753
1556947837
1556947847
1556947960
1556948506
1556948788
1556949065
1556949168
1556949236
1556949240
1556950138
1556950349
1557808348
1422302561
1444487172
1444018394
