1264730
1397351922
879778
1255270
901104
793004
1280528
1109584320
632487
1297836
1057762313
763214
1111420614
1266770910
913608
1319112434
1433567911
1017078122
1376803108
1181411256
1389411584
1243766844
1140676575
1447729581
1430737587
1368916401
1453474114
1392153934
1266779490
1108857932
1237779
1470738986
1449201117
1019099324
1309793555
1377982919
1109581241
1256550377
1448232584
1428214099
1187539309
1356093046
1035601571
1300222474
1185639718
1075969239
1275377077
1433780653
1065205963
1160448435
1298553316
1320962114
1162491058
1065811960
1166972933
1035851135
1459630365
1109375817
1351801160
1207036928
1109499688
1281110243
1149346574
1298563290
1280927391
1298157931
1109574879
1161324212
1057778034
1109591249
1533035757
1063762529
1109589050
1250420080
1256401046
1109548667
1250429430
1063778790
1109517891
1275656879
1182854756
1243776790
1431633984
1449939635
1256024038
1109541626
1406124704
1276458774
1293889372
1425713341
1066672241
1351472116
1453008868
1455686802
1459620898
1508118216
1316203950
1250415131
1160719518
1501079236
1483138057
1316205853
1355030227
1234555547
1185587820
1293368166
1300106622
1340503725
1470741002
1453309705
1489495348
1132661557
1136788320
1194353546
1202188060
1300193024
1250407401
1355030781
1450202810
1509200354
1546344339
1535588856
1538783661
1539462135
1541478927
1542628940
1543962718
1543972175
1546352111
1550923028
