1165185548
1104469909
1442771048
1076361136
1354536187
1514449386
1155133156
1309365714
1354128717
1460570795
1176897312
1021362300
1314235362
1086169224
1507892359
1153451035
1469737921
1510343107
1173158228
1077151125
1519675917
1232373
1523500094
1222781249
1442439999
1460990960
1164048020
1484694455
1364175862
1076749946
1233032314
1230508436
1313641240
1102050663
1221001630
1058743520
1430448801
1229171542
1034708005
1392859194
1234172631
1523066801
1488493812
1378788571
1218990955
1374489208
1024406232
1473915514
1247682693
1388786849
1482289584
1523544761
1378488043
1247681714
1289079656
1031174860
1027570235
1177069393
1520247784
1381188830
1412516732
1312041325
1076376693
1523621532
1148595161
1164099640
1115732594
1519942840
1230251977
1242376923
1354777588
1148647125
1523648880
1045913387
1306643
1214339955
1477119897
1321958897
1232352974
1232421093
1305764856
1313863851
1398845076
1235492829
1482301375
1278258919
1523566103
1473927997
1495971711
1283474961
1230264576
1428258165
1466428342
1294180
1450517502
1150595619
1313653303
1010809962
1234522241
1141001547
1176649501
1450517317
1497492738
1212557232
1173145676
1167873886
1010780364
1154852214
1322382190
1174838580
1003881525
1321327309
1175677969
1076546840
1333445142
1442324973
1284157444
1236324556
1420098400
1061842617
1233113599
1468307464
1252477967
1037072397
1093914847
1186503835
1276820567
1250335232
1475566414
1307902614
1059293302
1004126877
1374406632
1252253468
1523584199
1475651274
1351884565
1125089989
1463698905
1473936414
1173341450
1476417939
1401393720
1431889875
1192274858
1091696896
1086232507
1420098396
1042905424
1247144773
1169164622
1296566194
1305730042
1115800689
1171344232
1072442112
1037088402
1037671740
1285912361
1280842241
1451277565
1134823537
1491499729
1530751654
1453054093
1398844769
1398850014
1266267845
1177047811
1508028607
1310560732
1195521979
1443430258
1461646582
1154613731
1189638087
1173209000
1509025570
1030618247
1019061871
1161562704
1114264760
1002610582
1442808866
1461585806
1033212605
1285903950
1352854641
1461589688
1497151629
1306637
1356737273
1247692561
1084660832
1072461942
1452964239
1381819311
1212148033
1033062404
1266268141
1111552791
1023865995
1021371873
1354767906
1004638987
1005854855
1002280851
1049217713
1296230602
1357894563
1064565508
1186040598
1401738715
1163832713
1296216369
1283683068
1169222850
1012103451
1265563782
1238073469
1365545589
1021368300
1133836101
1180103005
1060315688
1076345406
1509098071
1313251471
1175026620
1152589909
1003646214
1023846332
1173407070
1014994386
1249336327
1182256705
1231089921
1024137780
1104457484
1195480313
1173157669
1234159143
1267436071
1168800555
1032252233
1451722778
1449165309
1270403274
1351151407
1151123189
1152597601
1324805679
1318829243
1063493458
1311157078
1211420328
1347289085
1063415284
1162799187
1188308166
1169259942
1086170293
1173522496
1022093443
1276721850
1212515723
1174788224
1173269223
1116455444
1168236928
1027374232
1024236793
1352782941
1086021746
1060314652
1147075096
1076382563
1475723386
1415692441
1208012928
1330112690
1398798023
1279305604
1089247555
1446843112
1067726347
1130612469
1198736223
1474915922
1520249790
1179071925
1085544336
1445571373
1247052307
1473913981
1037936176
1478175448
1317863533
1370386565
1173221667
1025272529
1065082741
1401797615
1503922931
1314872454
1154607840
1226618678
1073759279
1491781103
1490458167
1525314367
1180955397
1154490298
1049410656
1132345776
1153425017
1263947973
1530792039
1336102894
1158583547
1454057888
1181188349
1003919197
1026820702
1329637477
1079902694
1523228024
1036699443
1266516177
1520003210
1084660839
1180910972
1473831556
1534974937
1207587034
1003924131
1541399610
1012648740
1534399617
1132734890
1024066505
1310279977
1003766403
1230671611
1505809877
1013058054
1414804021
1218085089
1019809301
1003217095
1515926125
1516998108
1003772275
1516657611
1031949591
1533024342
1033192544
1449451620
1530814324
1536500067
1398859498
1530752309
1057798346
1072075121
1398834643
1488663366
1164121554
1121178572
1338733761
1093174679
1284066311
1060010980
1038259172
1400851199
1032571196
1019809338
1111596979
1033403971
1031172700
1165077922
1156394096
1159109750
1018108037
1230218257
1024065565
1154528170
1175164566
1183608392
1379566570
1024133761
1369047866
1408134070
1189540905
1006849883
1514974174
1188320290
1512796269
1005355154
1130256594
1401831383
1400042621
1215351656
1013580831
1398854504
1023455016
1305877518
1073645018
1020850730
1108880549
1002542511
1011906621
1181022765
1230255651
1352110685
1171112900
1195044013
1021368607
1217654270
1242361623
1361735853
1180987411
1230676525
1284110328
1342718377
1522244159
1230706482
1343205050
1380583805
1536335975
1400063349
1076377097
1061611732
1451239706
1034878119
1115886257
1182961628
1212890001
1538931454
1226453795
1146032088
1507620545
1037353988
1035278152
1049291372
1499547129
1018917315
1090800683
1153843279
1154505953
1061389413
1052271203
1043329702
1157082537
1176996572
1497518453
1016963715
1247147844
1476356887
1074556695
1086180227
1208721053
1286494168
1431859485
1480092857
1005810937
1061613851
1074470209
1024420909
1026740212
1062328593
1086169762
1086170076
1122098226
1197210876
1273682431
1356777724
1091335846
1062576486
1165223334
1201893204
1237749470
1249480507
1458962421
1004479612
1049943837
1086169871
1234144333
1371160813
1384022533
1442851961
1505723206
1533916109
1037940408
1063467615
1111580820
1178358139
1366034267
1422437791
1445214900
1473909731
