927422
835967
700701
609023
802369
644169
609019
1256933
598630
1213521713
1116476977
1198152
1459588856
754114
1213174542
802362
1307182547
1234445329
1332506
1332511
1198155
802355
1198151
1288846029
629361
1335822147
552418
1212881
1271362419
629376
754116
1392326739
1260505435
629368
791304
1110515395
573072
1235698000
629359
730451
1198141
743821
629371
1332484
1332490
1023407786
629362
743811
1506990378
1456632762
1531032824
1153523623
1295416509
1332488
1339517960
1332494
1214360408
573069
1023569265
1368229681
1057844979
1326662678
1164908666
1020873060
1036597956
1149188331
1530438812
1189789082
1214406430
1330070241
819265
1332497
1299189316
1222025166
1166573060
1335017910
1037574647
1079411946
1481802376
1025396034
1227437664
1479364277
1007585973
1458484660
1468027724
1468292306
1189783703
1335211828
1335235382
1335235742
1537440568
1218200791
1538566842
1538574414
1540505704
1166902163
1317933996
1533805140
1541175151
1031806913
1335095702
1468053214
1541134853
1543115026
1162478908
1533669413
1180350255
1335212302
1336049353
1542571296
1541389773
1223004098
1224005563
1513444403
1214280066
1214283303
1222280117
1223325162
1339963001
1456705038
1463136592
1463851855
1532111132
1541403185
1022468751
1034007906
1063487209
1148552395
1158984890
1167446992
1173245670
1213517071
1214349946
1215711450
1245438185
1306502948
1306537424
1317506992
1351516155
1356496333
1361301427
1364465419
1381313743
1424657308
1453720321
1463810513
1463848682
1467279305
1478170550
1478180859
1479390112
1486865257
1497584267
1501514610
1513628639
1517613501
1518037459
1525597054
1535027741
1539746469
1541981295
1547181124
1547228716
1547259800
1550866657
1550949569
1551311942
1019500993
