1099299
1307587861
1255274
1322248
1234669254
1062785980
1447523810
1101268383
1463374
1463375
1242792
1332478
1289111
1272737
1463380
1161897719
1392127000
1312788470
1461540805
1260830
1409122829
1101102083
1161860850
1383741359
1463382
1383731376
1520608017
1101036502
1100516061
1345233
1163839795
1463383
1507444520
1102580514
1501736761
1266816610
1485223286
1311491199
1232040312
1484330867
1383749129
1070871628
1239027349
1463455
1463470
1432091976
1241153092
1192671673
1383718572
1189167042
1101033147
1394784443
1464412855
1362760459
1454484952
1506311682
1383754077
1463391
1463386
1383673121
1474487335
1187209844
1179045675
1445721955
1454504204
1164933705
1506291663
1463384
1381657968
1518717366
1197565733
1383761304
1508199768
1485360049
1485369374
1101229842
1083807581
1362338068
1263856058
1454214694
1165770077
1452856590
1463381
1022911283
1104779898
1179423838
1263867236
1309095190
1085517168
1414844196
1423147237
1214889045
1153577280
1504062104
1426249377
1332470
1371511402
1432977422
1502578946
1215820331
1394810447
1544616191
1518929653
1534053562
1394761714
1454248961
1198455906
1421344226
1079867705
1079926333
1165233268
1456691907
1475916482
1491882366
1496242806
1079821104
1218534376
1415962544
1416390179
1454282657
1455039343
1475902869
1532028411
1022912929
1068995829
