154996
748944
1132067
999254
573068
652809
999249
591688
927183
536960
573076
271554
743664
1431716342
730415
792996
716565
632576
1097084998
1262615
552359
598668
1467580
672548
927186
871072
1264777
1447870576
1277785798
1240336112
730424
574818
944249
927190
591692
505047
1097086308
154966
433903
730420
154962
1156184062
598639
743804
536964
1467561
1245545449
1390154283
1252704822
1313338049
1390149394
1054807734
1198468639
1245552572
1457765059
1054807759
1245101545
1437429
154960
672473
1215841
1499083265
1527104230
1529019633
835960
186677
186675
871078
871069
835959
871081
703467
632558
766931
536966
871380
767114
871077
372440
871076
802350
871378
871393
703422
703432
802346
791282
871397
871383
871377
700708
871385
871392
871382
871395
871398
871387
