591728
167970
177431
716417
172124
1298027
629354
654330
1298022
652807
1298056
1298010
1233241
687934
818136
822663
766908
1292664
730462
1467646
559025
431029
802122
1298019
766900
654332
1309180
1298023
819271
1463433
1463461
1185629361
1463436
591726
1223134671
1319040
724986
724978
157044
1463444
1463430
1186085810
1159480
1178321509
1011549110
1159196
1186235920
1317279
1178122041
1023349017
271558
1024181035
1438748925
1185596735
1173269134
1178130126
1185895106
1159475
724983
1018534151
1463434
819264
1012796312
1170372534
1463471
1178279750
1178303518
1023346452
1028250313
1206538
1012796071
672818
1416039496
1185567431
1313919425
703480
766961
745235
745244
745231
745239
191682
