1078138337
1443017220
1467195574
1155130292
1411893638
1253889366
1178250383
1424130577
1234242714
1413393357
1478811253
1296382509
1177021999
1455356262
1462219152
1282518841
1481574289
1097182062
1022520953
1159187361
1017767874
1152415893
1136151863
1402708568
1253895779
1090837971
1219543438
1159173306
1368462992
1471318343
1094047555
1014508671
1026515847
1088222192
1079142532
1088221301
1169007286
1003358119
1194034846
1146523931
1094985429
1193547622
1281664480
1192752743
1484195379
1454342603
1331992587
1253730220
1308871412
1223008112
1501490210
1091068301
1385952658
1212537790
1059274618
1119149325
1479959807
1379847282
1209509529
1494374627
1121591063
1285935268
1162033576
1162112757
1090035855
1125409261
1006945960
1184830524
1214667333
1384829557
1226528616
1253855337
1016649387
1463628034
1149847420
1206960426
1130113107
1084961189
1385842879
1022328543
1531974605
1497819532
1214656189
1284101183
1462212507
1027177756
1481763268
1153734446
1130129679
1214084520
1336133447
1083531218
1218933934
1455724179
1015809427
1091286885
1004485654
1021837613
1296621731
1024343356
1143552681
1042338170
1140918618
1212497710
1323326288
1510689977
1019231372
1159180847
1262675662
1399450728
1218334727
1219254869
1181240089
1157913037
1226284263
1070537456
1083762743
1015714910
1020297931
1425596055
1354164948
1352570162
1379287365
1125797746
1369477900
1514492211
1217676310
1513920883
1524858709
1316553697
1316825229
1445249308
1523485527
1177042973
1255417871
1186814154
1462190450
1522272478
1530839268
1536298380
1031174794
1535271133
1344662904
1376705845
1173019712
1356909365
1532010007
1528955600
1532463676
1323067043
1265137757
1361110073
1193586818
1192678245
1277340399
1086554355
1052366672
1065838238
1152744703
1332248586
1433428937
1433814736
1464431112
1051759476
1054806424
1195226059
1214662672
1517008764
1015697795
1100355910
1186839661
1483385397
1203904502
1390496613
1437654292
1444710304
1462076937
1503591044
1530900694
1523505721
1544272673
1065831468
1096918943
1235240232
1323243284
1332018229
1426117600
1433885340
1019575447
1185984364
1194069637
1283622479
1037630303
1054806311
1356259270
1116870282
1205932985
1332021888
1332249293
1389426867
1416368809
1434319291
1462258271
1501902568
1177297498
1204405541
1218361999
1263574119
1267048733
1293877959
1326180394
1378983351
1416240462
1417702148
1474367686
1446936502
1462371901
1466496643
1494232772
1514251616
1092461735
1103500141
1121240321
1152615362
1241600804
1252165636
1273653816
1285605671
1332253579
1428967112
1518909777
1531607739
1544391209
1085412019
1139278929
1207769680
1282744904
1296590062
1307714959
1413412510
1098796103
1152428791
1186928286
1259468543
1307198096
1311342750
1338371693
1370822040
1474337858
1054807629
1054809536
1158122830
1433571913
1437043425
1054809459
1054809542
1156655349
1192743189
1254121300
1255532999
1406195976
1054804752
1054807591
1083773597
1085398067
1096940619
1103506434
1116856068
1143915425
1171627497
1178048160
1186873143
1483339251
1192621842
1193486984
1193670631
1204893441
1218437282
1221589504
1223984405
1237563503
1262792123
1263572705
1301863215
1384497310
1332007562
1332011875
1332013006
1332020204
1338452959
1339079957
1375471529
1379279978
1384022583
1389639034
1392164532
1392316446
1393800604
1400266595
1406592038
1412924575
1417983291
1418037076
1431110420
1433445018
1433965390
1434708492
1441398263
1474350904
1441637711
1441869518
1441926672
1442069741
1442119312
1446796881
1446950964
1453668822
1453687560
1453705810
1462249964
1484585474
1502193189
1502417777
1502458552
1502715976
1503293309
1506370835
1520402746
1544551375
1547149834
1547190514
1547232195
1547246475
1547260238
1550517221
1551317767
1552377351
1552995061
1552999593
