791285
1392069969
1032303
1162125189
1467565
1467648
1431898290
1366302263
1103699313
1028360364
1253918932
574813
1074047724
1324289703
1501855343
1452863111
1270544129
1195473084
1362539193
1337469436
1311395994
1241474893
1471961493
1246874291
1166316623
1115712086
1247214132
1307300116
1037708440
1132561599
1431804631
1236623238
1218330802
1049237953
1502840361
1214101539
1237779570
1178069219
1218034377
1247214824
1037662466
1166317423
1433542865
1216367768
1311415704
1495625954
1446583106
1234286222
1282452501
1166805900
1214228843
1352750420
1037644079
1378482825
1057720074
1089322339
1484037744
1360973413
1236205347
1032765008
1214190020
1221544596
1107165070
1205667194
1236279789
1411575175
1331453420
1383774805
1093677484
1510684739
1214101342
1037655266
1045677562
1075947784
1089308053
1321426622
1508787927
1262669515
1411539986
1064499377
1233443101
1045688265
1089319845
1420421420
1442713336
1443084265
1458211902
1037560907
1049277411
1198801172
1212506756
1091103137
1093673453
1311408413
1207969276
1251008691
1282263756
1411578430
1429193315
1023695752
1032783578
1484594631
1037652637
1246713839
1394812183
1433767704
1510095443
1127030523
1429215453
1311427542
1037711182
1164098492
1331473622
1349935942
1371726728
1391373067
1401093434
1484090316
1037740987
1436123003
1037650145
1502354763
1214337568
1403479504
1468251476
1349559576
1352789548
1023698223
1023703433
1037747484
1218366358
1315018634
1220207032
1246712545
1259432261
1337463904
1359145842
1433934251
1446803407
1164081327
1353075315
1394592952
1037653608
1214365810
1037720748
1371756061
1037722823
1043577239
1049278544
1135831819
1164057586
1484040012
1187562114
1193560326
1037727460
1231316836
1362556914
1246714247
1262648277
1394318930
1322569020
1328525886
1334753711
1337465679
1366416346
1371993588
1366495239
1366486886
1347107970
1361317000
1361324458
1037753346
1378453867
1392549478
1401066992
1394572826
1401071520
1401079029
1401082219
1401086520
1401090604
1403508727
1403620137
1457482760
1433922701
1442801557
1449385306
1452876149
1452917766
1457777020
1457777327
1488163013
1489711025
1501313328
1501323206
1508974449
1525993783
1526012493
1206648057
1550610057
1532076558
1532088370
1532092724
1540308449
1543482733
1222042574
1445087184
1022784500
1433773750
1452804622
