927422
835967
700701
609023
802369
644169
609019
1256933
598630
1198152
754114
1176846
802362
1338915
1332506
1332511
1198155
802355
1198151
1242128
629361
552418
1212881
629376
754116
629368
791304
573072
629359
1356349888
730451
1198141
743821
629371
1332475
1332484
1002608221
1332490
1080334548
1107062446
1361303848
629362
743811
1525534884
1332488
1332494
573069
1008513973
1012712835
1026815273
1008514686
1062971037
1546574970
819265
1332497
1109065128
1062974947
1069230042
1012713351
1257725732
1230952105
1445554805
1424141916
1420221353
1026390628
