1024140127
1073054704
1296500219
1222232434
1137412539
1006858648
1296254849
1296322481
1296287525
1231651538
1046158702
1006461013
1065056454
1218145649
1011968921
1218228405
1057639498
1017885636
1218220995
1057618358
1020467900
1051778324
1072430531
1218139178
1051781410
1229444620
1046176743
1090555319
1138188953
1050367028
1142363403
1433015893
1433038085
1536501845
1433057316
1296351961
1421672990
1433031930
1262772488
1059591309
1047340684
1142335245
1031162480
1045800484
1536473443
1072412685
1142547273
1218231791
1433040952
1230660618
1142504043
1433020674
1433044335
1137384900
1218135172
1122424248
1295316590
1296215087
1433035171
1296452282
1137238940
1138710889
1229452203
1230677554
1433018690
1050360638
1137295422
1433025531
1047337779
1138199936
1138695601
1433050538
1501525817
1525180495
1531917997
1532597412
1549540962
1050348846
