1184939290
1147039883
1502832929
1129219629
1513164895
1270428495
1237788038
1185034184
1183827495
1381632472
1356284411
1208394198
1293932857
1307195605
1368163598
1412463956
1407984780
1273756939
1146977830
1425062556
1273759146
1094588702
1111974862
1373061859
1514694299
1053860581
1509828456
1449251988
1237779011
1319066683
1220802102
1417629356
1205784481
1253056133
1380195352
1354152350
1165990391
1121697997
1497141404
1179337083
1145444258
1501225308
1480186959
1248158388
1228229088
1246856799
1283827791
1495009155
1492332197
1214595559
1094786660
1337147135
1346333927
1391437199
1478567757
1218710515
1530717060
1346381408
1346541397
1456854707
1517990880
1473811463
1236781204
1475709315
1539330126
1537109503
1545631771
1521528802
1527154542
1147008843
1539351866
1301785458
1316744838
1302611682
1452817283
1146916810
1162779887
1374988214
1433526354
1516148986
1189940299
1473045139
1162651862
1237782092
1165030235
1307206189
1473055756
1457127671
1111421244
1162695942
1214662415
1198302881
1215531770
1213124181
1433458139
1091287711
1364901754
1513291434
1116632453
1218240808
1229973051
1433514788
1364548006
1424221030
1446413924
1196949863
1433536833
1116708337
1146700932
1147333373
1184720824
1053614597
1421343033
1237800175
1311286717
1352856239
1357858249
1435671867
1508391661
1095871254
1423727009
1469822906
1433436453
1224813807
1454354986
1459686390
1176537585
1198344126
1433000238
1262594591
1373088937
1421052006
1226881164
1249923647
1442657933
1237799137
1307824564
1452804839
1480991210
1546322313
1211749903
1451358811
1449176534
1188159866
1294815441
1490716086
1168536918
1291894273
1180909110
1086881647
1123835871
1223220155
1467259673
1445893842
1091858490
1115302405
1262560619
1123026745
1446238557
1149068574
1444655812
1271709222
1196662096
1397151521
964830
1147337854
1371593067
964837
1524190403
1515959465
1427603536
1458841003
1354180497
1522482303
1250901827
1329508147
1360057379
1456848037
1506511557
1116617575
1243678086
1364814331
1546234067
1445550758
1080711697
1112650191
1174426203
1237793231
1253455430
1361573162
1414666321
1433942821
1465722122
1478113203
1485947961
1112100839
1164874165
1250595420
1274396716
1432193362
1346554114
1410974207
1513311583
1546257002
1022696763
1055912421
1096163916
1215291944
1315004201
1359993255
1510480647
1543614403
1237674997
1533508375
1412263503
1456854245
1509893702
1112648178
1226879714
1257948899
1371739469
1407929676
1412249112
1412300853
1457140552
1469729106
1475533082
1531569245
1533959834
1208636011
1432000035
1433182899
1432957168
1429963027
1449328744
1463861768
1509187015
1546222031
1546437375
1546460465
1427320124
1389722221
1398826026
1465814415
1500944135
1513301276
1253120914
1283547715
1432146763
1486386709
1463871415
1465664970
1492823286
1531609127
1534745504
1539290715
1096200783
1217726472
1238692609
1247346467
1504486111
1253126017
1346482583
1355733328
1512856134
1541363784
1544943944
1546254000
1053915236
1094797694
1311286672
1246557546
1360787326
1396895361
1420973190
1478120834
1489686717
1499236783
1511892156
1513316918
1544951596
1096180679
1106182123
1112649210
1226365180
1237114813
1437139943
1294842285
1296674412
1322613862
1337249449
1388011598
1432156024
1408176715
1431991180
1449537703
1463090436
1469546359
1481295668
1492326851
1528443799
1546311002
1546343336
1546350616
1035748606
1096159198
1185911906
1225348522
1224950807
1260863676
1294697877
1296603896
1298579462
1342895852
1356626591
1440004704
1451846224
1456849173
1463864272
1498292875
1510584986
1523890488
1541133593
1541369438
1541399849
1543803795
1546452794
1481186179
1091095755
1095871265
1106483200
1442958130
1192928781
1463060388
1243180593
1248078406
1252819253
1273763291
1275718944
1289255672
1339072831
1316418342
1342871394
1392702471
1431010769
1361727739
1364891162
1381703084
1426109104
1439972198
1451352580
1452919684
1479374062
1464474759
1479681454
1530428268
1544964456
1546225440
1546360594
1094760790
1095828010
1184902284
1226339582
1232863344
1259597547
1266332736
1279324014
1295128201
1432015812
1463999174
1375329285
1432175172
1434852989
1440024474
1444136588
1463079535
1464476587
1464478028
1489637311
1534486523
1535010842
1536345433
1543685491
1056215514
1054101695
1214639703
1273804621
1296315604
1296711573
1319459433
1337737061
1432137451
1378055976
1426054076
1433959512
1439925307
1471358035
1475004132
1492353667
1521625088
1530771552
1535196321
1535215388
1538824687
1538903179
1541656697
1542032931
1053888462
1054042415
1189819295
1237790400
1462277847
1260803317
1462013672
1278597143
1290263481
1296387342
1458840766
1521613838
1533580373
1541177030
1543076927
1543600044
1032241851
1095871341
1095871355
1214880809
1243219444
1252577847
1273832298
1296660140
1296732478
1408431780
1373901213
1432029888
1431010594
1431010924
1431009341
1432009089
1432143861
1356855306
1385940146
1412237970
1443550321
1449204959
1477793311
1481672023
1483956680
1502221911
1503198908
1516923845
1517050528
1517155280
1532266360
1541360617
1541363679
1541596193
1543625559
1546400563
1054015728
1054136291
1096193584
1196683986
1227676733
1230346336
1235430393
1237010696
1269168831
1271279647
1295373172
1345618563
1345938828
1353131445
1353534790
1432665437
1354683093
1356896374
1364845212
1376492241
1385829204
1389069138
1433113210
1432168954
1395156262
1432961201
1417758905
1462070388
1439955816
1441478871
1464329396
1464482645
1482418358
1486119245
1505922088
1505951140
1506375035
1509918923
1530954265
1531998783
1535232758
