1420815038
1022147547
1366527765
1042766735
1099191379
1148158683
1074572475
1007183604
1481367496
1457484613
1029223892
1137308855
1502243252
1181364859
1095762374
1237734157
1387320903
1021723790
1155894977
1034685453
1351544099
1488350957
1353119422
1428820995
1317254
1007217483
1073960161
1095311581
1434455457
1522443783
1145570697
1481354717
1522429031
1262653627
1503882664
1032793268
1351490856
1042061643
1496135147
1042091353
1460985540
1025185303
1158909470
1042077482
1508511777
1078216331
1317243
1441365983
1034177732
1484827844
1067017676
1354501202
1479293491
1003875906
1515666745
1154450374
1157269468
1082047188
1024635635
1275661829
1420815038
1022147547
1366527765
1042766735
1099191379
1148158683
1074572475
1007183604
1481367496
1457484613
1029223892
1137308855
1502243252
1181364859
1095762374
1237734157
1387320903
1021723790
1155894977
1034685453
1351544099
1488350957
1353119422
1428820995
1317254
1007217483
1073960161
1095311581
1434455457
1522443783
1145570697
1481354717
1522429031
1262653627
1503882664
1032793268
1351490856
1042061643
1496135147
1042091353
1460985540
1025185303
1158909470
1042077482
1508511777
1078216331
1317243
1441365983
1034177732
1484827844
1067017676
1354501202
1479293491
1003875906
1515666745
1154450374
1157269468
1082047188
1024635635
1275661829
1420815038
1022147547
1366527765
1042766735
1099191379
1148158683
1074572475
1007183604
1481367496
1457484613
1029223892
1137308855
1502243252
1181364859
1095762374
1237734157
1387320903
1021723790
1155894977
1034685453
1351544099
1488350957
1353119422
1428820995
1317254
1007217483
1073960161
1095311581
1434455457
1522443783
1145570697
1481354717
1522429031
1262653627
1503882664
1032793268
1351490856
1042061643
1496135147
1042091353
1460985540
1025185303
1158909470
1042077482
1508511777
1078216331
1317243
1441365983
1034177732
1484827844
1067017676
1354501202
1479293491
1003875906
1515666745
1154450374
1157269468
1082047188
1024635635
1275661829
1420815038
1022147547
1366527765
1042766735
1099191379
1148158683
1074572475
1007183604
1481367496
1457484613
1029223892
1137308855
1502243252
1181364859
1095762374
1237734157
1387320903
1021723790
1155894977
1034685453
1351544099
1488350957
1353119422
1428820995
1317254
1007217483
1073960161
1095311581
1434455457
1522443783
1145570697
1481354717
1522429031
1262653627
1503882664
1032793268
1351490856
1042061643
1496135147
1042091353
1460985540
1025185303
1158909470
1042077482
1508511777
1078216331
1317243
1441365983
1034177732
1484827844
1067017676
1354501202
1479293491
1003875906
1515666745
1154450374
1157269468
1082047188
1024635635
1275661829
1420815038
1022147547
1366527765
1042766735
1099191379
1148158683
1074572475
1007183604
1481367496
1457484613
1029223892
1137308855
1502243252
1181364859
1095762374
1237734157
1387320903
1021723790
1155894977
1034685453
1351544099
1488350957
1353119422
1428820995
1317254
1007217483
1073960161
1095311581
1434455457
1522443783
1145570697
1481354717
1522429031
1262653627
1503882664
1032793268
1351490856
1042061643
1496135147
1042091353
1460985540
1025185303
1158909470
1042077482
1508511777
1078216331
1317243
1441365983
1034177732
1484827844
1067017676
1354501202
1479293491
1003875906
1515666745
1154450374
1157269468
1082047188
1024635635
1275661829
1420815038
1022147547
1366527765
1042766735
1099191379
1148158683
1074572475
1007183604
1481367496
1457484613
1029223892
1137308855
1502243252
1181364859
1095762374
1237734157
1387320903
1021723790
1155894977
1034685453
1351544099
1488350957
1353119422
1428820995
1317254
1007217483
1073960161
1095311581
1434455457
1522443783
1145570697
1481354717
1522429031
1262653627
1503882664
1032793268
1351490856
1042061643
1496135147
1042091353
1460985540
1025185303
1158909470
1042077482
1508511777
1078216331
1317243
1441365983
1034177732
1484827844
1067017676
1354501202
1479293491
1003875906
1515666745
1154450374
1157269468
1082047188
1024635635
1275661829
1420815038
1022147547
1366527765
1042766735
1099191379
1148158683
1074572475
1007183604
1481367496
1457484613
1029223892
1137308855
1502243252
1181364859
1095762374
1237734157
1387320903
1021723790
1155894977
1034685453
1351544099
1488350957
1353119422
1428820995
1317254
1007217483
1073960161
1095311581
1434455457
1522443783
1145570697
1481354717
1522429031
1262653627
1503882664
1032793268
1351490856
1042061643
1496135147
1042091353
1460985540
1025185303
1158909470
1042077482
1508511777
1078216331
1317243
1441365983
1034177732
1484827844
1067017676
1354501202
1479293491
1003875906
1515666745
1154450374
1157269468
1082047188
1024635635
1275661829
1420815038
1022147547
1366527765
1042766735
1099191379
1148158683
1074572475
1007183604
1481367496
1457484613
1029223892
1137308855
1502243252
1181364859
1095762374
1237734157
1387320903
1021723790
1155894977
1034685453
1351544099
1488350957
1353119422
1428820995
1317254
1007217483
1073960161
1095311581
1434455457
1522443783
1145570697
1481354717
1522429031
1262653627
1503882664
1032793268
1351490856
1042061643
1496135147
1042091353
1460985540
1025185303
1158909470
1042077482
1508511777
1078216331
1317243
1441365983
1034177732
1484827844
1067017676
1354501202
1479293491
1003875906
1515666745
1154450374
1157269468
1082047188
1024635635
1275661829
1420815038
1022147547
1366527765
1042766735
1099191379
1148158683
1074572475
1007183604
1481367496
1457484613
1029223892
1137308855
1502243252
1181364859
1095762374
1237734157
1387320903
1021723790
1155894977
1034685453
