1252777954
1434783998
913617
1494456214
1347101420
1090230269
1445029458
1256913974
1488373732
1433176728
1324596076
1315004706
1507025421
1068732706
1054803374
1257555527
1255156685
1243366956
1096555139
1177327671
1253441820
1288161388
1540318062
1492740232
1097907118
1144520396
1202277702
1054804622
1329067723
1253078780
1445063144
1540335256
1054804739
1329044652
1334575142
1489495241
1504468071
1054804823
1054804841
1068650924
1095831647
1283381234
1325067088
1494174876
1504472070
1523475830
1054809307
1054809544
1054809617
1260713342
1340984404
1054809563
1097983945
1263684871
1153432858
1153491198
1334606126
1438597989
1523398260
1054809587
1068640333
1068657415
1148073317
1377917500
1420652440
1434445025
1436478924
1444655915
1447041990
1541822478
1090238581
1253441857
1347082579
1479325564
1054804801
1054804875
1054804896
1054804990
1054809620
1054811194
1068654357
1073255402
1073264103
1444695114
1530323826
1054803352
1177332498
1153461647
1243930967
1444696086
1054803125
1054804829
1054805015
1097928358
1097904605
1097900481
1146704608
1153449207
1529338119
1529419793
1211717480
1346150501
1438591229
1439234660
1444417374
1444657182
1444657506
1444658746
1444659629
1444695488
1444695692
1444696957
1447043933
1464357647
1464375595
1465871651
1530348754
1530368566
1530647408
1535800598
1538664698
1548257271
1498863371
