1442961179
913617
1449156525
1243719807
1453122574
1432672728
1230485473
1503936008
1382689292
1396158759
1322985726
1485536656
1517617552
1264600992
1000569812
1510483415
1093689458
1541815007
1047570936
1405110885
1432769529
1134536815
1075206996
1178549157
1276488379
1024336692
1365433562
1479295834
1246778755
1545217059
1246774469
1479256902
1496195832
1479339801
1321418477
1542245565
1136281923
1449253500
1471424548
1167805935
1033540700
1033541222
1033541673
1078472825
1431865011
1204591705
1146344446
1351967210
1485103346
1224908747
1328365826
1409269233
1421339508
1421355313
1431879121
1449183560
1449225862
1449237042
1521287881
1540596086
1546825569
1548694856
1549388094
1551134329
1036577045
