154996
1329494862
1100919922
748944
999254
573068
652809
999249
591688
1253967
1521519115
927183
1395145798
1429741323
1048179357
536960
573076
1329513518
271554
743664
1471398
1079197387
1332108954
1185507499
730415
792996
1198701561
1190744349
1483279942
1314401578
716565
632576
1467602
1437659296
1315255431
1125893960
1289737346
552359
598668
1332077317
1467580
913652
672548
1395131161
1396439660
927186
871072
1234420997
1429656841
1013010166
1462371676
730424
1050305468
574818
944249
1317237851
927190
1062006961
591692
505047
1016565636
1061594940
1262439290
1098054202
154966
1050165546
1085265039
1472707041
1033207215
1332034986
1023007449
1049390899
1245140930
1496347313
1312047180
1097120418
1018186161
1077225433
1165060812
1230411981
1078454242
1210290380
433903
1022784124
1451434990
1222677586
1032083201
1127352279
1360093400
1422108661
730420
1084319005
1439135182
154962
1239035621
1022883528
1192213746
1462878795
1053474919
1455034905
1294966502
1019422826
1014433307
1283973880
1328527669
1360225367
1317463998
1023008917
1016290729
1268058232
1022610173
1440798898
598639
743804
1077641919
1295041643
1481463936
1006282979
1174633045
1022942012
536964
1259317199
1023007522
1276874528
1467561
1394725275
1002657841
1477167945
1481310195
1311402933
1049913328
1336756513
1480711801
1282349783
1432896896
1465818119
1481720708
1288040241
1268476021
1479456205
1508775158
1426321642
1432912792
1445029431
1493018746
1338814728
1473852725
1165073213
1380551100
1429646502
1445182491
1195031595
1465965392
1340924361
1479438934
1490460646
1295122039
1400353822
1432907534
1445168962
1245536217
1272290
1241348067
1411676743
1266676515
1266791038
1432910117
1315216291
1394382779
1432806587
1407009727
1445042238
1455512958
1486403301
1465867001
1005108124
1428757704
1426297251
1479445243
1432902548
1242909788
1286423742
1362849905
1273635704
1364506058
1364580087
1246994069
1268920974
1253848712
1271754889
1282662183
1334698304
1244239427
1263795727
1275542676
1315287651
1266775693
1437429
1468407
1415285825
1233050659
1276888052
1432915153
1469745924
1480230287
1486319002
1375298795
1212460613
1236600359
1340896793
1331252519
1347542923
1361206471
1368063510
1369472619
1415214911
1416471252
1417823038
1417883065
1421182452
1426279091
1432148610
1435876715
1455042564
1465822287
1473849391
1478452651
1497167132
1010953171
1237944330
1283943716
1360562365
1335822557
1029870339
1023222040
1341102143
1444477045
1333517609
1416423449
1429732204
1517817984
1185537425
1530894040
1531222231
1531829140
1533089082
1536707132
1542807693
1543384033
1544451420
1544471679
1545770565
1545851583
1546011869
1546071164
1546288404
1546656801
1547356859
1548926078
1548926978
1549145902
1553556264
1553800275
1553915225
1161250729
1160828582
1460616613
1454368071
1161130789
1366532877
1534352866
154960
1332070248
672473
1419412087
1305909799
1252668711
1425613159
1419447058
1023741512
1329675082
1279581999
1298623999
1533499532
1332086150
1295072291
1496094995
1278174157
1255756653
1332102243
1332058175
1176602238
1265058397
1231275069
1326518590
1333265431
1526158336
1332300242
835960
186677
186675
871078
871069
835959
871081
703467
632558
766931
536966
871380
767114
871077
372440
871076
1212886
802350
871378
871393
703422
703432
802346
791282
871397
871383
871377
700708
871385
871392
871382
871395
871398
871387
1555803076
