626166
187715
386973
239295
875209
716300
1194203825
806143
1472304565
1228107129
1472299638
605349
605370
289433
1280529
1068370066
654298
1418881724
1164048935
1111376514
548405
1415273000
1410415038
1184649845
1179312768
654348
1510083644
654354
605391
605372
656526
356832
356833
654340
1090786627
232331
707402
1335412886
356828
1051041516
791306
1227458679
1505072805
1239961038
656536
1227430448
1289056421
605375
632580
328282
550187
1194216720
1051044109
654338
356830
1309016250
1121683913
654345
378526
1172917149
1227441662
1058826
1224111119
1102255914
1174866271
1354589655
1134830639
767102
550148
1227448375
1381882274
1133900591
1227420917
1184637481
1486382565
1098648642
549873
1050948328
1111974136
725063
1468888625
1133884694
1440522261
607865
1218176298
1304617284
1472900183
1194379597
1206301356
1051235987
1323181333
1393936576
1462859132
533481
1462855910
806140
1012179392
205006
372966
1004273107
1217696198
743836
1038611839
1513682569
1035716053
1518645791
1054337196
707409
1217706286
1459609971
1063215868
1532190889
1424153435
1052379368
1179474066
1510112522
1422417046
1483834223
1536136554
1545013730
1440400874
1462345805
1023732044
703442
