1520455237
1339151
748926
913657
191658
730453
1455633869
1126976063
1319106
688006
1461728813
344484
703400
1428374284
552377
749065
387006
745931
730460
1465277907
1408467
1319121
1371828053
716422
1461988428
1419322933
716416
856191
1454126731
1111285587
1390918811
1436247348
1450322163
1427224353
344485
1146464440
1261112678
1465897516
1262311370
1498685398
1479914070
716424
1446043758
1432839713
1432991114
730461
767116
730464
1437243750
1255518779
1491584458
745930
745244
1522160211
745235
785751
1506453167
871403
1474683455
1487187141
1020459814
1470564299
745231
707443
1195429206
1338759034
1020411134
745239
1211673883
1289142008
1030389414
1045478142
1320969135
1382594778
1020472875
1108554530
1444986766
1462237758
1436937
1443602505
1541645882
1541674441
1136208234
1396899854
1433799697
1034623649
1441354710
1477589727
1422435574
1476161500
1367810904
1463925372
1509260069
1516918665
1081999524
1122553754
1413605304
1444479533
1444944288
1476635841
1495663308
1376974579
1462060972
1475629350
1531235892
1025917276
1396789146
1457603350
1503338533
1020467244
1025918803
1204594539
1379135412
1431957846
1434659804
1519918932
1529660436
1126561711
1324909741
1396799763
1420012169
1441212179
1446780309
1464395988
1475044897
1477293832
1498640578
1506256434
1428185912
1119156419
1229233641
1355151109
1419466806
1476178462
1520529936
1530326785
1252980322
1364159030
1464403589
1477623031
1497906540
1503586117
1503889600
1534848315
1136185450
1288011037
1337747386
1348455851
1487113635
1446732253
1485152663
1217576728
1162787537
1203828362
1262098341
1268557592
1315417628
1347430108
1374980635
1391165488
1399004898
1415979597
1419502916
1430867027
1431963826
1433507516
1435571274
1444551046
1445014266
1445117531
1445781134
1445812421
1445924860
1447493430
1457535553
1462069425
1465533293
1475601481
1477282341
1478482805
1497892246
1508801575
1529350844
1545860886
1541313405
1542850117
1542858537
1550837910
1553926586
1553974107
1296840896
1216372171
1509258212
1015791607
1084900618
1118968978
1550784348
1555758031
