1090666867
1322880213
1227055079
1367816188
1489741589
1159598620
1474672046
1213466799
1252576705
1393670201
1095588647
1042333769
1462363166
1035824797
1219362463
1316649793
1025574811
1330194383
1112785237
1317370279
1094645771
1218033763
1202411631
1290598588
1500352658
1284033553
1067043143
1066910353
1392581531
1191688742
1218061755
1035983336
1217611022
1033600805
1454860682
1094047806
1161290263
1372308829
1098410707
1130322104
1410185491
1500363207
1066939885
1394253560
1227041593
1430948320
1035264964
1335732585
1356290728
1275891334
1180352530
1345665668
1392588383
1210639195
1356347334
1066971595
1472648496
1126903950
1232202748
1317361732
1370777358
1207157219
1356347378
1359545528
1053199769
1173589822
1311350700
1462077878
1471326151
1483651075
1530895568
1066976279
1149629861
1180344871
1187586213
1308941643
1477867078
1442900892
1531701904
1207915676
1213519512
1356348329
1334733966
1362613187
1367889593
1392567968
1442991922
1479216699
1499515510
1356346286
1367897221
1392593526
1535565746
1161288588
1180043364
1375102058
1500411534
1218520634
1356133460
1356346869
1305869560
1354948167
1367961181
1026683169
1356346873
1345831128
1367804392
1408594407
1356131894
1356346678
1317468635
1443085108
1500400078
1511368285
1534967695
1075446605
1288174538
1442807007
1266399152
1219381718
1307236948
1317229573
1533678665
1057441852
1553459691
1202007353
1161317256
1177322328
1265041142
1356345685
1246674527
1247906649
1275887871
1277042880
1355960167
1294095287
1311374575
1332466728
1335408903
1335755909
1367831788
1367846817
1383942587
1392501952
1392603785
1394688826
1419257214
1458341249
1461631010
1493173770
1504669348
1510064904
1523059615
1550324806
1551177340
1556139643
1556807588
