550127
656532
654305
605276
672797
1256416
559257
573996
605287
168295
162407
142549
296208
165904
656555
142566
236694
656518
232332
1256410
1198453741
654308
692464
162411
692505
1492501859
162410
1220527276
656561
1359966
818160
766880
854751
1202277571
1234595755
748944
550087
195802
549868
654328
785849
654303
652809
656551
749027
1278274027
692553
550129
559274
879707
1242899382
1226485829
1197653
927178
1212918
239767
692549
644616
559270
296209
168333
296194
818145
1236174228
605385
1215867
605288
644506
654300
927183
645419
344467
672459
296199
536960
654301
692542
654311
892925
296206
559269
1236140650
574034
1076164712
1472326817
271554
766887
296204
574024
652520
879700
1132671181
692486
559267
654307
550113
1307157
708468
601616
559251
654316
1235007804
644505
879704
652521
1212916
1198418723
601620
142540
1226507544
692546
879710
1069222619
644573
533482
433901
726661
644557
818132
1467580
1198383683
605386
559276
854753
1116735665
927186
644585
1220534141
1204128670
654302
1220869214
1132666748
766911
1226469545
172128
601617
766874
726674
854754
743699
927190
1220956529
296198
654313
591692
505047
296197
1220860281
605343
692479
1220213293
582758
1226465949
818142
644652
559271
559255
1226511625
1254481372
1232902539
627889
1233533086
1501324987
1067629259
726658
559273
1030444033
605347
1024679988
818141
1491029562
559027
605374
1257450813
1131526450
1226488191
605342
751536
605364
1132651940
654323
574095
1198436334
1249759449
1025318594
1233526504
1226871581
605390
1220510451
1220882042
736936
1131477323
736896
605332
818144
1220874883
1220507875
1220860512
1220878062
736932
1220189176
654324
536964
1467561
1233515146
644673
1226475466
559272
656514
644581
1234481281
1228582862
1448263971
1152497629
1484678100
1220504171
1226492747
1484681796
1220951331
1220914971
1126803088
574080
582750
1022330009
1220893493
1198343282
1254477948
1220960976
1226456016
1177107983
1220945969
1220960518
1511049868
654314
785857
1234168985
1031709611
559268
1027071016
1179964320
1220940367
1267878477
582756
692470
766905
1220913799
1287538535
644569
644584
818219
1432651530
1220887122
1455501803
1160520486
678771
296215
536966
525549
549865
785855
1215873
802118
791300
753185
717805
1307334
