1393073768
1506330538
1528704550
1472621522
1053917802
1528724322
1543849983
1341398502
1530071731
1463045307
1411723531
1498000397
1361814978
1168944819
1534294634
1057973968
1502741904
1296585738
1499264286
1531717766
1507493637
1446823681
1540990253
1514247952
1493252860
1137423962
1348402787
1533667377
1505259541
1185681579
1308223200
1376863106
1296602068
1385358851
1239475725
1526962145
1530778045
1516621962
1492451464
1534566511
1496349895
1372240997
1500150682
1513942030
1502077911
1511538315
1536779295
1348286420
1014951017
1349472757
1457451467
1506015404
1466908975
1506751511
1486193595
1411993987
1473498143
1478936668
1412871944
1515611192
1506951522
1358590094
1537281365
1506319346
1350212614
1512632066
1434518877
1512249672
1504226872
1512804376
1312659560
1321786913
1493641117
1482986464
1155628472
1224998158
1539413183
1433180606
1409324732
1527214628
1244018579
1516874978
1545213559
1417851448
1512856530
1499840043
1460356723
1529674264
1530069899
1210748437
1506913217
1462063092
1230055625
1499065542
1278180443
1479944484
1160752240
1501554695
1456074510
1142024251
1345408038
1504669704
1235072716
1313410872
1316875189
1513114951
1522433487
1334735338
1330678561
1536179661
1464983538
1544523088
1493292977
1519564359
1505484095
1500182915
1424643044
1322454004
1498220100
1534416080
1506945186
1269076075
1370248309
1543462574
1347557267
1105629451
1232264460
1476309697
1486138810
1507728120
1299134932
1287861512
1383293358
1513981474
1478482344
1476367749
1511383077
1514819810
1515909206
1513174184
1523397207
1485057434
1539310446
1303807191
1374950538
1482577671
1206955811
1318899734
1332162729
1424976251
1273919606
1096350520
1464990544
1253648706
1415553780
1096916388
1505146300
1479984919
1540592997
1545545453
1502671129
1307339219
1248296661
1256982253
1510820118
1334433705
1300956854
1466447773
1220767583
1331068849
1422681643
1473493564
1507648439
1428988369
1472530814
1095575806
1192198236
1238402518
1349451883
1410844869
1238402518
1349451883
1471144104
1410844869
1492123482
1539766110
1544562204
1475907957
1509647469
1456805014
1063991186
1030832361
1181786178
1484748150
1517712449
1086587141
1539298037
1496238378
1330290615
1396136701
1478773744
1514134169
1257750163
1471636259
1493630436
1460937779
1112099147
1424722243
1466690111
1437619523
1502226683
1466447174
1460261262
1489334770
1513305655
1523399376
1498011991
1475918508
1158165149
1361316525
1491391965
1480003726
1488258370
1373526302
1410965496
1468728938
1195284819
1522766568
1525051265
1314343449
1476510185
1057519293
1034585347
1264174921
1309858200
1455470027
1507643360
1487499710
1510169922
1472485688
1480022675
1138903819
1317221578
1077419770
1376502467
1377544252
1427470963
1471714757
1022244317
1311493787
1466788717
1534669796
1266967348
1482873169
1464284566
1502980569
1482990002
1015982552
1483833072
1512208690
1532803052
1405540
1278799670
1514570247
1063783157
1103413033
1522937498
1155595976
1332615852
1455796653
1487613501
1505023296
1267819235
1402429432
1451249023
1483330170
1499159284
1087508543
1237578562
1487075247
1504655012
1406531717
1490104398
1146417058
1489041716
1501404127
1535583214
1539807673
1482913914
1294931102
1496389290
1498839285
1194329075
1332270510
1522953832
1543536082
1161293805
1430039146
1480518348
1529038139
1308086689
1486802322
1162904597
1534387813
1406205479
1513508907
1313098352
1139600791
1292709818
1474415320
1471849318
1474331919
1474185867
1512694533
1036673711
1158359765
1523454625
1227636765
1475574048
1523093357
1087601767
1523400286
1239364572
1152525082
1478596023
1516512207
1493625831
1506191449
1290281222
1479236269
1501344320
1506052657
1283421449
1304118689
1513993046
1171587745
1536663868
1204212599
1473684668
1542263762
1080103540
1180308930
1453769394
1475155706
1528637670
1469875426
1480021409
1523434327
1471617510
1396731172
1507979800
1208465476
1295369020
1263468433
1364804182
1506175460
1520885591
1476161478
1461612647
1502595427
1038524781
1461612647
1471617510
1204212599
1475155706
1528637670
1396731172
1469875426
1523434327
1473683682
1480021409
1507979800
1208465476
1295369020
1263468433
1476161478
1364804182
1506175460
1520885591
1502595427
1459044030
1506044199
1165757888
1483043577
1495974783
1540942592
1195788272
1199870537
1152220899
1162211330
1525846177
1290281222
1345382659
1432965434
1474185867
1495791907
1501572523
1478814742
1478684697
1213583104
1231643524
1479973316
1499574805
1529767584
1100277294
1466328709
1520322663
1143984544
1502743353
1533622115
1237094920
1481403497
1513333121
1526147700
1123246544
1498813124
1539546901
1484578369
1013061589
1497938443
1464981352
1480022671
1493068135
1508176055
1458051814
1518045299
1146544560
1299868181
1510065174
1458315464
1092321490
1313152248
1539977102
1073419792
1506525022
1536452429
1316385718
1394079897
1490301647
1496186734
1498857426
1268065857
1367028252
1391328886
1462999947
1519282963
1195288716
1500450963
1506761057
1212820719
1111945159
1394047392
1475941808
1478435984
1495851684
1536882929
1145839077
1397093802
1446437772
1507495399
1460660734
1466698631
1488324446
1533884110
1500735991
1502220282
1257672886
1253422530
1267867380
1309161288
1440529072
1541209818
1069051706
1372964838
1543645051
1234193368
1532090875
1525435695
1210690594
1230300111
1398651663
1074256081
1459853881
1441416
1286466933
1357548508
1366985901
1475951846
1159298600
1326800512
1516801851
1461617601
1478742406
1505179335
1095646469
1126695083
1226500015
1540529680
1462086246
1506761051
1508096480
1540466765
1492209272
1493816780
1540762247
1528891388
1248093426
1432935957
1518297125
1544310500
1476714151
1369048195
1535084770
1297044662
1480122758
1496186734
1508388452
1477638853
1480698445
1159179428
1332069883
1446957726
1485933296
1195373866
1122763991
1088710406
1216739853
1384511298
1458743662
1237769498
1482463919
1485156402
1467521472
1542757757
1459794202
1535438572
1448748343
1164422632
1379514226
1189883316
1025425708
1544310500
1159179428
1434039591
1332069883
1485933296
1025704524
1088710406
1237769498
1297345203
1384511298
1458743662
1467521472
1368042288
1482463919
1542757757
1459794202
1516432145
1535438572
1164422632
1379514226
1315311040
1184869696
1258002143
1466789395
1380297908
1014426144
1517327832
1515433233
1479114371
1378048288
1477960460
1211940891
1435919456
1488192756
1518804315
1446687160
1205795519
1114302005
1464342013
1475486770
1528423797
1473273117
1523748234
1267716588
1490801921
1491112238
1523454623
1535639608
1271616130
1472632002
1519928131
1533457741
1492762380
1266345533
1465772282
1539482325
1506361934
1498296007
1492988693
1378381070
1499510336
1349840955
1517890337
1271616130
1488865333
1197090771
1339694023
1445993367
1453592493
1458316096
1143592741
1154635004
1490019832
1490999763
1310729069
1498675380
1444913941
1500718039
1506361934
1506448927
1115840693
1409505390
1503540413
1407736729
1432569509
1462245016
1471512684
1520109014
1485870876
1470901854
1240621773
1258950364
1480013832
1490270854
1536747227
1197976769
1513915896
1515342916
1488825449
1407075686
1465595685
1470169002
1471758386
1519984019
1506928210
1523542405
1189507974
1424117608
1486959997
1497840666
1483043578
1530861201
1449007206
1069635107
1257713809
1488192758
1515877266
1422275876
1450411619
1486959997
1523542405
1530929947
1449007206
1189507974
1497840666
1069635107
1257713809
1530861201
1515877266
1422275876
1450411619
1506455540
1505256800
1518055541
1221857675
1453935687
1406206
1130568938
1328150338
1208209192
1312014728
1254093358
1316411437
1392836608
1338334495
1513661458
1111942914
1226341850
1408337627
1444973638
1145524603
1339861922
1389653008
1427676751
1509415573
1382655487
1490019738
1385168361
1502701390
1520045411
1407077923
1511859369
1086645840
1267519975
1474525384
1038571693
1140387772
1493476762
1000055675
1351838282
1432985488
1493032893
1098507804
1532131028
1532553489
1375669197
1391564479
1454117461
1485483319
1518211812
1258559853
1311290053
1478713174
1492444742
1053230229
1088775222
1218979529
1417786784
1446720232
1505102698
1521309278
1413564985
1488898247
1286694593
1124105917
1224862566
1374402829
1408320556
1480008778
1530975682
1543257486
1124849200
1211744344
1485930429
1318257558
1351812390
1384885370
1062175183
1328030100
1495997127
1049607227
1235072421
1094695524
1369525160
1377996575
1431665950
1123244552
1224013686
1243917211
1478845308
1414622046
1502421501
1040268277
1233576491
1331965552
1361674654
1389899254
1414625969
1532503770
1383972735
1075463082
1080700922
1543194968
1312232202
1531728948
1373762021
1488870053
1031670672
1339293629
1517462394
1283680591
1238775271
1255380266
1287458533
1296726701
1329635319
1369711067
1363188750
1403466449
1444326785
1473832027
1513512075
1518103196
1520789372
1275338988
1082038413
1196558098
1225644472
1257046273
1300081112
1304787456
1355482820
1332188952
1375314305
1502091893
1476463678
1520200821
1030469927
1111279664
1130166255
1251065479
1259498704
1314497057
1318435796
1333848493
1384671734
1428716836
1445050354
1482492804
1498887208
1525809530
1089931956
1110572546
1095432797
1231255788
1316174895
1250067947
1288834438
1307965740
1324772105
1399667095
1330785595
1481751040
1438660707
1461503182
1506013992
1432004476
1306044735
1486946888
1334619527
1337351768
1373173693
1412633577
1420331089
1421916883
1460949383
1469922275
1502250833
1508222756
1521957710
1040440031
1542603219
1191339884
1311174746
1318227205
1328301523
1330669684
1498968598
1384705231
1406812716
1435690257
1480040271
1414116789
1401475818
1209727154
1228678663
1443032003
1274240894
1413913162
1317077949
1532302080
1330660343
1330675787
1342968256
1351957606
1368097052
1376521693
1379636959
1383859298
1418018504
1462359304
1480017517
1523558183
1243088440
1318094598
1503462355
1287441363
1391466421
1315037866
1315237760
1515948810
1403697416
1389914385
1450029873
1373889413
1375192154
1382811882
1398029430
1439983450
1315237760
1515948810
1403697416
1389914385
1450029873
1373889413
1375192154
1382811882
1398029430
1439983450
1511561708
1035822145
1037545057
1050200188
1071305029
1393828318
1283800242
1347696569
1384916201
1353356855
1379541940
1505323106
1523389421
1384163704
1268157243
1500121277
1305690739
1504298451
1392448467
1412631916
1396192465
1411336926
1478787401
1157892362
1235547809
1346116652
1412700134
1281133295
1283651027
1365705774
1344267974
1313948291
1316281375
1333124914
1334791597
1351642604
1361834497
1373167206
1365043310
1397080028
1399760963
1427172394
1475055582
1506329408
1486123849
1512886299
1527154191
1017151584
1049471634
1227136211
1307321913
1267740741
1389229541
1367525510
1396642591
1485108296
1403395446
1407389180
1464295402
1508390862
1037562498
1161931549
1198901789
1329018525
1389103199
1423984229
1427289432
1486733714
1486819553
1488203314
1539939470
1037338044
1124287049
1276910934
1295512423
1310144175
1371659633
1333424836
1420310224
1472172495
1489053669
1489328865
1032699059
1054527360
1328724201
1368672361
1426558977
1394851804
1397469556
1397478465
1461138723
1413988367
1427029711
1045576963
1116441489
1140387771
1420486159
1161159309
1245580059
1262454225
1310198903
1313174903
1316589160
1449315974
1425620370
1430312877
1454473060
1476268092
1480666364
1487040560
1397469556
1413988367
1425620370
1427029711
1487040560
1516562213
1533279270
1161159309
1245580059
1267984362
1316589160
1317359033
1334096147
1449315974
1419715376
1430312877
1454473060
1476268092
1480666364
1489431780
1491079107
1546445401
1547171401
1008098558
1300361374
1323209974
1323215065
1483100747
1329866886
1351024486
1371244022
1437199217
1445050353
1468639618
1492143902
1524435908
1527135726
1387203
1154368531
1189505113
1226762247
1386477077
1290768299
1416394843
1310206255
1315179495
1318727930
1537999602
1347513242
1389103187
1389648276
1393677162
1413887732
1425063007
1528914845
1106447491
1151372005
1183654613
1318120136
1275626059
1373168268
1448650379
1448650558
1493631993
1504758578
1063036276
1385828833
1297199112
1362949267
1384521226
1411554826
1394615522
1412300876
1427305097
1435268409
1440529170
1448649345
1455045341
1480014187
1494360349
1499773988
1001927804
1049506860
1225646073
1278349332
1306488625
1474534229
1321307332
1354187922
1355344341
1385055407
1482019126
1424312211
1507712912
1515124353
1541784846
1536576108
1033997582
1065306685
1478138270
1234556548
1372366937
1249116028
1262463422
1281243787
1309446257
1367554573
1347577488
1366054132
1366905730
1381832454
1413479210
1491726505
1514107234
1515744574
1077030101
1048929485
1236728271
1242407400
1255826967
1278349332
1281243787
1342998977
1347577488
1392697083
1482019126
1435568190
1515744574
1536576108
1372366937
1255826967
1262463422
1347294600
1373744628
1413479210
1480561610
1508739503
1514107234
1516477948
1520794438
1522937498
1048929485
1236728271
1273102548
1417843179
1285867545
1348815698
1371472661
1467027510
1439653322
1455791446
1464986468
1476967024
1522422781
1020647965
1140564648
1316370223
1242407400
1282092475
1316716765
1357572317
1361732819
1367827059
1410756541
1443591729
1443591730
1453752610
1465472205
1491354742
1494084076
1503058476
1504657166
1042728123
1079711563
1417074550
1351723803
1427230399
1358616257
1374799487
1434338198
1498394628
1111945245
1275571956
1271559949
1288102739
1321091653
1311442852
1319550822
1392560250
1503032072
1505675519
1521205303
1538780176
1461112367
1161609972
1511409923
1285808885
1293581284
1308628681
1321386950
1420501275
1448175264
1479214436
1480087354
1493566410
1500346454
1508654921
1534844666
1015286709
1043374671
1157918224
1159010194
1270586366
1359091966
1424844230
1463376805
1486633663
1491242588
1503013422
1509591340
1532472044
1052191462
1172412307
1483652076
1484068698
1492934499
1496874978
1511047783
1514130436
1029918865
1036358730
1086862015
1295512425
1344043471
1414848708
1038565984
1059395893
1113233478
1234717953
1263827029
1384010015
1355327885
1446957728
1452775105
1454903630
1454903739
1475459458
1479677022
1525448497
1532644701
1042431875
1063582795
1101417826
1186915413
1234717054
1307773123
1426464720
1335947775
1364710566
1425824459
1091365846
1145930805
1147319924
1209689132
1278047361
1345587171
1346207642
1353694017
1426311378
1357494730
1389642338
1454901980
1470619258
1486669435
1491742825
1317769607
1058809834
1111133981
1157239828
1257007598
1271463412
1307419614
1381754808
1433077316
1448646714
1454900320
1461401176
1481577461
1509890255
1519609606
1521741156
1351255145
1314538798
1397816458
1419387640
1434426678
1448649105
1448819180
1454900073
1454901420
1526951714
1004158537
1019282901
1043830895
1052912912
1506527555
1117753326
1152660003
1244449877
1296809653
1314538798
1340881259
1374002105
1378180847
1380902349
1454904017
1479952208
1511503671
1058219337
1151012366
1499684175
1316686582
1277953919
1332988145
1341375309
1351720903
1361588546
1371950966
1490029472
1515055774
1516495274
1532995840
1536804289
1017325862
1048841901
1115147096
1188879508
1226257297
1239998070
1296296243
1306040075
1315102163
1319325335
1372042726
1378036932
1400213490
1425621087
1448648571
1470218110
1504605010
1512251942
1525050778
1075358125
1221100176
1207971882
1258450880
1332896800
1392416179
1390351481
1364217991
1364270783
1448648581
1454901996
1477612924
1498726241
1511762233
1540352029
1218128697
1237223804
1233414431
1237818482
1356874051
1398836209
1376513834
1430529221
1396179015
1428893426
1433020168
1062280812
1147374671
1185588964
1208039179
1274964960
1306277943
1295486041
1307424485
1316668311
1316748553
1361477588
1322793161
1341236981
1359543885
1377690531
1379648334
1389409810
1454904086
1454903831
1454900457
1463669332
1474727473
1494575492
1493566251
1507624118
1535861379
1537623284
1073588840
1260631978
1113019544
1522757877
1295134359
1310971490
1357407429
1366786130
1367893484
1412668479
1448648209
1448649088
1449238628
1452656740
1448651547
1042972647
1073588840
1062280812
1260631978
1113019544
1289584604
1295134359
1316668311
1366786130
1432569510
1448648209
1448649088
1449238628
1452656740
1448651547
1454904086
1454900082
1454903831
1454900457
1454900969
1454901493
1454904003
1454902007
1454902085
1454902352
1454902598
1454902610
1454903757
1474727473
1503926013
1504758578
1513124802
1514854661
1516852048
1532491303
1542112274
1002315054
1052405922
1099569317
1213138427
1227378589
1332710236
1242535632
1385971861
1309635937
1321331306
1378151858
1392359580
1439737709
1470792834
1473665861
1473706572
1506110084
1512676971
1536207578
1538957351
1545323785
1545344571
1545519394
1012416409
1236723403
1246835699
1321120118
1541394955
1373276031
1402184547
1445094570
1454900917
1454907412
1469815983
1475379910
1488912972
1508309722
1537345346
1049707492
1120284933
1244249970
1267999432
1255819703
1259494866
1336849379
1339313683
1384969337
1390015717
1426647117
1496487630
1511990257
1512960736
1529254865
1540601040
1355003693
1026836225
1033046980
1113014338
1144835416
1273511329
1279350175
1283503116
1286825641
1309827545
1345721839
1381903232
1382363314
1391814997
1408700166
1478319485
1496326345
1501710408
1502784495
1512153543
1515839419
1530874702
1544817563
1003015979
1012954318
1086869862
1099569009
1129938091
1283447489
1309346935
1316779898
1319110384
1332516024
1340593240
1378375212
1381469999
1393589818
1446899009
1460186867
1481383653
1488531159
1490324529
1499658833
1505896519
1511874931
1511952211
1530174815
1535405875
1542594744
1064722996
1083065515
1267864546
1362715690
1340512151
1366685705
1371716966
1425290177
1409302537
1410648302
1420312851
1425780390
1434431786
1436925149
1439017774
1473682908
1486374256
1518110055
1075299898
1159286798
1236719985
1240230045
1253422539
1286915413
1329030505
1339205399
1394677757
1395125826
1399461306
1433695537
1463811129
1486846489
1488804258
1489011348
1506027241
1526104477
1530971232
1024825930
1470519682
1149397858
1230259133
1159286798
1240230045
1362715690
1304542476
1329030505
1339205399
1350792852
1430270528
1366082392
1390480952
1394677757
1395125826
1399589363
1407646850
1409302537
1410648302
1463811129
1488804258
1489011348
1526104477
1530971232
1470519682
1076140623
1252633006
1253923583
1282558466
1286915413
1315232290
1337869547
1364837353
1389177436
1433695537
1453542578
1474810624
1484964832
1493343866
1506027241
1506463005
1507581281
1537193557
1541043907
1545444046
1024825930
1065631124
1073098727
1092476123
1096504098
1210763598
1153536929
1337850235
1149397858
1185391051
1198442647
1207986305
1509908154
1279419246
1293429716
1338034284
1424448039
1349297539
1545437678
1546743564
1036074786
1046545731
1051369192
1051716946
1076140623
1076345378
1076528771
1531626389
1143885223
1165891074
1174921504
1188081600
1197948687
1218279811
1243382027
1244665692
1267519961
1269991298
1283866980
1288764841
1306370008
1308520192
1445143343
1445141173
1328561327
1424448039
1342617442
1352574476
1354351978
1364319228
1364837353
1368373570
1372551869
1374245401
1380708860
1380923091
1412844770
1433950184
1440859142
1512610518
1446691472
1520582253
1462372572
1471995125
1478335262
1479255786
1481596471
1482353479
1489916374
1491929337
1493121736
1493925587
1495229036
1500301965
1506122670
1508271847
1540357158
1436941906
1158207233
1162606072
1164292440
1173267873
1222760428
1522504217
1245809571
1257467472
1264751770
1273124636
1282090320
1493290517
1289388437
1375414313
1373278337
1445141714
1318177632
1319155124
1327482251
1330146372
1341823233
1342950977
1350488435
1366061466
1372750787
1393776528
1477806833
1399561062
1475803678
1424677481
1430705740
1431851060
1504040724
1455805695
1457353457
1462939312
1470011891
1476734033
1482367672
1483332244
1496767277
1499971781
1501266291
1506179161
1507280289
1508017011
1536791297
1016163297
1064981141
1029870067
1111945158
1113688330
1119099876
1149830717
1165327992
1197969840
1221957643
1230500175
1232838991
1422948640
1064981141
1029870067
1111945158
1113688330
1119099876
1149830717
1165327992
1197969840
1221957643
1230500175
1232838991
1238041753
1422948640
1276827594
1278635821
1298290123
1303006274
1316127619
1328342037
1332176306
1334826670
1335569804
1358130693
1364228683
1375516347
1378142941
1391540424
1399542796
1412401730
1414728699
1421366404
1466182564
1434156013
1490608389
1436691139
1460239265
1466698631
1470546862
1478617930
1495939117
1505582721
1533068304
1518454047
1526088017
1448735938
1038960138
1122660708
1162374086
1252347742
1277196318
1303835009
1334422409
1339390873
1342018197
1343853146
1467183262
1355342755
1375204907
1384914180
1395934196
1435623612
1442042891
1446955274
1492364394
1498405607
1504991438
1505242850
1016135344
1037864596
1042992032
1071290307
1080220759
1091371266
1130360721
1154368534
1169576568
1189969413
1197967412
1218111892
1218120742
1227604568
1230156249
1242471630
1250789810
1264260227
1312238561
1321125402
1332036190
1335805670
1337345708
1341612662
1342565968
1357964213
1368012273
1378019470
1379654964
1384072068
1387993311
1396301951
1409804066
1418774628
1422103597
1424220780
1432853076
1433810765
1445584092
1446956259
1460234926
1464991188
1468659201
1473011770
1474238467
1475197631
1477130223
1481556186
1483649361
1488189875
1488936964
1488962919
1501161724
1506149899
1510090346
1511314089
1514558609
1518731247
1531357312
1538701857
1540922112
1004156177
1018024589
1048045738
1050822550
1057741809
1073935997
1075135539
1088102465
1102950336
1131561563
1143893566
1147118046
1511392262
1171367418
1173397801
1178131557
1181264170
1216477538
1217191074
1224942223
1226279039
1234555421
1236606069
1239461408
1247064259
1267782405
1268090713
1483975555
1272018640
1281431745
1291230711
1295135907
1304785402
1313996645
1315384213
1409307084
1322758967
1325681524
1329021536
1329353069
1353692016
1345608637
1347309448
1349608634
1350716566
1353013134
1353174977
1354666475
1356564548
1506548056
1359415558
1366077416
1366778964
1369516162
1369682239
1369818659
1373522635
1379440476
1384946849
1393237769
1461123455
1410449708
1516887007
1421040101
1423399539
1427187102
1429443954
1429533543
1429589799
1432158453
1433823506
1439241476
1440776218
1441617360
1442766646
1460141998
1460344220
1460802145
1464300216
1466791834
1470530137
1472748497
1472750707
1475324738
1476395952
1477960455
1478495362
1479300768
1499619622
1506600055
1544449826
1018949542
1030118342
1035135633
1036826704
1037013135
1063140491
1405786108
1048924350
1052894038
1056033459
1059177504
1059399747
1075359697
1069462525
1077674193
1102091421
1114155368
1119336842
1126742581
1127423968
1140957500
1059399747
1075359697
1069462525
1077674193
1102091421
1114155368
1119336842
1126742581
1127423968
1140957500
1143918807
1147615625
1147861433
1158207997
1173397801
1185007442
1207990465
1212205874
1212823292
1224906509
1234555421
1236606069
1247064259
1433858317
1263969727
1264260227
1267767860
1334751711
1536695247
1270205461
1275656741
1378195674
1290309905
1293673463
1297429852
1298027933
1304097464
1304522379
1474341281
1308132413
1310223206
1312012136
1313979277
1317037932
1317407354
1325951090
1327953327
1329021536
1329752767
1338045144
1338743306
1342692622
1347628867
1352213812
1352764941
1353174552
1355680302
1357527127
1369520634
1371745776
1524303254
1398630285
1401693923
1412287851
1417560772
1419276083
1419704906
1420839975
1422260749
1424976941
1429579757
1429638571
1435416139
1433812338
1434265275
1435391632
1479350094
1460346960
1475396482
1478257210
1478350807
1479685166
1480949474
1486044232
1489535650
1489899949
1497976546
1507868207
1511404402
1511772581
1533578951
1542004722
1016580202
1028307541
1509915759
1040748748
1052123131
1056061426
1111382250
1130625563
1159062165
1162359937
1194056388
1198601349
1249952975
1262565238
1262573635
1287893745
1526464463
1306403676
1308857973
1309976729
1313433597
1319933837
1329773802
1335578153
1346636070
1347590288
1349575562
1359837035
1249952975
1262573635
1287893745
1526464463
1306403676
1313433597
1314499594
1319933837
1329773802
1346636070
1347590288
1349575562
1359837035
1367876288
1369359710
1378374183
1379419354
1381592643
1394045249
1397130200
1481673900
1427277439
1451502956
1470544766
1477481474
1479685166
1480949474
1490148048
1500410988
1504347928
1506716504
1027523135
1036550846
1052123131
1053108667
1065027981
1172949560
1238944931
1255720795
1267151231
1269353335
1273841574
1278628940
1288931745
1304219562
1308857973
1309976729
1313168852
1328109017
1329044667
1330249700
1334120308
1335578153
1347507664
1498945387
1383303139
1381206617
1383304259
1389406784
1396272476
1404225436
1412048215
1424000771
1431723899
1468619427
1471190953
1472017515
1474967023
1475902699
1479255783
1480012445
1481215811
1499973970
1493138100
1504575554
1508342345
1516560563
1016899397
1059268519
1035296765
1093868311
1093954489
1096931822
1102647048
1136646271
1152433055
1423655649
1350240854
1280724204
1358375316
1295023355
1398721799
1310504333
1313096084
1316404445
1316717941
1366334445
1367020504
1373033710
1379422562
1382086643
1384185845
1385720547
1386211388
1393650550
1393848788
1429835835
1420823688
1446878594
1449183943
1454436778
1461153172
1467431417
1474085031
1479288517
1489576189
1499907444
1500573605
1503516668
1511607004
1260549362
1264669297
1272274670
1285781987
1398721799
1308801511
1309146432
1319078357
1321192472
1323373703
1331463435
1335704035
1337869636
1338144303
1339626635
1340435115
1506515287
1382059394
1428971466
1430667061
1433089834
1434154823
1434407218
1446856971
1521517943
1448136085
1457905040
1460660738
1472817865
1482939299
1486008866
1490096239
1529092082
1533056167
1012108545
1026351873
1034083985
1035687102
1040075685
1096277483
1048639323
1049856347
1332589266
1053487272
1053637205
1059858721
1060278756
1066145647
1074176929
1077047717
1082050333
1082970211
1093946231
1096768036
1099221559
1100904845
1111277342
1469559931
1136749614
1158024203
1059858721
1060278756
1066145647
1074176929
1077047717
1082050333
1082970211
1093946231
1096768036
1099221559
1100904845
1111277342
1116749285
1469559931
1136749614
1153783133
1158024203
1158150299
1179524195
1196558099
1234283445
1225022095
1226767377
1229318504
1235806841
1237786303
1243824515
1376487549
1261704064
1264015902
1272274670
1276425816
1276491079
1295320486
1276919498
1277109658
1282633731
1285930504
1286521550
1400428592
1292693113
1301590612
1308162695
1308792036
1308801511
1308958768
1310426734
1311110473
1317057713
1322894650
1340452914
1332067482
1331287172
1334803659
1336950446
1337793404
1339434616
1343337953
1350426479
1350846875
1385055580
1394666398
1398599985
1400038309
1400479094
1406945381
1413727035
1416859963
1421807497
1422025044
1422292067
1422321572
1424684742
1426083666
1427613437
1428356503
1429872418
1432179731
1435498024
1440952119
1441579588
1445091766
1445701764
1446691397
1447695155
1447698945
1448078401
1456758878
1460611153
1473626670
1477048130
1477700337
1480027630
1480624784
1480693002
1483208582
1484233176
1485605253
1486216691
1486366117
1488592908
1489250213
1489617010
1495190004
1500577130
1502517961
1508353997
1512766499
1014360898
1176713172
1028325041
1046195110
1058624564
1063808752
1079502408
1095487300
1175991036
1234150261
1273101735
1273678725
1488592908
1489250213
1490324556
1500577130
1502517961
1508353997
1512766499
1014360898
1028325041
1046195110
1058624564
1063808752
1079502408
1095487300
1175991036
1188226575
1234150261
1273101735
1273678725
1296395271
1299722110
1311279575
1314126378
1326420810
1350304351
1351819203
1391096916
1371980526
1378859500
1382509430
1403968259
1393962650
1408063226
1439249897
1423702948
1430991298
1466182842
1456255943
1463715902
1476907899
1479128150
1482412728
1482754945
1502075257
1504936816
1526242485
1531271444
1176713172
1096245303
1035681394
1037229285
1042487096
1059585393
1059915180
1080160901
1198542259
1246724771
1247954962
1270034339
1452985441
1016198029
1016251859
1016955516
1016955842
1280049165
1016956703
1018027984
1018030476
1018547958
1018834358
1430252674
1019237286
1019701236
1020172961
1021072684
1021213987
1022840695
1023064439
1446744244
1023139448
1023177697
1023188895
1023190112
1024011533
1024081699
1026248629
1026254885
1026261632
1027212733
1027452131
1430016457
1029836009
1030796177
1031210002
1031535373
1384155202
1031847708
1031888630
1032148799
1032253794
1032279571
1032346763
1032919485
1033051391
1033470525
1430007463
1034018493
1034025858
1034026790
1034129819
1208023336
1034203982
1034421326
1034422211
1034477696
1034485705
1034488649
1035132822
1035144885
1035146832
1035222869
1035227792
1035228741
1035251525
1035279270
1035287191
1035299072
1035589685
1036073094
1036104251
1036685266
1036731434
1036731748
1036830652
1036958908
1037014122
1037797332
1041729097
1038041044
1038628300
1038860213
1040243328
1040534725
1040784136
1430248978
1358703820
1041071815
1041120000
1041120216
1041430468
1418003181
1059186510
1042307364
1042487096
1042566403
1042568164
1043123087
1393340503
1043177731
1459604019
1044021685
1044687010
1045041203
1045382251
1045537475
1075343314
1045688007
1046809542
1047511896
1047567972
1048043991
1049552250
1049954271
1429988902
1050214128
1050344929
1050353069
1050797280
1459583970
1050890996
1043123087
1393340503
1043177731
1459604019
1044021685
1044687011
1045041203
1045382251
1045537475
1075343314
1045688007
1046809542
1047511896
1047567972
1048043991
1049552250
1049954271
1429988902
1050214128
1050344929
1050353069
1050797280
1459583970
1050890996
1051236972
1051371217
1314912799
1051874526
1052136632
1052381846
1052434313
1052619977
1052713939
1052858232
1053391025
1053394994
1053496931
1053499891
1053519715
1053636574
1053642201
1054255433
1055707949
1056039633
1056110774
1056621098
1056636796
1057232573
1057371952
1057634789
1057636870
1057839958
1515098302
1058457342
1058555513
1058618779
1253456370
1058610178
1058694165
1271956268
1059180328
1059327441
1059597643
1059757156
1321544132
1060973150
1060979267
1061636679
1061713049
1061795497
1062382173
1062382129
1062382123
1062382137
1062450890
1203169120
1200050470
1201000831
1206382258
1203002052
1201342010
1203103191
1206392908
1206044521
1062690167
1062782158
1062834856
1062895190
1062996070
1063591039
1063591134
1064135232
1064153761
1064174251
1064540498
1064538224
1064999188
1065028394
1065462570
1065558243
1065576135
1067631962
1071790655
1069298485
1069593042
1069636300
1069637324
1069640508
1069861625
1070212406
1070480174
1070657782
1070672769
1070699080
1071404684
1071982429
1072276024
1072386382
1072870311
1403330036
1125603349
1127455091
1130273333
1131565203
1131565623
1132456534
1138994218
1139227660
1147777104
1148689621
1149122516
1151236633
1153509368
1154360689
1157218468
1158038254
1158136237
1160354366
1161829396
1161830274
1161831253
1169685494
1169719138
1170513148
1172407954
1173398157
1175615194
1175976318
1177232000
1182862327
1184140998
1406571178
1188311559
1193437593
1193574403
1195304792
1198029868
1198512797
1199222013
1206642886
1207746354
1208029441
1209685073
1210122593
1219434529
1491704185
1220435133
1220461938
1450438576
1224256779
1224257942
1224259100
1225076711
1226180320
1226279024
1226618651
1226958873
1228724511
1229057589
1230086509
1151236633
1153509368
1154360689
1157218468
1158038254
1158136237
1160354366
1161829396
1161830274
1161831253
1169685494
1169719138
1170513148
1172407954
1173398157
1175615194
1175976318
1177232000
1181264174
1184140998
1406571178
1188311559
1193437593
1193574403
1195304792
1198029868
1198512797
1199222013
1206642886
1207746354
1208029441
1209685073
1210122593
1217191073
1219434529
1491704185
1220435133
1220461938
1450438576
1224256779
1224257942
1224259100
1225076711
1226180321
1226618651
1226958873
1228724511
1229057589
1230086509
1230900057
1230964579
1231023025
1231966415
1259247504
1233146207
1234380883
1235743820
1236700049
1238085990
1238748034
1238828949
1238992061
1239461408
1241449171
1242615397
1242624815
1242940863
1242954415
1244665691
1245027343
1245630119
1245697126
1245832136
1246293930
1246589093
1246888955
1247082662
1247134386
1247144319
1499273941
1248647097
1250860612
1250899088
1250938404
1251009354
1251276549
1251623083
1252004250
1252138355
1252156385
1252244197
1252850593
1253954747
1255341099
1263541281
1255659080
1255672285
1255980852
1259384171
1259667019
1260534998
1261704001
1261705738
1262565238
1263838631
1264159370
1264602519
1264733731
1264745343
1272130262
1264869780
1264964008
1315391390
1266979725
1267007944
1267017329
1267039507
1267835827
1267836752
1268094691
1275162106
1275163537
1275413185
1275417107
1276490696
1338327625
1276907428
1278468319
1278509626
1279400971
1279403529
1279503229
1279514074
1279534670
1279635335
1279768496
1280005880
1282668018
1283332424
1283525650
1283821922
1283858804
1283862517
1284027948
1425142262
1284235376
1287853135
1285428877
1285495978
1285504190
1293323790
1293321579
1286066625
1286875184
1287249404
1287433811
1287528414
1287763880
1287819498
1289021578
1289429753
1396466642
1293090762
1293092622
1293595079
1293637978
1293826528
1293914264
1294806494
1295043004
1419433915
1295198976
1295211573
1296508717
1296518983
1296625733
1296659891
1297044369
1298259646
1519318097
1293323790
1293321579
1286066625
1286875184
1287249404
1287433811
1287528414
1287763880
1287819498
1289021578
1289429753
1396466642
1293090762
1293092622
1293595079
1293637978
1293826528
1293914264
1294806494
1295043004
1419433915
1295198976
1295211573
1295254763
1296508717
1296518983
1296625733
1296659891
1297044369
1298259646
1519318097
1298740709
1299632242
1300187220
1300232809
1300307775
1300364701
1300959294
1302288539
1303004493
1303006349
1303022313
1303229158
1315252633
1304019909
1304273372
1304556112
1305075165
1305093649
1305366907
1305471752
1305475791
1305499647
1305875482
1305914230
1306429058
1307176463
1429282074
1307804939
1307848494
1307906471
1308158146
1308506218
1308581023
1309057060
1309062615
1309081000
1309333057
1309382464
1309385785
1309695445
1309807749
1367749977
1375633201
1309864407
1310223365
1310286225
1310689887
1310722578
1310758959
1311260365
1311319396
1311355482
1311376885
1311450428
1311451708
1311585453
1311614142
1311699034
1497102997
1312287269
1375696371
1444820428
1312808238
1312965508
1313334965
1313429372
1313582035
1313712425
1313719688
1313970945
1314235767
1314328014
1314379334
1314482501
1314507644
1314512378
1314538401
1314837176
1315089409
1315269097
1315287923
1315394421
1316128638
1316194994
1316665351
1316715015
1316715612
1316732372
1317065858
1317082754
1317352843
1317616069
1317821419
1317827211
1317998289
1318281496
1318387307
1319069734
1319251137
1319297881
1319624677
1335206425
1319639239
1319759959
1319989427
1320904753
1320931556
1320931840
1320968970
1321178993
1321238542
1321800964
1321835925
1322358214
1322395081
1322562870
1322589910
1322981928
1323031661
1323076950
1323095150
1323319079
1323788987
1323867900
1324168370
1324494292
1375890631
1324757920
1324895797
1324923537
1326337341
1326516948
1327272524
1327395065
1327468105
1327624668
1328098827
1328105050
1332017144
1328414863
1328452747
1328463660
1331992676
1331917603
1329780614
1329798067
1329519543
1383838742
1329550816
1329815851
1329840460
1330036670
1330080407
1330095125
1330781875
1330967693
1331118104
1331188001
1331202226
1331435427
1331983595
1332014531
1332102267
1332242622
1332427688
1332540157
1332718647
1332806483
1332808250
1333226322
1333356721
1333518594
1333637719
1333815692
1333851960
1334342609
1334661470
1335658789
1335664557
1339347053
1446143028
1336188820
1336509058
1336900286
1337096613
1337138593
1337175888
1337569198
1337863774
1337877225
1338009734
1338019732
1338762365
1338996239
1339178392
1339174592
1339205911
1339207419
1339225612
1339444890
1339761907
1339901841
1340266999
1340274280
1340518715
1340552525
1340560228
1476784870
1340714635
1354219152
1354310023
1354451027
1354458143
1354839091
1378526947
1355350998
1355360742
1355791649
1356171817
1356270490
1439563404
1356506208
1356558551
1356751891
1356850444
1356953978
1357157695
1357164336
1357489205
1357620856
1357642781
1357824878
1358011352
1381931165
1358783454
1359334381
1359984610
1436616431
1361000912
1361244660
1362494193
1362476264
1363308670
1362668081
1383989497
1362944781
1363136464
1363167931
1364540427
1380303447
1364466589
1364563484
1364576172
1364607809
1364704230
1364722427
1364731170
1364749628
1364856404
1365429711
1366025704
1366344533
1366367006
1366631870
1366713893
1366806666
1367636460
1367985370
1368276566
1383989497
1362944781
1363136464
1363167931
1364540427
1380303447
1364466589
1364563484
1364576172
1364607809
1364704230
1364722427
1364731170
1364749628
1364856404
1365429711
1366025704
1366344533
1366367006
1366631870
1366713893
1366806666
1367636460
1367985370
1368276566
1368558521
1368898853
1373421223
1369057358
1369064431
1369333583
1369452836
1369472447
1369659059
1369678423
1369787385
1371217427
1371335994
1371555796
1371603649
1371616858
1371733309
1371776375
1371783663
1371801268
1372005337
1372052809
1372149326
1372229360
1372532692
1372561001
1372579269
1372984413
1372944031
1373505348
1373817143
1373842964
1373895792
1374065632
1374265540
1374717275
1375206277
1375219898
1375299876
1375917721
1376427771
1376465611
1376743428
1376869211
1377292690
1377640223
1378062299
1378085919
1378283420
1378339198
1378661597
1378685960
1379411575
1378852990
1467027511
1474597379
1379463229
1475540513
1379586792
1379649089
1379663760
1379723570
1379796862
1380229039
1380674350
1380691885
1380741672
1381012933
1381208173
1381259753
1381332176
1381502721
1381632214
1381675261
1381802721
1381930688
1382352388
1382352560
1383048594
1382934627
1383330067
1383418390
1403990243
1383537593
1383634566
1385262109
1385263801
1385263828
1385509999
1385526986
1385698828
1398833931
1408031099
1386307923
1386980368
1380741672
1381012933
1381208173
1381259753
1381332176
1381502721
1381632214
1381675261
1381802721
1381930688
1382352388
1382352560
1383048594
1382934627
1383330067
1383418390
1403990243
1383537593
1383634566
1385262109
1385263801
1385263828
1385509999
1385526986
1385698828
1398833931
1408031099
1386307923
1386980368
1387593544
1387725978
1387890248
1388373238
1388464348
1388532869
1388688647
1389087216
1389306289
1389432473
1389646466
1389756072
1389877169
1389913559
1389925689
1478971759
1390103400
1391200927
1391284284
1391303607
1391458948
1395961854
1392062289
1392153533
1392491056
1392571717
1392600148
1392794278
1392830051
1392967522
1393065033
1393062490
1393174663
1393322798
1393430353
1394012125
1394032033
1394763361
1394784450
1394858294
1395000757
1396567648
1395024967
1395126756
1395953066
1396184446
1396350980
1396362098
1455421338
1396518882
1396593036
1396707657
1396740692
1396771225
1396877840
1397180270
1397199437
1397340819
1397367342
1397379177
1397682276
1397751627
1397875591
1398060699
1398129742
1398157469
1398294642
1398332032
1398362972
1398770070
1398883846
1398927332
1399497298
1399733954
1399555701
1399586009
1399645833
1399992934
1400072036
1400302071
1406691119
1400366087
1400683058
1401166196
1401213653
1401213835
1401302687
1401333861
1401673965
1401695683
1401923497
1401951467
1402004466
1402048256
1402333039
1402563131
1402576210
1403454650
1403654628
1404261721
1404327535
1405030709
1405063768
1405089035
1405692847
1405717811
1405806473
1405974919
1406268785
1406592512
1407614517
1408065144
1408092356
1408144749
1408333825
1408514220
1408517667
1408546564
1408620419
1409291011
1409443564
1409457470
1409603933
1409627674
1409800605
1409830322
1410155093
1410572835
1410717188
1421658441
1421683205
1421747335
1421688906
1421749870
1421667240
1421674410
1464325698
1421677010
1421752426
1410808609
1462271940
1411111147
1462269479
1411398111
1412034626
1412035000
1412270986
1412284948
1412877190
1413483485
1413533904
1421160934
1421392646
1421426383
1421794153
1421797810
1421813238
1421815042
1422210145
1422501577
1423725407
1423731369
1423868517
1423953605
1424483182
1424852369
1424886083
1424019053
1424108618
1424115920
1424118437
1424219685
1424354026
1424361239
1424500591
1424512152
1443118437
1424672963
1432866288
1443086561
1424767879
1424885940
1424938364
1425068852
1425105877
1425123065
1425204004
1425350064
1425607580
1425820599
1425993805
1426030133
1426053846
1426426983
1426710380
1426888321
1426951342
1427147489
1427612799
1427625597
1427719022
1428641395
1428656209
1429057780
1429560206
1429577159
1429578461
1429578552
1429578748
1429585988
1429587279
1429594370
1429608941
1429671795
1429672263
1429679074
1429950802
1459131573
1430030597
1430258522
1430370870
1430507501
1430811232
1430626524
1430626679
1430669132
1430667512
1430667527
1430668065
1430668651
1430668747
1430669006
1430669214
1430695770
1430766810
1430819465
1430915969
1431636045
1431878515
1431896588
1431928133
1432014355
1432108399
1432560079
1432762527
1432866070
1432975437
1433040506
1433052945
1433719870
1433724231
1433822303
1439752192
1434406112
1434484015
1435278333
1435289509
1436711982
1437221037
1437385926
1437463891
1437794082
1437854695
1438491140
1438562585
1439528798
1439657830
1439935418
1440908634
1441253050
1441566812
1441571586
1441576417
1441578913
1441579085
1441579603
1441579766
1441579985
1441579993
1441580164
1441596274
1441592024
1441611570
1441620244
1441619737
1441618093
1441618383
1441619687
1441619958
1441620144
1442233472
1442677347
1463779110
1442910379
1443364651
1443390296
1473905986
1444050840
1444076229
1444076249
1444108487
1444108659
1444109071
1444109087
1444109218
1444109585
1444109594
1444112080
1444113223
1444691473
1445267045
1445362865
1445397895
1445930694
1446008288
1446041353
1446244868
1513956444
1446719503
1446874169
1447278556
1447587702
1447867952
1447981540
1447981572
1448077725
1448159509
1448304661
1448460106
1450526005
1450526564
1444076249
1444108487
1444108659
1444109071
1444109087
1444109218
1444109585
1444109594
1444112080
1444113223
1444691473
1445267045
1445362865
1445397895
1445930694
1446008288
1446041353
1446244868
1513956444
1446719503
1446874169
1447278556
1447587702
1447867952
1447981540
1447981572
1448077725
1448159509
1448304661
1448460106
1450526005
1450526564
1450612308
1451310044
1451550433
1451619780
1452995410
1453635626
1454430254
1454605552
1454953629
1454956324
1455022790
1456136702
1456468934
1456596027
1456830763
1456898388
1457745718
1458262659
1459086686
1459148331
1459450544
1461417160
1461666687
1461761413
1462321132
1463384190
1464316385
1464456950
1464611162
1465417284
1465463203
1465473816
1466336643
1466335200
1466786615
1466791645
1466830467
1467163056
1467358132
1467439775
1468247678
1469692238
1469692276
1469830778
1469919546
1470370707
1470497817
1471698259
1471906694
1473005392
1473326782
1473514204
1473597676
1473598606
1473610355
1473757851
1473902575
1474095039
1474552580
1474775666
1474835573
1475209652
1475314697
1475334748
1475399937
1548704294
1475585213
1476259589
1476275189
1476332048
1476401895
1476529204
1476653143
1476725496
1477100880
1477354361
1477423034
1477492895
1477602362
1477655439
1477678024
1477778029
1477737532
1477857239
1477936065
1478014404
1478380893
1478417790
1489616133
1489767589
1489985769
1490016187
1490025342
1490168563
1490686907
1490786898
1491088207
1491370474
1491396198
1492391987
1493192889
1493819443
1493875071
1494520645
1495049094
1496388330
1496910329
1496931756
1497401153
1497862086
1497917561
1497999377
1498320800
1498600178
1499235401
1499767704
1500411859
1500573605
1500782872
1500997993
1501069926
1501188518
1501427730
1502045712
1502597324
1502787631
1503319699
1503609366
1504021150
1504100051
1504744984
1505620233
1506051878
1506571296
1506833219
1507153837
1507581284
1508201300
1510467614
1510772827
1511273413
1511826291
1512128394
1514130436
1514479375
1514845878
1515100771
1515470351
1488113213
1488114762
1488975585
1489616133
1489617014
1489767589
1489985769
1490016187
1490025342
1490168563
1490686907
1490786898
1491088207
1491370474
1491396198
1492391987
1493192889
1493819443
1493875071
1494520645
1495049094
1496388330
1496910329
1496931756
1497401153
1497862086
1497917561
1497999377
1498320800
1498600178
1499235401
1499767704
1500411859
1500782872
1500997993
1501188518
1501427730
1502045712
1502597324
1502787631
1503319699
1503609366
1504021150
1504744984
1505182066
1505620233
1506051878
1506103853
1506571296
1507153837
1508201300
1510467614
1510772827
1511826291
1512128394
1514479375
1514845878
1515100771
1515470351
1518195900
1518813201
1521726237
1522203030
1523620485
1526151267
1531563957
1535134181
1535898484
1536201380
1536217408
1536683081
1540602451
1545718061
1545764160
1545772636
1546727136
1548581760
1026256913
1034018493
1034170673
1043217315
1374349505
1052831414
1056049116
1095248546
1114663941
1145433447
1204467151
1195549287
1216457627
1219428800
1353248549
1254114658
1284027948
1303284581
1360364008
1303879123
1313195956
1316254626
1322879378
1331335339
1335985842
1336186378
1342814097
1351488693
1360340814
1398047993
1402022423
1411179467
1436815038
1446012705
1476031249
1479097821
1532648088
1011470544
1012309959
1016955781
1017630516
1032767447
1079824727
1052920329
1053599789
1057188562
1201275107
1063031776
1147984080
1285857510
1290975524
1297812695
1311457149
1322998386
1329977172
1353229505
1357040159
1369569312
1372006286
1396934376
1403131304
1405812482
1416717068
1422235604
1423886518
1504022649
1507955773
1518780610
1005506108
1017588023
1035810036
1037512834
1294653809
1309058060
1331643592
1450696637
1494407833
1520772949
1529288108
1538470259
1041920272
1042496614
1047572377
1064782313
1069467732
1110209164
1141880186
1160419439
1184780632
1193412649
1228722828
1263287593
1275676160
1305455485
1319255564
1330270461
1349469458
1351885998
1368384178
1383444795
1388670532
1393571554
1397654056
1458269009
1402058141
1407645905
1456865604
1062925896
1076454919
1114520208
1304628191
1137901630
1510755022
1152113380
1284653898
1279373390
1324852989
1340714759
1419128004
1432824975
1439998823
1442991536
1466278470
1478761904
1488088361
1490870047
1516528807
1518671581
1533656377
1026855975
1036701608
1041450766
1230325660
1260582822
1309169839
1359363620
1361296888
1372107707
1379515705
1402121483
1428890473
1432895573
1497217209
1498431042
1499952119
1519267637
1037375000
1154607041
1212441593
1316465947
1374910755
1511827449
1512450464
1534740893
1222837784
1352648089
1399217629
1420104445
1423638434
1431698596
1500974720
1530819062
1013185387
1035792896
1051606405
1058682231
1068255662
1076392774
1160559536
1417381441
1281426268
1307868536
1309388640
1475686847
1311535811
1313287199
1316818335
1319308875
1323914115
1339638131
1341462403
1351997464
1362940673
1391729460
1393167002
1421020373
1431291480
1432773595
1539994271
1540598123
1423716972
1038298205
1294674504
1185401861
1157873070
1189763425
1230657164
1371681745
1432029725
1479082108
1491775716
1501169725
1507503958
1508267023
1513333608
1515173489
1525556199
1008297467
1156164685
1139025828
1184680431
1229208944
1279335059
1280646654
1531418685
1378844177
1420108996
1432703964
1438687879
1479679810
1479748739
1503834702
1513583267
1484256654
1494376196
1505280117
1507938439
1532461977
1015703042
1026256536
1027062310
1102415330
1153582429
1271641620
1283435532
1296794042
1329584583
1332996152
1338911924
1353339613
1392300432
1417344594
1473834443
1475772573
1480077555
1480838455
1502845742
1511466036
1524100360
1529121161
1022697966
1075360529
1078759444
1170472301
1309166186
1313212086
1352481613
1417509257
1432081969
1433289726
1455751034
1479441130
1501079545
1512035128
1515849364
1519695419
1528424737
1537606990
1014398148
1017062810
1034941241
1276643228
1064768681
1339989871
1276873301
1366605695
1372026756
1520053524
1532669351
1532857846
1533573858
1082416439
1145744690
1250941231
1253865171
1263646096
1272127844
1286932531
1295314538
1324871071
1326143495
1461753486
1385763946
1336015069
1351219320
1338324790
1351046976
1352612206
1371710584
1371750559
1371949887
1374776657
1375970013
1376430117
1379624417
1398743627
1398073846
1399178403
1399958345
1400540915
1411941241
1421631524
1424242492
1424436029
1426290851
1429565164
1430791569
1434924587
1438592461
1442057127
1443810413
1447672408
1463330185
1473742334
1474806717
1481352381
1483053378
1486041609
1502109083
1504339593
1510538224
1515223400
1530690451
1533038405
1015926993
1021266249
1031623475
1050332587
1160809689
1185409690
1212591217
1230997348
1259162508
1526155396
1539728603
1542112626
1033947109
1052923471
1053487687
1062076793
1063229995
1063328515
1070020155
1082416439
1094011784
1135031620
1145744690
1151215681
1199646552
1220233357
1230736901
1250941231
1253865171
1272127844
1286932531
1295156337
1295314538
1324871071
1461753486
1385763946
1336015069
1338324790
1351046976
1352612206
1354667109
1371710584
1371750559
1371949887
1374776657
1375970013
1376430117
1379624417
1398743627
1398073846
1399178403
1399958345
1400540915
1411941241
1421631524
1424242492
1424436029
1426290851
1429565164
1430791569
1434924587
1438592461
1442057127
1443810413
1447672408
1463330185
1473742334
1474806717
1481352381
1486041609
1502109083
1504339593
1510538224
1515223403
1530690451
1533038405
1021266249
1031623475
1185409690
1212591217
1230997348
1259162508
1263610602
1281597533
1293700205
1294867063
1360764245
1467023372
1425266058
1444616836
1465595415
1473881118
1481488307
1490015252
1500766466
1507075048
1509111350
1510292233
1510602381
1510662659
1516856291
1522386845
1533143155
1537467951
1538719675
1540161608
1541528878
1542787632
1015926993
1030415420
1031037255
1036103185
1051355356
1065542894
1073392561
1081177827
1135932360
1160809689
1156864155
1182826912
1185378617
1205962425
1223345385
1233120591
1273638999
1285641116
1288201265
1299183994
1316128830
1321210557
1330182703
1331557481
1333017711
1333681964
1355460675
1367991125
1380028649
1384689486
1389876113
1413084103
1415295955
1414771941
1429692799
1463680329
1471332459
1473730783
1475810007
1476770506
1477937354
1479635791
1480028160
1481199095
1481858814
1482182650
1482206266
1485168122
1485701251
1487059534
1488696371
1492396809
1492907778
1494576362
1495448586
1501674986
1506130226
1507215881
1513712321
1515119009
1516773298
1517353481
1523368675
1528265185
1530843844
1531253280
1537799692
1532372438
1535688499
1540595253
1543428515
1543675743
1545215333
1545224797
1546744082
1041330082
1154475620
1161378285
1184726790
1198059667
1349962064
1238987727
1290407500
1321400155
1332184256
1486137098
1368353002
1420477001
1425206064
1458047334
1497898184
1507494689
1508842253
1511649705
1525044754
1534137002
1537781087
1540372543
1543420236
1441487063
1016345337
1018834592
1034471012
1036701539
1038551060
1367152903
1045355196
1053521162
1058096769
1291124449
1064537940
1069368070
1094091844
1218677644
1218900353
1219216712
1236500927
1239443278
1263664069
1276953291
1282086856
1334673513
1295491226
1311523535
1311635864
1313152763
1314992440
1318367058
1319231308
1324453545
1335819287
1345713349
1351102535
1360390582
1372124069
1373547631
1375713878
1378575014
1380599126
1382244832
1402887301
1457416900
1470637451
1479204095
1479231339
1481079360
1481653414
1498374620
1500416824
1502997210
1503340207
1503629928
1504497056
1504511422
1511207480
1512447588
1515629106
1516223562
1523142802
1523557871
1526486106
1527156822
1527244882
1530418703
1535643839
1537687983
1541437713
1030094453
1040781996
1062026168
1081177791
1130778507
1529981476
1216890106
1255431760
1309293237
1329637865
1351946815
1370698449
1380766991
1380930965
1396300436
1427328446
1436924018
1438740886
1444132750
1449257158
1462014663
1462040736
1462901913
1465614526
1470524401
1472046606
1472696702
1472751200
1474395499
1476985531
1477449134
1480705211
1481850801
1483466611
1521350146
1523142802
1523557871
1526486106
1530418703
1530566983
1532537322
1535643839
1535655663
1537687983
1040781996
1062026168
1081177791
1084219399
1122913185
1130778507
1529981476
1216890106
1255431760
1309293237
1329637865
1351946815
1370698449
1380766991
1427328446
1436924018
1438740886
1449257158
1462014663
1462040736
1462118706
1462901913
1465614526
1470524401
1472046606
1472696702
1472751200
1474395499
1476985531
1477449134
1480705211
1481850801
1483466611
1484827352
1487499731
1489425260
1490080839
1494082479
1505606936
1509642674
1510500045
1512628595
1515372203
1515988928
1516233046
1516865361
1517122510
1517228361
1519003006
1526981479
1527156822
1527244882
1530512396
1534486718
1535139232
1535396662
1538508133
1540261636
1540973087
1541373454
1541437713
1542343881
1542379947
1543249745
1543777648
1545257657
1024016417
1033470122
1058047946
1058136442
1071859224
1081019548
1089838882
1111832175
1136256634
1136159511
1149978217
1317631334
1297279537
1491383274
1500289006
1526100318
1031222685
1097310728
1162118198
1461172985
1099289646
1263601812
1489463016
1159663789
1363034695
1496598312
1515418589
1161572224
1239922926
1320908619
1385261988
1445232006
1471454229
1480064168
1485798982
1506723763
1260887031
1267630964
1282130300
1331614415
1381217640
1430281178
1463736068
1475434229
1494634738
1515204918
1184804015
1303747817
1418459496
1425844089
1481780019
1490509992
1509639573
1351444233
1487309291
1506238937
1510333916
1242495060
1499977909
1027075346
1161331062
1456900284
1458980184
1473866112
1487253015
1489237454
1493256879
1523484893
1514669834
1154635010
1363145656
1476700868
1488471006
1505970750
1507773468
1516931690
1489995144
1491793858
1519686534
1238994650
1308656475
1332800285
1031726677
1041917859
1308531394
1333105799
1419509842
1466458156
1082445364
1313647614
1524495335
1351353994
1474648426
1478424270
1501677404
1257132770
1420071674
1519742213
1540415996
1340715444
1482688030
1478946495
1501766446
1516791526
1516791526
1478431527
1485322029
1512278397
1516722468
1527189865
1076686180
1231633968
1503001447
1097295748
1435631067
1511051509
1253415642
1376865466
1490905464
1510694094
1334795198
1031767473
1496833893
1505746835
1246637511
1313385125
1335927994
1373621541
1516369610
1317080698
1360938590
1211052467
1497858372
1224543869
1377375243
1422558707
1492636152
1498151162
1211033893
1261031854
1266766332
1416254429
1499456314
1077187676
1285468063
1422213277
1495650916
1471681303
1165776227
1252127338
1482482119
1492050295
1138779161
1389104917
1498601515
1393927738
1214818985
1460248767
1037125038
1482626548
1127591394
1080103540
1381718864
1525563839
1284039561
1424544355
1532042749
1354337399
1484802091
1475277399
1398797285
1452668123
1520531686
1143224825
1196697855
1520638434
1129200317
1077695771
1415432458
1020845571
1518874972
1126227906
1270216387
1416246192
1466058520
1040937712
1241507534
1030512790
1541392695
1449385265
1517083151
1478135432
1500842447
1503646283
1520930201
1017630516
1328062490
1470348639
1214479840
1428314920
1517344788
1385510984
1253430466
1387308434
1461702983
1020372121
1099367724
1169795868
1479413493
1275284830
1464609598
1515536173
1530966785
1508726159
1341247518
1497914258
1043395597
1082700454
1127253802
1379290834
1480208696
1311362811
1454065006
1461127286
1484802091
1475277399
1398797285
1452668123
1520531686
1520638434
1077695771
1143225258
1196697855
1415432458
1129200317
1126227906
1466058520
1518874972
1020845571
1030512790
1241507534
1416246192
1270216387
1503646283
1517083151
1040937712
1328062490
1478135432
1500842447
1520930201
1541392695
1428314920
1470348639
1214479840
1387308434
1385510984
1169795868
1253430466
1020372121
1099367724
1454065006
1464609598
1275284830
1515536173
1530966785
1043395597
1508726159
1341247518
1028733184
1480208696
1461127286
1082700454
1311362811
1517829711
1031767473
1379290834
1221050811
1527774897
1263219164
1314518923
1399064113
1493801998
1451344696
1479251120
1486852352
1511305553
1165757920
1321539415
1339139002
1512416232
1063462583
1309305600
1437616522
1536136356
1536942897
1036031534
1260559055
1283591080
1379821135
1492886590
1333429994
1112948756
1286696297
1410570490
1486882669
1490885350
1511724931
1517453720
1111159682
1416018148
1433708535
1520790719
1415479922
1312633816
1504160583
1530801736
1540456475
1021628681
1252127337
1381792254
1483262682
1489637967
1515757618
1532391853
1149698289
1373778988
1479361274
1249321750
1385263000
1505616999
1540010514
1266743950
1352188621
1313209232
1370083425
1435701154
1488604470
1506584769
1018596720
1028173147
1086116130
1392819558
1492827312
1502808311
1130329489
1390549006
1507993749
1303554046
1123857964
1361279326
1024394521
1146597369
1021630097
1231266750
1515738828
1362754691
1461447574
1505729987
1511205816
1112905581
1209964494
1219281241
1317357147
1331364642
1423965569
1519714496
1543808280
1079756930
1391226243
1378956832
1491125529
1524043473
1376731233
1383256246
1400245305
1496055191
1523400219
1310224727
1382648726
1471946879
1498367601
1531528256
1064955848
1074206649
1091851085
1177004659
1308942962
1352944533
1358491859
1371680341
1404535493
1018342840
1031185192
1083592824
1094736917
1129445648
1221740810
1264710730
1291242943
1366955846
1385637318
1497344636
1530956157
1535645191
1123044500
1089191818
1172796730
1400712448
1333294914
1410682988
1424540555
1506042669
1448504014
1323912729
1354508690
1415120193
1511305549
1028055681
1080866729
1177011635
1340640146
1391338363
1433299607
1463015430
1528319327
1530174071
1106682326
1121445028
1165068369
1265375560
1313227736
1380697824
1448474827
1463073340
1476392789
1490629781
1421327988
1053576417
1058673851
1079060646
1114708321
1135408577
1260514721
1278284899
1290116937
1315295705
1324511021
1347624948
1394241640
1397710149
1399476917
1412036633
1423632596
1443571296
1452209570
1466790671
1476221374
1497837859
1508054210
1029132734
1369624664
1486801901
1488748435
1393619777
1474721480
1488878206
1516598414
1525737521
1530935915
1017260855
1018287371
1019704742
1024017231
1026961925
1026996284
1027021528
1028057651
1028061338
1028192911
1032952364
1033599638
1033981247
1034081483
1076605560
1040428520
1040682809
1041226304
1045550040
1049856204
1052079359
1052590029
1052688886
1052796121
1053188381
1055219699
1067554931
1070430074
1072831630
1073953035
1079060621
1083918317
1091201871
1091557708
1097290157
1110196329
1112027943
1112645440
1120787002
1143738775
1163724137
1185522930
1181265232
1187983337
1189505843
1234378791
1241781660
1249544994
1298668668
1255737009
1257394962
1260526776
1263727991
1263981990
1263990453
1525737521
1530935915
1017259475
1017260855
1018287371
1019704742
1024017231
1026961925
1026996284
1027021528
1028057651
1028061338
1028192911
1032952364
1033599638
1033981247
1034081483
1076605560
1040428520
1040682809
1041226304
1045550040
1049856204
1052079359
1052590029
1052688886
1052796121
1053188381
1055219698
1057220847
1067554931
1070430074
1072831630
1073953034
1079060621
1083918317
1091201871
1091557708
1097290157
1110196329
1112027943
1112645440
1120787002
1143738775
1163724137
1185522930
1181265232
1187983337
1189505843
1234378791
1241781660
1249544994
1298668668
1255737009
1257394962
1260526776
1263727991
1263981990
1263990453
1266783590
1277959763
1289277472
1290165025
1291698870
1293214888
1296497940
1298454004
1299021344
1305848021
1307211766
1307225350
1308030608
1308033913
1308836554
1311343850
1311457341
1311634163
1312791973
1313177874
1313841875
1314999124
1317258669
1317978769
1329500164
1329819762
1332592188
1334633440
1335684141
1337859195
1337980482
1340402313
1347640738
1352607939
1371157953
1366290237
1364230738
1364725831
1366541164
1373265719
1373562616
1373845426
1378233793
1379616019
1380945293
1383539382
1385735014
1387440621
1389170375
1391250016
1391685120
1393084428
1394442609
1397158461
1397203995
1399758064
1401840058
1400056550
1401211192
1401450483
1435814019
1057220847
1350523319
1418652467
1433795535
1454695384
1479100164
1284568992
1122331013
1354028417
1356899373
1524491860
1421039991
1036432268
1462888696
1497026872
1516042797
1545220780
1153017965
1383282661
1421311987
1507873665
1512479269
1534026138
1145243907
1278038914
1400063625
1522795310
1061824536
1071762995
1139512390
1252394604
1424613752
1486364227
1540529682
1112117634
1427777666
1401213931
1504336695
1521556226
1237724682
1411515036
1477005056
1506773105
1523890975
1018680232
1036031534
1152112844
1297302137
1502369626
1507850125
1514110716
1540013841
1028996189
1390611869
1479900092
1517397590
1023857735
1028300458
1146869171
1158176937
1516042797
1524491860
1153017965
1462888696
1497026872
1512479269
1545220780
1018680232
1383282661
1421311987
1507873665
1534026138
1421039991
1036432268
1061824536
1071762995
1145243907
1278038914
1400063625
1522795310
1139512390
1252394604
1424613752
1476392794
1486364227
1112117634
1237724682
1427777666
1401213931
1504336695
1297302137
1411515036
1477005056
1506773105
1523890975
1028996189
1152112844
1477018331
1479072190
1479900092
1502369626
1507850125
1514110716
1521556226
1540013841
1316367086
1356319241
1390611869
1516598408
1517397590
1021632313
1023857735
1028300458
1076336176
1146869171
1158176937
1413534174
1478222229
1243028195
1365400761
1377485830
1391568054
1393590831
1456632844
1525682421
1535356545
1446707822
1504827314
1538712593
1259653263
1478559732
1509855366
1031204191
1077190100
1306081404
1340509409
1474725052
1488790936
1508448227
1515260889
1530967390
1150469516
1226653402
1383074152
1424563631
1480313865
1512088244
1518218518
1126534020
1365396323
1475606516
1527852096
1060885059
1188190590
1540413652
1047094504
1282211859
1285638008
1286940880
1289253456
1316197414
1322704843
1332534439
1337282050
1341227288
1346956897
1352382466
1356777244
1358841116
1367513895
1429494109
1387403443
1391939987
1393720308
1393765325
1398973136
1401541286
1402190581
1402734461
1403098653
1407611495
1416642213
1422053170
1427054236
1427360128
1428898599
1432276358
1432565384
1434531753
1434546853
1437855151
1437856035
1438836219
1447646053
1476989758
1478328462
1479177490
1481513278
1488715037
1488781275
1505893014
1510720281
1527612552
1042673811
1054630008
1239045506
1493598755
1307187090
1308027283
1385857561
1478378092
1505085761
1508738001
1509841659
1520785541
1073816070
1185096238
1331357062
1415578403
1507347675
1507565456
1536212096
1540709844
1543792861
1028053731
1100233841
1354232398
1398318040
1424883021
1522248627
1523601870
1037141244
1276879349
1353627355
1028060951
1048127116
1087389637
1285487007
1360994417
1373596940
1530572871
1536700844
1220443489
1330335477
1350834056
1352904324
1484145956
1526543730
1518409228
1518526424
1540657672
1544495127
1546320511
1017224719
1055063972
1057204333
1089839285
1253705360
1311003383
1412286174
1475307290
1490203596
1500822774
1503812774
1507806782
1151141843
1169094132
1304387351
1293389906
1296641691
1316225626
1350765947
1364890429
1371021944
1391717497
1424272911
1460113562
1476391818
1484349717
1127601518
1250900976
1519038347
1539103993
1417970507
1507662558
1455137343
1527290216
1023890265
1147640173
1474642678
1507559017
1084832982
1160587618
1172436577
1461739606
1483453723
1487916954
1437612851
1466371559
1498790705
1505022548
1439499300
1488153959
1542376073
1039338412
1372574945
1379180556
1515422627
1520693294
1535690626
1074177417
1281933481
1089914326
1294029763
1415201869
1445446079
1505970439
1518828203
1083975274
1185114320
1308373461
1501767909
1529022777
1546516153
1058837001
1397825731
1458613869
1495988266
1520650149
1518988742
1419495110
1486802551
1026329967
1251487896
1324744844
1428822421
1505979443
1510589453
1515213400
1526080162
1532143311
1538487553
1249262070
1264963987
1036830042
1036827925
1338019729
1338045144
1331230776
1034418135
1421921369
1419415071
1313152243
1389682699
1288871965
1459848526
1461814865
1461784319
1325996240
1325145736
1461831591
1325153461
1461839150
1461845231
1074269555
1031971307
1031855244
1118420433
1038022101
1472556267
1354957974
1354963754
1409494819
1271250929
1354590043
1152103986
1392517273
1304711136
1364427273
1364423040
1095890751
1244243439
1352382439
1444074505
1494996576
1519083694
1528328318
1536712163
1542373731
1179528222
1310380799
1447451031
1470852944
1474912157
1483463968
1488801706
1016516190
1517004768
1441846
1041203334
1499408071
1504816922
1232161250
1485118237
1540537648
1260584563
1303805283
1506780797
1056348846
1491042261
1057421825
1175721404
1314198776
1357588926
1400055688
1457876725
1475777930
1495309929
1505894855
1511506038
1491542745
1509782244
1188397544
1210656112
1401212974
1456015664
1523603882
1532371607
1372763824
1408428050
1453397694
1428351117
1527664274
1323096736
1506605122
1528969192
1531001808
1485222458
1032949056
1213783493
1378412862
1263613845
1294765501
1501155179
1514515383
1523394159
1041197905
1062647837
1116465333
1351854410
1379595271
1109049495
1474504670
1527148086
1544570700
1461743841
1474748400
1480109386
1053441214
1420109429
1391708911
1058881033
1187206931
1244442291
1525811497
1528347180
1042695991
1062230010
1158404112
1156325736
1234582335
1243841494
1322859795
1261402179
1276701890
1286771934
1331339002
1322997186
1439675819
1351150226
1394250166
1397154721
1401970596
1413459934
1421568519
1426692674
1429169502
1430756789
1435511602
1444870636
1447672295
1456548432
1514565927
1076165848
1231281007
1477004541
1409310765
1402758019
1471289762
1499515911
1102145000
1343590910
1457174904
1477597623
1015720528
1016772687
1488494201
1505419159
1529142208
1053067461
1275176819
1313912977
1188536523
1500638575
1496371077
1375502146
1369501794
1461618861
1519935972
1471300370
1291827801
1422507135
1508148623
1509873284
1522121445
1178053301
1476918559
1502798767
1523603779
1075504613
1525411035
1543805284
1477003171
1488892142
1511729003
1023548847
1359398548
1475639439
1486698265
1543813122
1063271305
1288983065
1320935878
1414959801
1441955232
1474569959
1497959411
1244418480
1527281373
1359445624
1521525692
1218906740
1461000785
1108271663
1252421572
1294104401
1313397789
1388429616
1393671509
1032055419
1142406407
1421938867
1463694964
1503356880
1329498395
1527206747
1260593940
1366326226
1428819401
1477025635
1519902445
1528549752
1196682841
1298932216
1361348864
1485288863
1074385855
1443897202
1508228925
1226322495
1338283487
1470349873
1216834026
1486642585
1501348451
1461448588
1506264355
1511963533
1066248943
1332237840
1385262869
1424015079
1484169473
1491777640
1341557512
1186947780
1329921961
1476801039
1123621224
1369078398
1393671509
1032055419
1142406407
1421938867
1463694964
1503356880
1329498395
1527206747
1260593940
1366326226
1428819401
1477025635
1519902445
1528549752
1196682841
1298932216
1361348864
1485288863
1074385855
1443897202
1508228925
1226322495
1338283487
1470349873
1186947780
1216834026
1486642585
1501348451
1461448588
1506264355
1511963533
1066248943
1332237840
1385262869
1424015079
1484169473
1491777640
1341557512
1329921961
1476801039
1123621224
1369078398
1215954941
1217393541
1496578634
1231266339
1378302059
1434407732
1509140305
1496054835
1506303906
1023906933
1497123284
1498730930
1020764578
1028195355
1221987120
1317754610
1495278127
1292711928
1443624942
1161456640
1188474448
1251063372
1142869564
1294106872
1400258917
1477004282
1312438039
1399245572
1011883142
1296186713
1494736029
1523183010
1527328405
1149524823
1007631278
1391815780
1419501875
1424429454
1491666930
1510068142
1510158100
1354370115
1389077695
1494063020
1496559952
1155218150
1401789940
1518267905
1005897507
1185598080
1391707376
1195661688
1373406667
1419482056
1506248120
1513708819
1519636694
1150681954
1186882926
1230649611
1298223937
1381579546
1419677150
1455249361
1504163798
1519689966
1545456331
1011889299
1179226084
1351386557
1373897379
1379747954
1388682592
1496109399
1511769422
1513921054
1522424150
1527722597
1243014717
1280636718
1286905851
1473750729
1496519695
1016136115
1091144183
1178048501
1241257030
1249426915
1264909468
1271150702
1331436247
1334410722
1334754956
1368945408
1476435109
1484496758
1504742944
1505410236
1522516030
1525161482
1529992100
1532748554
1032959974
1056107915
1252385113
1288078348
1343065030
1399309460
1423770994
1477109312
1494948649
1513921054
1070454364
1079730263
1098331470
1334025214
1389637180
1505323107
1522724960
1239011589
1244049249
1470334246
1112753225
1157442791
1221808450
1374833073
1394776127
1430278169
1463270671
1500383932
1505582389
1021066426
1034653766
1075131932
1087573280
1173161093
1187332989
1260880413
1253856628
1261097235
1288861201
1312193759
1381940367
1414827244
1419485709
1453533334
1476542385
1478202948
1501918786
1509013477
1545190335
1241785266
1280624608
1459631455
1392509585
1473012191
1478464951
1506623175
1516881706
1517953538
1372213873
1410954209
1220250725
1260781661
1333070860
1472588780
1506977644
1389746584
1026337997
1027000987
1027081281
1028950880
1036033741
1038540441
1041403699
1041679325
1042613217
1042692512
1047141083
1051982085
1052603004
1061812126
1063148216
1063591436
1064869261
1067627582
1070401438
1074097956
1079700328
1081903186
1091594997
1091959252
1368073237
1111722906
1120047360
1131557502
1182607751
1189511815
1271830955
1196704327
1196894862
1219208677
1231327023
1231455296
1232730532
1298667235
1257747011
1253883593
1260581700
1263664110
1283042257
1283856361
1286548489
1287591718
1298039145
1305740209
1305981894
1307097376
1311327007
1312529121
1313611039
1314316691
1315321383
1323005259
1325983272
1337811535
1332711638
1333272462
1333919678
1334259447
1334352909
1334722479
1336118512
1336127047
1342968230
1343272287
1350734543
1355058920
1355143087
1355798552
1359825446
1366510928
1375510117
1376236234
1376371107
1380714264
1383243626
1383642752
1385615211
1391724265
1392060408
1394480936
1398937018
1399282157
1401714405
1405172249
1407999050
1408047583
1413946109
1433692430
1419549360
1420674885
1422069209
1423167692
1424389182
1424405826
1425123048
1429132276
1430925233
1431945631
1432113302
1432956834
1433101989
1433105908
1434554305
1437596832
1441958532
1443116822
1444735691
1445300119
1445428248
1447616075
1450265513
1455138254
1456788552
1458567524
1458569833
1466788984
1473620370
1474517838
1476790229
1478225469
1485095167
1487001565
1498451581
1502498329
1511694152
1546461668
1548908333
1551149162
1051723010
1076303056
1073142552
1108862726
1409323526
1339169618
1376352909
1527616068
1532543301
1535899982
1073321082
1073571193
1245514600
1245542302
1381212162
1466458765
1024558850
1028184296
1356171643
1456013254
1454455820
1472982490
1489296305
1505210490
1518041242
1534973154
1085585231
1304542976
1378989338
1519739934
1521270287
1528391267
1037692148
1152879552
1243171217
1339868718
1314453380
1442357047
1496914421
1166819797
1434398840
1443906779
1495869146
1510102466
1510972832
1046779121
1096491835
1443570168
1101027393
1171169471
1234398521
1480364652
1484899343
1504139710
1516898573
1517048070
1529921128
1017703965
1072706225
1079511761
1238217262
1543066666
1441983424
1503076141
1026996084
1356141803
1357791380
1415234316
1419473227
1472974821
1516099039
1516689187
1521271044
1545556070
1309738127
1419530794
1434330465
1518592109
1041192005
1337409921
1340472453
1431866786
1470904142
1188254794
1218505067
1289043141
1495342974
1508229678
1520832892
1114527671
1290989127
1320825979
1489161285
1194180303
1251284818
1425052364
1480696960
1491247373
1187950145
1353590218
1433549287
1534737970
1067736915
1352979927
1497115699
1046783503
1035729964
1052292814
1073070886
1079525673
1196984290
1426140742
1338177085
1287544162
1298086519
1303910787
1314991545
1319432290
1344846924
1344861081
1349137861
1356392909
1371322370
1397425263
1397895730
1398723563
1398778687
1400799686
1411258158
1419697881
1421300992
1432846432
1434099445
1434612148
1473979511
1455180627
1467653610
1492023302
1101027393
1171169471
1234398521
1441983424
1484899343
1504139710
1517048070
1529921128
1079511761
1173454039
1238217262
1503076141
1516689187
1521271044
1026996084
1220250725
1543066666
1356141803
1357791380
1415234316
1419473227
1472974821
1516099039
1518592109
1041192005
1309738127
1419530794
1434330465
1337409921
1340472453
1431866786
1470904142
1493279162
1188254794
1218505067
1290989127
1495342974
1508229678
1520832892
1114527671
1320825979
1489161285
1194180303
1251284818
1289043141
1425052364
1480696960
1491247373
1067736915
1187950145
1352979927
1353590218
1433549287
1534737970
1497115699
1046783503
1035729964
1052292814
1073070886
1079525673
1196984290
1426140742
1338177085
1287544162
1298086519
1303910787
1314991545
1323116779
1344846924
1344861081
1349137861
1356392909
1371322370
1397425263
1398723563
1398778687
1400799686
1411258158
1419697881
1421300992
1432846432
1434099445
1434612148
1473979511
1455180627
1467653610
1492023302
1498778754
1528459861
1017708510
1173141343
1309252887
1313262207
1314191019
1319432290
1480384707
1484874863
1511204529
1036064304
1421569771
1111866188
1172797375
1259755244
1391568660
1397895730
1415320775
1539921185
1041212521
1096518168
1187346494
1249262057
1498342550
1525663682
1542717901
1018636475
1394308607
1427192170
1427588930
1508292759
1517887953
1521687676
1084571520
1108223647
1416357519
1475428481
1491681058
1508085571
1517426861
1542480632
1019667013
1032903691
1189508007
1398872078
1410514326
1419329627
1497750748
1498337628
1505491217
1512680164
1523458403
1231684152
1262089670
1283536752
1295399202
1427555450
1477598234
1483339523
1502428597
1064477831
1243061161
1285918830
1307246777
1329352724
1393736560
1397615960
1453393439
1490645316
1507660293
1512175893
1517332309
1528798326
1541668630
1025393633
1028176274
1146788036
1178048309
1184901364
1187081280
1196860040
1238093628
1384802752
1477517303
1483375891
1491775242
1283897542
1110158810
1111945228
1505683044
1510472603
1213247899
1316209993
1384286864
1099196220
1389071992
1475260926
1493492216
1534797196
1063255458
1150483508
1415352147
1500775609
1513009654
1187126639
1401664830
1417986834
1417999419
1477631005
1491437565
1496528871
1511316850
1494683177
1500598946
1525671901
1159023631
1362763904
1378999032
1399210491
1480396873
1497787597
1161932454
1367857692
1391816097
1513620693
1523608679
1540732772
1113300687
1226620435
1484920876
1492385351
1498740238
1498794792
1509013488
1516729137
1195511812
1278465842
1442886292
1498068668
1506046593
1513048935
1537810042
1508104138
1476040486
1529910797
1545190335
1157442570
1345359954
1477421923
1099238725
1276909502
1316190563
1352071406
1453796685
1034126033
1337246067
1380111631
1458110111
1518061261
1530436562
1535307574
1543777460
1125745627
1345825659
1485685794
1536186267
1064616124
1189692577
1309246979
1333814932
1337424619
1427504383
1482034180
1491330693
1362722562
1480364652
1042496622
1327308709
1505804229
1018447890
1112893554
1475111293
1434361357
1491676267
1506053970
1056635763
1073427993
1125266138
1313264572
1334535601
1477397703
1483448883
1033470281
1159044247
1519105593
1451379883
1114015274
1545556074
1042496970
1507298061
1226276805
1392062072
1428610350
1519007052
1500600029
1505852379
1411952441
1488563491
1519605092
1006423801
1106335967
1428418088
1517946201
1164045126
1384801054
1432991725
1507375834
1228973508
1477003648
1478131194
1494316362
1159931658
1497790579
1476008359
1480669161
1524190075
1015244688
1058687967
1136327315
1331941857
1250782153
1284516924
1298579896
1299738314
1327272626
1343383164
1424940906
1441196099
1486644679
1508100270
1528292324
1253940650
1495674538
1530940207
1524804791
1020934313
1188471787
1275646543
1505849168
1529972082
1104724448
1523270552
1020169828
1507420086
1538953777
1172907661
1461356595
1534936543
1125695215
1282603735
1509628551
1527561559
1482411429
1499425899
1511839949
1530319327
1287724754
1514801815
1519410899
1527267860
1456097209
1524690548
1162841980
1492643843
1048932354
1159039062
1333272937
1397818106
1461363763
1461743040
1541513100
1025933170
1314304842
1331433510
1514195815
1020533363
1485245066
1487880190
1534477344
1071330348
1540142919
1154572792
1246948456
1329330576
1428342509
1197008726
1247096251
1298637283
1502656737
1384786223
1436475495
1474639283
1504740270
1522942797
1357792973
1367996097
1442653477
1476181284
1478957606
1045339263
1293092614
1331435934
1427568808
1184722277
1230590451
1502324116
1273276272
1292693084
1504743490
1390626599
1466966664
1495844578
1059554317
1132835368
1485969006
1504851505
1515694509
1228678663
1265590500
1375266140
1488536012
1246855245
1078021076
1473019840
1494488250
1091192304
1500065870
1506133267
1094047428
1365055876
1430760900
1470968351
1502359371
1257987021
1383343446
1438197946
1470908469
1481008414
1482079334
1491012364
1503364654
1520076129
1527267861
1294656387
1477004232
1482498444
1511870898
1046787267
1059534162
1130403173
1249974841
1338347727
1461740513
1097707094
1325273275
1381614820
1461749741
1481085348
1036062930
1317834231
1419475483
1472986043
1528384178
1033644112
1276556036
1461719351
1482491394
1482493718
1484805414
1540030011
1092824556
1392379764
1420821948
1477012771
1483954211
1538159745
1154574206
1263702634
1399960686
1427576188
1476999324
1267457629
1329996882
1337300806
1366473485
1381030937
1460892800
1477001992
1507211458
1268674463
1271744629
1381784206
1389651207
1461712041
1480809146
1504516786
1541871517
1213214168
1232897786
1416121510
1428525763
1461699908
1504714901
1050357003
1100673678
1296568498
1474975946
1478027942
1487074034
1506462135
1061941917
1073551484
1105065592
1384800610
1491931746
1051392492
1139504057
1143506084
1231266639
1464446081
1470993369
1474768508
1477014784
1492216066
1502274127
1507072919
1537467131
1023460416
1251110105
1270330973
1313497581
1335920240
1356206258
1394692020
1405809654
1461013338
1461063895
1461629700
1461839141
1491438148
1502682662
1031902645
1507683141
1511870898
1046787267
1059534162
1249974841
1338347727
1461740513
1097707094
1305401665
1325273275
1381614820
1419475483
1481085348
1528384178
1036062930
1317834231
1472986043
1033644112
1482491394
1482493718
1484805414
1540030011
1092824556
1276556036
1392379764
1420821948
1477012771
1483954211
1538159745
1154574206
1263702634
1271744629
1329996882
1399960686
1427576188
1476999324
1267457629
1337300806
1366473485
1460892800
1477001992
1507211458
1050357003
1268674463
1381784206
1389651207
1480809146
1504516786
1504714901
1213214168
1232897786
1381030937
1416121510
1428525763
1461699908
1296568498
1313472773
1474975946
1478027942
1487074034
1016370942
1019543659
1019603614
1019661595
1421598544
1025484650
1026168366
1033995389
1034754584
1036650205
1049239284
1049611604
1051012232
1051379569
1051382121
1052388829
1064512504
1065805629
1084794585
1105159190
1109573116
1129433195
1179431204
1206048149
1320189950
1233048973
1234406336
1254373664
1267162676
1271247849
1271260788
1271276246
1279429520
1283902209
1284026038
1287769166
1295119221
1296643178
1313696261
1388799055
1309836084
1316821356
1322407044
1328321344
1329357503
1332079061
1330223507
1424057002
1334393679
1352443985
1356170950
1358120678
1367887196
1371331466
1376620889
1379611429
1397958478
1381532738
1381818814
1383807881
1470802626
1482490599
1499656493
1502104214
1059852131
1313424338
1389786752
1477741106
1034072871
1265205346
1187146330
1256401453
1294408924
1335037341
1338118243
1461026096
1461745159
1461745001
1464317365
1470932728
1477024672
1477454992
1054270856
1061900319
1061910612
1282581787
1391075786
1317284130
1380883680
1474768542
1537074139
1017541891
1040052642
1388655353
1432148623
1474772038
1493810464
1016370942
1019543659
1019603614
1019661595
1421598544
1025484650
1026168366
1033995389
1034754584
1036650205
1049239284
1049611604
1051012232
1051379569
1051382121
1052388829
1064512504
1065805629
1084794585
1105159190
1109573116
1129433195
1168825935
1484038805
1487090349
1492305491
1492985270
1493810464
1502303079
1507558519
1520229391
1536075501
1019602817
1168825935
1258556732
1461735993
1476773507
1480772111
1485905502
1505673492
1052696510
1294105680
1305401665
1308158303
1523232728
1528895435
1277079961
1286854332
1340536756
1474253791
1528216276
1535478804
1041937856
1045913848
1064180922
1104964619
1130609626
1278023335
1480831462
1181292178
1375222203
1466694537
1488002493
1490795919
1049275891
1050901223
1147617253
1504670300
1524827547
1030478131
1144784643
1312938654
1499477319
1533493914
1301716684
1019685804
1019700605
1068269285
1052358198
1288961756
1391796176
1428448168
1461744329
1034692982
1069297061
1537622535
1017611015
1022845833
1275991511
1527203006
1020789817
1023887195
1430355379
1235509313
1467362259
1399014184
1461831574
1464324554
1486600124
1500283458
1387150271
1307817717
1428294093
1493849513
1528099292
1537081855
1311581535
1327478579
1116853022
1294179226
1419505380
1479350129
1542887314
1024037328
1083119286
1039700083
1047464062
1054720368
1055614676
1070026822
1187425562
1268585596
1286445008
1376863055
1308835581
1310601720
1312626464
1335925448
1338005052
1361321722
1373660032
1413619130
1427595799
1447079865
1478715001
1479659438
1491138855
1495835671
1502104215
1506185599
1315292569
1333836592
1520909235
1474253791
1045913848
1064180922
1130609626
1308158303
1375222203
1480831462
1049275891
1316740591
1466694537
1488002493
1490795919
1050901223
1147617253
1316242245
1504670300
1524827547
1030478131
1181292178
1144784643
1312938654
1499477319
1533493914
1019685804
1019700605
1068269285
1301716684
1052358198
1288961756
1461744329
1528216276
1023887195
1391796176
1428448168
1017611015
1069297061
1527203006
1537622535
1022845833
1235509313
1314037158
1399014184
1020789817
1034692982
1467362259
1464324554
1477966555
1486600124
1500283458
1376371102
1334352909
1265353313
1392503169
1427646049
1473825506
1430355379
1275991511
1307817717
1428294093
1493849513
1537081855
1311581535
1327478579
1479350129
1083119286
1039700083
1116853022
1294179226
1419505380
1542887314
1024037328
1047626300
1047464062
1054720368
1055614676
1070026822
1187425562
1387150271
1268585596
1286445008
1376863055
1308835581
1310601720
1312626464
1335925448
1338005052
1361321722
1373660032
1413619130
1427595799
1447079865
1478715001
1479659438
1495835671
1506185599
1528099292
1333836592
1520909235
1523226435
1422145352
1315292569
1316587760
1491129445
1503803187
1523505367
1037452674
1334368051
1457909904
1461737312
1499428176
1046683036
1058167816
1287691540
1332144537
1459184864
1495309348
1510874003
1533782038
1225210617
1230229521
1522219999
1476983404
1508328594
1512157831
1072758610
1368395645
1398275631
1484066789
1491691959
1536226732
1430386753
1316278477
1491162459
1529644872
1496921264
1518249237
1530395539
1537346932
1541621266
1115075082
1481072428
1485206010
1515015817
1523544414
1019069874
1219058160
1267767817
1275671867
1411400789
1533397035
1509628766
1527486273
1034451631
1092867240
1284028389
1340750038
1349513962
1353081903
1357851100
1364242195
1479637490
1505673065
1511315411
1298328327
1311002019
1491282355
1494625660
1502468013
1509925582
1317608686
1323654907
1475262767
1017028681
1165344095
1350622860
1502120544
1506422599
1517640328
1372211343
1505313581
1372211343
1505313581
1511855508
1514002433
1527540599
1376521447
1397068902
1491795460
1420139801
1478824633
1472516233
1019621496
1070087294
1108310319
1198204808
1247097825
1411847427
1413809177
1426866547
1505461948
1128202447
1431723111
1167806780
1108815142
1044092128
1044305407
1048126429
1057916026
1422140580
1257742362
1277200416
1357110493
1374848837
1384800521
1405715986
1410979377
1427655141
1437333700
1479678036
1483269286
1000771590
1321801720
1321863871
1476770411
1246591662
1232274247
1335851380
1476287608
1540516942
1520073920
1017468527
1231266014
1331866198
1337260501
1382022937
1453185996
1524929272
1060910032
1327484317
1499721576
1515015817
1523544414
1219058160
1267767817
1411400789
1115075082
1509628766
1527486273
1533397035
1034451631
1092867240
1284028389
1340750038
1349513962
1353081903
1357851100
1364242192
1432894150
1479637490
1505673065
1298328327
1311002019
1502468013
1491282355
1494625660
1509925582
1514306756
1317608686
1323654907
1165344095
1475262767
1017028681
1350622860
1506422599
1517640328
1372211343
1505313581
1511855508
1514002433
1527540599
1376521447
1502120544
1397068902
1478824633
1491138855
1420139801
1258919225
1467400849
1472516233
1019621496
1070087294
1108310319
1198204808
1247097825
1411847427
1413809177
1426866547
1128202447
1167806780
1431723111
1519636491
1357110493
1374848837
1505461948
1108815142
1044092128
1044305407
1048126429
1057916026
1422140580
1257742362
1277200416
1384800521
1405715986
1410979377
1427655141
1437333700
1479678036
1483269286
1000771590
1321801720
1502987700
1246591662
1321863871
1476770411
1232274247
1335851380
1540516942
1453185996
1476287608
1520073920
1060910032
1231266008
1331866198
1337260501
1382022937
1524929272
1017468527
1115084626
1327484317
1499721576
1523657748
1384789053
1543135455
1287675243
1505837475
1510035625
1192598316
1311257949
1523108054
1262521420
1488452706
1416055953
1348686775
1068152478
1321839393
1322449279
1380587527
1399393272
1470770008
1511924104
1412031594
1114123300
1491691959
1340483804
1384863447
1474515675
1511995240
1499723753
1512007053
1028433724
1374049448
1371833802
1392222605
1494591882
1145459629
1371295989
1392062671
1518199414
1070409976
1319308912
1321814995
1517641216
1522974477
1018430881
1033811643
1153808419
1237210879
1504747558
1528321244
1534024069
1362496982
1480074706
1380592551
1480371541
1500358903
1277855808
1459872276
1517912188
1470458756
1491781866
1062529423
1491765100
1503582306
1501608170
1372447321
1417947702
1519500939
1535757764
1032956182
1284149275
1208858732
1313359654
1107657026
1247991458
1254567950
1495423539
1328373709
1491473815
1234357439
1027541724
1214323784
1530922282
1019142543
1362721646
1492066607
1529347324
1214416211
1379549277
1473697144
1028238537
1158972995
1541394954
1420323981
1384801273
1421760212
1204623242
1513331666
1447277762
1522230150
1505836837
1504103180
1528352825
1012011860
1489547382
1517640031
1084331416
1372754124
1472520301
1018632613
1201880551
1247977415
1482076486
1482505916
1483141803
1504160026
1505671591
1528376012
1232266017
1269039672
1428331906
1512185566
1526962646
1321784692
1419581916
1478603502
1479077875
1441629708
1238347332
1106255534
1195788317
1240618973
1413543655
1536915075
1022128489
1487197255
1539915411
1024839819
1049594128
1049032674
1214404489
1231213665
1479735549
1540262391
1126961272
1422354479
1477969810
1524180334
1017186087
1024039981
1026669405
1392453176
1026844981
1028511835
1405095114
1419550776
1509900887
1510054431
1510906057
1001061761
1019634206
1024017423
1044940197
1074758543
1146764019
1172907655
1178524916
1214510263
1329769490
1376576153
1436040809
1437123419
1457149099
1466791937
1479054756
1481188536
1507714502
1511091482
1523470159
1016794874
1029688821
1036057438
1135413315
1288948090
1495715019
1505675001
1019620504
1021999810
1023803148
1282903222
1480696143
1019083258
1019602288
1019619884
1019657520
1021722769
1024018145
1024020684
1024036802
1033084789
1428613730
1034717327
1035670770
1260861148
1268713134
1347265780
1416721214
1024478956
1089090513
1105061718
1232820813
1329863385
1411959678
1411398316
1529712951
1185147767
1489737230
1540063693
1022244179
1391939672
1506454568
1006136075
1037840222
1047209699
1367034350
1439222035
1474514719
1477921174
1479613277
1496346823
1538947080
1539189848
1015829981
1024005484
1034109552
1089263688
1090696400
1124250277
1141137032
1214404489
1231213665
1367977758
1401486822
1076294267
1479735549
1540262391
1126961272
1392453176
1422354479
1477969810
1491124225
1524180334
1017186087
1024039981
1026669405
1024017423
1026844981
1028511835
1074758543
1178524916
1466790125
1473862528
1474515866
1474517543
1474720067
1475961057
1477998857
1478159178
1492879054
1491739624
1496205758
1498666913
1503521718
1504662235
1542093138
1031823425
1433041980
1266213290
1328588093
1473548524
1478395612
1479248558
1484115653
1518908091
1522162430
1438596482
1019658436
1072721302
1229171658
1340441324
1527287715
1055686387
1427587460
1523754241
1059101471
1275635111
1328583330
1515674386
1027662834
1186266160
1228966289
1328295742
1518912363
1031836065
1115576421
1306488570
1315449762
1079388039
1500959578
1041663733
1256055136
1298580262
1327705618
1450490558
1505042174
1514103461
1019103271
1220773928
1349303758
1022568488
1202287670
1233023293
1245527471
1247761046
1268747084
1269186972
1278375795
1292347765
1293915445
1389244790
1320930206
1332503993
1335622510
1343351955
1354849700
1356401066
1357865855
1373765385
1375299443
1392060414
1392314223
1401214031
1405082748
1410544303
1410895699
1415693227
1417857558
1422297177
1424752035
1426956337
1432953394
1434966369
1436571788
1439257887
1443548536
1449101170
1455555715
1466790125
1473862528
1474515866
1474517543
1474720067
1475961057
1477998857
1478159178
1492879054
1484115653
1491739624
1496205757
1503521718
1504662235
1510906065
1438596482
1433041980
1328588093
1340441324
1473548524
1479248558
1510054432
1522162430
1445126201
1536295347
1541399400
1082574431
1302460812
1376336549
1047068760
1057942981
1115133672
1139758205
1327470210
1440927612
1445785172
1515019646
1531529633
1206909921
1278418587
1392088797
1457346515
1481268773
1496833498
1503321430
1505764014
1505780996
1512351207
1519124666
1527527226
1539980757
1032245600
1202098442
1225332553
1235210262
1267573069
1270418809
1273861566
1295651360
1432301915
1498675824
1527741708
1536809868
1024002124
1141379393
1154779708
1192730718
1214345113
1505813388
1024582383
1406763714
1443309260
1446578426
1016421452
1167833995
1185147767
1185896894
1503836108
1511929974
1089897734
1132842284
1216370870
1428316466
1419453674
1419663679
1420420272
1428352822
1482643012
1499540932
1507714502
1016975707
1034792318
1381426957
1408019409
1484309167
1263248649
1311947632
1411221024
1519725542
1438721207
1479080543
1034326832
1100737578
1289611815
1473997124
1495687346
1053165602
1158846993
1381831768
1425030812
1498437723
1024574726
1372578014
1018039945
1047068760
1111397319
1445126201
1536295347
1539949322
1541399400
1082574431
1302460812
1376336549
1057942981
1115133672
1139758205
1278418587
1327470210
1440927612
1445785172
1503321430
1515019646
1531529633
1206909921
1225332553
1392088797
1432301915
1457346515
1496833498
1505764014
1505780996
1512351207
1519124666
1519124666
1527527226
1539980757
1032245600
1202098442
1235210262
1267573070
1270418809
1273861566
1498675824
1527741708
1529043706
1536809868
1024002124
1141379393
1154779708
1307731278
1317597216
1393053568
1477607510
1192730718
1214345113
1295651360
1505813388
1540173146
1024582383
1406763714
1311714236
1443309260
1372189815
1461801088
1325298751
1459482481
1446578426
1016421452
1167833995
1089897734
1185896894
1511929974
1216370870
1428316466
1471398313
1493893993
1519052239
1472811225
1435667002
1503766161
1132842284
1131342437
1456582717
1501113084
1033850687
1254006050
1367885822
1493861623
1539958541
1357110308
1422963580
1508081515
1514001630
1542705304
1111151290
1318873600
1501375137
1525677413
1085918156
1528797811
1531529039
1312564375
1352060119
1498666913
1518908091
1540261636
1026062064
1035361296
1060152666
1065051329
1318866637
1378505047
1416661728
1444732630
1466160268
1499722710
1026588971
1392082247
1530826237
1502205502
1074321111
1267522745
1412197166
1327688965
1227347473
1235477804
1282550295
1338343904
1432958337
1527849450
1529136664
1252127851
1334638897
1422961522
1023557516
1391058569
1409609832
1306420407
1487994795
1530782070
1545657804
1081850662
1176613034
1238897389
1247053960
1350735143
1022405871
1304103065
1482403424
1477816389
1179235826
1475201090
1058134307
1220733600
1316812241
1321018411
1496165278
1537479490
1015722751
1483205875
1064819758
1495758787
1016458449
1056261475
1086125977
1106868785
1174837420
1268850190
1333661261
1450247064
1472416378
1019119447
1317964841
1462212959
1517843033
1372050943
1445853736
1503949941
1030264187
1154742206
1367548521
1397667528
1484051164
1145563163
1533526358
1317809020
1340267315
1352472982
1540503067
1542287643
1016344750
1476896133
1218420069
1287641909
1477048055
1484043645
1490066771
1035354593
1044775127
1220186211
1373531709
1540524090
1110190152
1434438810
1351551070
1529441332
1295548581
1447549521
1484095031
1018026162
1083250972
1095353313
1224089822
1064819757
1268850190
1421257541
1450247064
1495758787
1035670770
1086125977
1106868785
1174837420
1333661261
1472416378
1317964841
1372050943
1462212959
1517843033
1019119447
1154742206
1367548521
1445853736
1503949941
1397667528
1484051164
1540503067
1030264187
1145563163
1533526358
1317809020
1340267315
1352472982
1476896133
1218420069
1287641909
1373531709
1477048055
1484043645
1490066771
1035354593
1044775127
1056261480
1220186211
1295548581
1110190152
1434438810
1351551070
1529441332
1313226014
1447549521
1484095031
1018026162
1083250972
1095353313
1224089822
1452891384
1493200904
1195126392
1299752580
1345144540
1350377049
1383274327
1354379097
1016655380
1024019825
1125926852
1168861910
1206980891
1338945369
1374929891
1376305606
1381445106
1394212896
1429211374
1449112056
1459448283
1512478025
1515464646
1517840763
1016344748
1024016775
1495975882
1026333115
1130174049
1489569814
1505136924
1016878332
1313247589
1415150227
1477922647
1509735449
1024047038
1072740531
1384299223
1355035936
1498892185
1226563683
1428657264
1218425823
1533624023
1336057488
1155338052
1204785156
1218874774
1350635262
1350664546
1350733998
1399961335
1502147810
1514774535
1018227492
1480768610
1530339509
1159007900
1158979382
1036046809
1062868311
1141650707
1304317543
1379455015
1519966477
1473096596
1053879371
1218915999
1504910394
1252465237
1276562489
1491202248
1129060197
1501097415
1419544974
1500624513
1540464996
1544137479
1022547115
1514769516
1531315074
1132218700
1175605636
1345758481
1025429058
1092555637
1281134643
1446044514
1471597705
1034472444
1540556299
1402399463
1266247122
1404535523
1421086590
1438787693
1490688963
1551765444
1551786028
1286268135
1195279351
1345573481
1536580765
1105057448
1334509300
1411276554
1510285950
1031897467
1511840218
1464417898
1092509849
1409130856
1447420021
1087987511
1502689381
1525340481
1526228004
1384810649
1540996037
1132216430
1497355423
1276446502
1494295687
1243918503
1504199752
1540551097
1525482561
1027134286
1529740399
1115199732
1266149977
1328363369
1499954356
1036133570
1159010525
1192697363
1388472707
1345355933
1393321549
1445596885
1523066663
1064125351
1101578428
1115565828
1112097766
1323361120
1479533767
1511261180
1542935937
1017198969
1024190243
1036604559
1394324890
1448080264
1477821818
1499578889
1024016275
1112831346
1229216421
1376999085
1424770879
1443689784
1479526765
1540529837
1384292807
1502109487
1542287643
1004460291
1218368820
1218915999
1504910394
1252465237
1276562489
1491202248
1129060197
1501097415
1419544974
1500624513
1540464996
1544137479
1022547115
1514769516
1531315074
1551149162
1132218700
1175605636
1281134643
1522243130
1380712498
1500311998
1511847698
1038259044
1127506599
1305121617
1489518424
1502807628
1128788624
1224087272
1521722133
1496673002
1021885166
1364935570
1488095646
1281021577
1313213587
1476249287
1364990577
1546648543
1429831466
1345384982
1537706717
1334654924
1092542998
1235164540
1280863353
1369753404
1498084027
1498542004
1533790729
1028887051
1511855648
1522200439
1021793657
1249317304
1108854751
1033970315
1282555890
1407970741
1366920084
1449093002
1342575707
1411651229
1357836181
1280800917
1312521328
1506968123
1281098227
1310096487
1540538020
1281209444
1531320152
1535668397
1282577217
1540478028
1540517317
1493996588
1546656643
1472556265
1540498963
1384912732
1431715996
1257030889
1540570712
1540527371
1540585080
1540481413
1445206189
1371305988
1496315476
1534219474
1540520488
1349991797
1540544605
1540509639
1282130148
1280906240
1540467787
1540562206
1280728361
1540511566
1495986383
1281001358
1102080522
1006144355
1042354499
1348916556
1442004080
1538589407
1512804371
1485156402
1366952488
1207989668
1265353305
1389682702
1372189815
1308860335
1419415074
1421921369
1450613657
1539745980
1542836764
1510781417
1527741708
