1411266646
1210297573
1409651833
1107731285
1407107416
1262632382
1226882652
1202351900
1357227065
1034239395
1236699754
1263925526
1462871969
1339950233
1358662877
1365096448
1363781458
1333275967
1319091229
1141832280
1361845968
1363467628
1357885458
1060284354
1363665297
1365089738
1357632031
1359234058
1337390584
1494353200
1159219059
1516661429
1221601689
1232862673
1367073084
1369083306
1337785275
1339898214
1505436165
1368521761
1371159726
1368893324
1363525129
1339535708
1113000449
1220178147
1357942482
1357991744
1368136055
1368666345
1369217264
1336933523
1337885777
1365168297
1361895105
1363499819
1359093296
1371218703
1372358383
1418944729
1191269986
1226881837
1232861892
1232862470
1286966792
1307165324
1321950057
1368460261
1331572930
1368913460
1365691319
1363743119
1365032485
1363712490
1359074979
1374464993
1226882130
1274372450
1371244001
1364364393
1365091885
1365254137
1383543868
1429534351
1232863059
1295207193
1322078201
1363655620
1366921181
1410270657
1426508140
1457223550
1505180689
1090261041
1226879728
1226881274
1226884032
1370285703
1367150329
1364300916
1370747691
1362259780
1363620629
1364360859
1363454590
1364294817
1359122661
1363761674
1410304536
1417002761
1429536547
1509690138
1511280321
1512423890
1368307411
1370852690
1363769776
1365020349
1539261876
1021899304
1176558508
1176576208
1190627988
1202415650
1202413715
1232862181
1232862967
1297281908
1319888978
1368695450
1368606034
1367089676
1367080307
1368736666
1368974659
1369204830
1364701511
1364338759
1363486525
1361833951
1364660934
1364653896
1363509578
1363686793
1361888853
1361814945
1364306351
1363766280
1369265395
1509752010
1516829337
1300948925
1306553826
1311415705
1350262157
1503720136
1232862457
1232863346
1512407089
1331496118
1331294220
1363609341
1361838717
1429537583
1429541405
1511268707
1061801570
1032665262
1073187056
1226881849
1236698139
1232862766
1268604553
1364691326
1365215798
1333255592
1364326370
1364352549
1364322753
1365086776
1407702759
1357956515
1372953863
1387703680
1406299798
1410208768
1416971131
1416976096
1426206713
1429539521
1429541825
1445233399
1446811068
1503892504
1511205526
1511314780
1512448784
1523486113
1554081828
1554826768
