708466
661333
573052
1206160
1437131413
772369
1248823
748930
708465
766949
767121
785855
856203
1206166
913598
1125789152
1154473
1212903
748936
550123
1255474517
1471027742
1145628
1206167
1212904
1255608145
1056144598
1480762957
1449255385
1471009201
1255660013
1475974845
1024080089
1344135011
1262660791
1471244944
1156152669
1273810589
1423806930
1255705660
1206170
1464443028
1479532118
1475620681
1519102162
1031677617
1202836513
1479534857
1119797815
1275756181
1142317791
1031336229
1487336171
1250780478
1436603138
1102619015
1345955578
1031340248
1481803163
1425119752
1483664976
1431553263
1031728851
1503953654
1106457520
1119815637
1357998018
1471066205
1481794519
1509054989
1130252082
1344707174
1031678738
1377316495
1479537429
1142335328
1316601777
1400373023
1406339319
1478146314
1031731647
1480761371
1480762485
1483662491
1483664590
1483664597
1483664968
1483664971
1483665421
1485961426
1485962634
1487329612
1487339450
1035874610
754121
1541697940
1541848090
1542035351
1547769806
1548700305
1554521020
1273818200
1162098
1155141727
1216659450
632576
835966
835965
835964
549868
927178
766933
1141744
1032323
1141751
433901
661374
605347
605342
605364
605390
736896
736936
736932
