10102000,10102001
10102000,10102002
10102000,10102005
10102000,10102006
10102000,10102007
10102000,10102008
10102000,10102009
10102000,10102010
10102000,10102011
10102000,10102012
10102000,10102013
10102000,10102014
10102000,10102015
10102000,10102016
10102000,10102017
10102000,10102018
10103000,10103008
10103000,10103002
10103000,10103003
10103000,10103010
10103000,10103004
10103000,10103005
10103000,10103006
10103000,10103007
10103000,10103012
10103000,10103011
10103000,10103013
10103000,10103001
10103000,10103014
10103000,10103015
10103000,10103016
10103000,10103018
10103000,10103017
10105000,10105042
10105000,10105028
10105000,10105034
10105000,10105035
10105000,10105026
10105000,10105036
10105000,10105037
10105000,10105038
10105000,10105024
10105000,10105033
10105000,10105023
10105000,10105040
10105000,10105041
10105000,10105018
10105000,10105016
10105000,10105029
10105000,10105013
10105000,10105007
10105000,10105015
10105000,10105027
10105000,10105010
10105000,10105008
10105000,10105025
10105000,10105021
10105000,10105032
10105000,10105030
10105000,10105020
10105000,10105003
10105000,10105004
10105000,10105006
10105000,10105019
10105000,10105002
10105000,10105005
10105000,10105017
10105000,10105012
10105000,10105043
10105000,10105044
10105000,10105045
10104000,10104008
10104000,10104009
10104000,10104010
10104000,10104011
10104000,10104012
10104000,10104013
10104000,10104017
10104000,10104018
10104000,10104020
10104000,10104019
10104000,10104002
10104000,10104005
10104000,10104014
10104000,10104003
10104000,10104006
10104000,10104007
10101000,10101002
10101000,10101208
10101000,10101209
10101000,10101210
10101000,10101211
10101000,10101212
10101000,10101213
10101000,10101021
10101000,10101084
10101000,10101214
10101000,10101215
10101000,10101089
10101000,10101052
10101000,10101201
10101000,10101202
10101000,10101203
10101000,10101204
10101000,10101206
10101000,10101207
10101000,10101205
10101000,10101015
10101000,10101216
10101000,10101085
10101000,10101053
10101000,10101078
10101000,10101055
10101000,10101050
10101000,10101033
10101000,10101090
10101000,10101005
10101000,10101217
10101000,10101013
10101000,10101218
10101000,10101057
10101000,10101003
10101000,10101219
10101000,10101016
10101000,10101220
10101000,10101098
10101000,10101066
10101000,10101040
10101000,10101037
10101000,10101004
10101000,10101221
10101000,10101060
10101000,10101036
10101000,10101029
10101000,10101070
10101000,10101065
10101000,10101012
10101000,10101222
10101000,10101094
10101000,10101024
10101000,10101027
10101000,10101032
10101000,10101006
10101000,10101223
10101000,10101056
10101000,10101086
10101000,10101054
10101000,10101091
10101000,10101079
10101000,10101051
10101000,10101008
10101000,10101224
10101000,10101035
10101000,10101097
10101000,10101069
10101000,10101014
10101000,10101225
10101000,10101074
10101000,10101076
10101000,10101048
10101000,10101082
10101000,10101087
10101000,10101043
10101000,10101025
10101000,10101028
10101000,10101226
10101000,10101009
10101000,10101059
10101000,10101096
10101000,10101023
10101000,10101227
10101000,10101083
10101000,10101049
10101000,10101044
10101000,10101077
10101000,10101228
10101000,10101022
10101000,10101229
10101000,10101073
10101000,10101039
10101000,10101030
10101000,10101018
10101000,10101230
10101000,10101088
10101000,10101058
10101000,10101093
10101000,10101095
10101000,10101231
10101000,10101019
10101000,10101062
10101000,10101007
10101000,10101232
10101000,10101011
10101000,10101233
10101000,10101020
10101000,10101234
10101000,10101046
10101000,10101080
10101000,10101026
10101000,10101235
10101000,10101075
10101000,10101081
10101000,10101047
10101000,10101034
10101000,10101068
10101000,10101236
10101000,10101042
10101000,10101072
10101000,10101237
10101000,10101038
10118000,10118001
10118000,10118075
10118000,10118076
10118000,10118077
10118000,10118078
10118000,10118079
10118000,10118080
10118000,10118081
10118000,10118082
10118000,10118083
10118000,10118025
10118000,10118052
10118000,10118030
10118000,10118056
10118000,10118003
10118000,10118084
10118000,10118015
10118000,10118014
10118000,10118004
10118000,10118085
10118000,10118039
10118000,10118067
10118000,10118045
10118000,10118071
10118000,10118086
10118000,10118005
10118000,10118087
10118000,10118072
10118000,10118043
10118000,10118002
10118000,10118088
10118000,10118017
10118000,10118013
10118000,10118012
10118000,10118019
10118000,10118020
10118000,10118011
10118000,10118089
10118000,10118036
10118000,10118055
10118000,10118062
10118000,10118028
10118000,10118033
10118000,10118007
10118000,10118090
10118000,10118061
10118000,10118032
10118000,10118035
10118000,10118065
10118000,10118016
10118000,10118091
10118000,10118054
10118000,10118049
10118000,10118027
10118000,10118023
10118000,10118009
10118000,10118092
10118000,10118048
10118000,10118022
10118000,10118053
10118000,10118026
10118000,10118057
10118000,10118060
10118000,10118031
10118000,10118010
10118000,10118093
10118000,10118047
10118000,10118044
10118000,10118073
10118000,10118006
10118000,10118094
10118000,10118070
10118000,10118074
10118000,10118046
10118000,10118051
10118000,10118095
10118000,10118059
10118000,10118024
10118000,10118018
10118000,10118029
10118000,10118063
10118000,10118096
10118000,10118034
10118000,10118037
10118000,10118066
10131000,10131001
10131000,10131080
10131000,10131081
10131000,10131082
10131000,10131083
10131000,10131084
10131000,10131085
10131000,10131077
10131000,10131067
10131000,10131073
10131000,10131069
10131000,10131040
10131000,10131020
10131000,10131044
10131000,10131003
10131000,10131086
10131000,10131087
10131000,10131088
10131000,10131089
10131000,10131039
10131000,10131090
10131000,10131051
10131000,10131021
10131000,10131071
10131000,10131042
10131000,10131047
10131000,10131002
10131000,10131091
10131000,10131030
10131000,10131026
10131000,10131034
10131000,10131066
10131000,10131068
10131000,10131037
10131000,10131019
10131000,10131057
10131000,10131006
10131000,10131092
10131000,10131061
10131000,10131033
10131000,10131036
10131000,10131065
10131000,10131029
10131000,10131005
10131000,10131093
10131000,10131023
10131000,10131025
10131000,10131053
10131000,10131004
10131000,10131094
10131000,10131095
10131000,10131032
10131000,10131063
10131000,10131028
10131000,10131059
10131000,10131009
10131000,10131097
10131000,10131038
10131000,10131035
10131000,10131041
10131000,10131018
10131000,10131013
10131000,10131064
10131000,10131016
10131000,10131011
10131000,10131098
10131000,10131027
10131000,10131058
10131000,10131062
10131000,10131055
10131000,10131015
10131000,10131099
10131000,10131046
10131000,10131079
10131000,10131012
10131000,10131100
10131000,10131074
10131000,10131049
10131000,10131078
10131000,10131045
10131000,10131014
10131000,10131007
10131000,10131010
10131000,10131101
10131000,10131043
10131000,10131072
10131000,10131052
10131000,10131024
10131000,10131076
10131000,10131048
10131000,10131056
10131000,10131022
10127000,10127001
10127000,10127138
10127000,10127139
10127000,10127140
10127000,10127141
10127000,10127142
10127000,10127143
10127000,10127144
10127000,10127116
10127000,10127094
10127000,10127040
10127000,10127103
10127000,10127054
10127000,10127129
10127000,10127109
10127000,10127048
10127000,10127019
10127000,10127061
10127000,10127077
10127000,10127069
10127000,10127014
10127000,10127145
10127000,10127090
10127000,10127030
10127000,10127017
10127000,10127146
10127000,10127043
10127000,10127106
10127000,10127016
10127000,10127147
10127000,10127148
10127000,10127091
10127000,10127100
10127000,10127045
10127000,10127018
10127000,10127149
10127000,10127075
10127000,10127150
10127000,10127121
10127000,10127067
10127000,10127127
10127000,10127005
10127000,10127151
10127000,10127119
10127000,10127065
10127000,10127044
10127000,10127058
10127000,10127152
10127000,10127099
10127000,10127020
10127000,10127010
10127000,10127153
10127000,10127028
10127000,10127088
10127000,10127082
10127000,10127035
10127000,10127117
10127000,10127154
10127000,10127062
10127000,10127123
10127000,10127192
10127000,10127013
10127000,10127155
10127000,10127096
10127000,10127027
10127000,10127042
10127000,10127002
10127000,10127156
10127000,10127092
10127000,10127124
10127000,10127038
10127000,10127131
10127000,10127111
10127000,10127031
10127000,10127022
10127000,10127011
10127000,10127157
10127000,10127133
10127000,10127026
10127000,10127087
10127000,10127033
10127000,10127073
10127000,10127081
10127000,10127056
10127000,10127158
10127000,10127063
10127000,10127079
10127000,10127071
10127000,10127085
10127000,10127024
10127000,10127015
10127000,10127160
10127000,10127161
10127000,10127134
10127000,10127120
10127000,10127126
10127000,10127066
10127000,10127074
10127000,10127059
10127000,10127113
10127000,10127070
10127000,10127162
10127000,10127130
10127000,10127078
10127000,10127084
10127000,10127023
10127000,10127137
10127000,10127163
10127000,10127012
10127000,10127041
10127000,10127104
10127000,10127110
10127000,10127055
10127000,10127049
10127000,10127008
10127000,10127164
10127000,10127083
10127000,10127029
10127000,10127089
10127000,10127039
10127000,10127036
10127000,10127098
10127000,10127093
10127000,10127125
10127000,10127165
10127000,10127118
10127000,10127064
10127000,10127057
10127000,10127021
10127000,10127166
10127000,10127167
10127000,10127105
10127000,10127034
10127000,10127007
10127000,10127006
10127000,10127025
10127000,10127168
10127000,10127107
10127000,10127169
10127000,10127170
10127000,10127171
10127000,10127172
10127000,10127114
10127000,10127173
10127000,10127194
10127000,10127174
10127000,10127175
10127000,10127009
10127000,10127052
10127000,10127176
10127000,10127177
10127000,10127195
10127000,10127178
10127000,10127179
10127000,10127180
10127000,10127193
10127000,10127181
10127000,10127182
10127000,10127183
10127000,10127184
10127000,10127185
10127000,10127186
10127000,10127187
10127000,10127188
10127000,10127189
10127000,10127190
10127000,10127003
10127000,10127046
10127000,10127102
10127000,10127112
10127000,10127191
10127000,10127047
10127000,10127108
10127000,10127050
10127000,10127068
10127000,10127128
10127000,10127076
10127000,10127086
10127000,10127122
10127000,10127053
10127000,10127115
10127000,10127032
10127000,10127135
10127000,10127060
10107000,10107001
10107000,10107069
10107000,10107070
10107000,10107071
10107000,10107072
10107000,10107073
10107000,10107045
10107000,10107018
10107000,10107030
10107000,10107057
10107000,10107027
10107000,10107054
10107000,10107023
10107000,10107050
10107000,10107002
10107000,10107074
10107000,10107075
10107000,10107076
10107000,10107077
10107000,10107033
10107000,10107078
10107000,10107010
10107000,10107079
10107000,10107025
10107000,10107009
10107000,10107080
10107000,10107056
10107000,10107053
10107000,10107026
10107000,10107049
10107000,10107017
10107000,10107044
10107000,10107032
10107000,10107060
10107000,10107029
10107000,10107022
10107000,10107003
10107000,10107081
10107000,10107064
10107000,10107031
10107000,10107062
10107000,10107035
10107000,10107082
10107000,10107012
10107000,10107011
10107000,10107059
10107000,10107007
10107000,10107083
10107000,10107024
10107000,10107051
10107000,10107028
10107000,10107046
10107000,10107055
10107000,10107041
10107000,10107058
10107000,10107014
10107000,10107019
10107000,10107004
10107000,10107084
10107000,10107065
10107000,10107042
10107000,10107020
10107000,10107015
10107000,10107047
10107000,10107005
10107000,10107052
10107000,10107036
10107000,10107038
10107000,10107008
10107000,10107085
10107000,10107067
10107000,10107034
10107000,10107063
10107000,10107037
10107000,10107040
10107000,10107061
10107000,10107013
10107000,10107086
10107000,10107068
10107000,10107016
10107000,10107048
10107000,10107043
10107000,10107021
10107000,10107066
10107000,10107006
10107000,10107039
10124000,10124003
10124000,10124112
10124000,10124113
10124000,10124114
10124000,10124115
10124000,10124116
10124000,10124029
10124000,10124043
10124000,10124088
10124000,10124036
10124000,10124082
10124000,10124001
10124000,10124117
10124000,10124118
10124000,10124119
10124000,10124120
10124000,10124121
10124000,10124122
10124000,10124123
10124000,10124099
10124000,10124062
10124000,10124055
10124000,10124048
10124000,10124104
10124000,10124004
10124000,10124124
10124000,10124069
10124000,10124022
10124000,10124075
10124000,10124014
10124000,10124125
10124000,10124054
10124000,10124007
10124000,10124126
10124000,10124035
10124000,10124028
10124000,10124081
10124000,10124009
10124000,10124127
10124000,10124025
10124000,10124030
10124000,10124020
10124000,10124077
10124000,10124083
10124000,10124066
10124000,10124037
10124000,10124073
10124000,10124008
10124000,10124128
10124000,10124063
10124000,10124070
10124000,10124110
10124000,10124056
10124000,10124095
10124000,10124105
10124000,10124100
10124000,10124049
10124000,10124015
10124000,10124129
10124000,10124087
10124000,10124041
10124000,10124093
10124000,10124046
10124000,10124053
10124000,10124098
10124000,10124076
10124000,10124017
10124000,10124010
10124000,10124034
10124000,10124011
10124000,10124130
10124000,10124108
10124000,10124067
10124000,10124060
10124000,10124021
10124000,10124002
10124000,10124131
10124000,10124094
10124000,10124042
10124000,10124047
10124000,10124016
10124000,10124132
10124000,10124061
10124000,10124133
10124000,10124068
10124000,10124134
10124000,10124013
10124000,10124135
10124000,10124038
10124000,10124096
10124000,10124084
10124000,10124026
10124000,10124050
10124000,10124078
10124000,10124090
10124000,10124031
10124000,10124044
10124000,10124006
10124000,10124136
10124000,10124059
10124000,10124092
10124000,10124080
10124000,10124137
10124000,10124045
10124000,10124040
10124000,10124086
10124000,10124052
10124000,10124097
10124000,10124103
10124000,10124005
10124000,10124138
10124000,10124085
10124000,10124039
10124000,10124027
10124000,10124032
10124000,10124091
10124000,10124079
10124000,10124074
10124000,10124018
10124000,10124139
10124000,10124064
10124000,10124023
10124000,10124111
10124000,10124071
10124000,10124057
10124000,10124106
10124000,10124012
10124000,10124140
10124000,10124065
10124000,10124107
10124000,10124058
10124000,10124051
10124000,10124024
10124000,10124072
10124000,10124102
10124000,10124019
10115000,10115001
10115000,10115086
10115000,10115087
10115000,10115088
10115000,10115089
10115000,10115072
10115000,10115090
10115000,10115091
10115000,10115092
10115000,10115093
10115000,10115077
10115000,10115094
10115000,10115043
10115000,10115080
10115000,10115002
10115000,10115095
10115000,10115039
10115000,10115073
10115000,10115007
10115000,10115096
10115000,10115045
10115000,10115058
10115000,10115054
10115000,10115021
10115000,10115049
10115000,10115082
10115000,10115008
10115000,10115097
10115000,10115042
10115000,10115023
10115000,10115056
10115000,10115051
10115000,10115018
10115000,10115098
10115000,10115079
10115000,10115047
10115000,10115014
10115000,10115099
10115000,10115019
10115000,10115057
10115000,10115029
10115000,10115060
10115000,10115024
10115000,10115052
10115000,10115004
10115000,10115100
10115000,10115012
10115000,10115101
10115000,10115070
10115000,10115102
10115000,10115033
10115000,10115013
10115000,10115103
10115000,10115104
10115000,10115069
10115000,10115041
10115000,10115075
10115000,10115078
10115000,10115036
10115000,10115010
10115000,10115105
10115000,10115030
10115000,10115025
10115000,10115106
10115000,10115061
10115000,10115037
10115000,10115065
10115000,10115011
10115000,10115107
10115000,10115108
10115000,10115055
10115000,10115059
10115000,10115027
10115000,10115022
10115000,10115063
10115000,10115031
10115000,10115017
10115000,10115067
10115000,10115006
10115000,10115109
10115000,10115053
10115000,10115048
10115000,10115081
10115000,10115044
10115000,10115110
10115000,10115062
10115000,10115111
10115000,10115112
10115000,10115046
10115000,10115009
10115000,10115113
10115000,10115040
10115000,10115028
10115000,10115064
10115000,10115068
10115000,10115074
10115000,10115035
10115000,10115032
10115000,10115085
10115000,10115066
10115000,10115071
10115000,10115034
10115000,10115016
10112000,10112001
10112000,10112145
10112000,10112146
10112000,10112147
10112000,10112148
10112000,10112149
10112000,10112150
10112000,10112050
10112000,10112042
10112000,10112110
10112000,10112097
10112000,10112030
10112000,10112021
10112000,10112067
10112000,10112083
10112000,10112127
10112000,10112089
10112000,10112119
10112000,10112012
10112000,10112136
10112000,10112151
10112000,10112075
10112000,10112059
10112000,10112152
10112000,10112006
10112000,10112153
10112000,10112104
10112000,10112112
10112000,10112061
10112000,10112138
10112000,10112036
10112000,10112052
10112000,10112044
10112000,10112068
10112000,10112008
10112000,10112154
10112000,10112101
10112000,10112025
10112000,10112034
10112000,10112093
10112000,10112004
10112000,10112155
10112000,10112156
10112000,10112096
10112000,10112046
10112000,10112070
10112000,10112105
10112000,10112038
10112000,10112016
10112000,10112114
10112000,10112063
10112000,10112054
10112000,10112078
10112000,10112131
10112000,10112140
10112000,10112123
10112000,10112029
10112000,10112003
10112000,10112158
10112000,10112170
10112000,10112033
10112000,10112092
10112000,10112100
10112000,10112109
10112000,10112082
10112000,10112144
10112000,10112041
10112000,10112049
10112000,10112118
10112000,10112135
10112000,10112074
10112000,10112066
10112000,10112126
10112000,10112024
10112000,10112058
10112000,10112020
10112000,10112010
10112000,10112159
10112000,10112160
10112000,10112047
10112000,10112115
10112000,10112094
10112000,10112103
10112000,10112132
10112000,10112064
10112000,10112035
10112000,10112043
10112000,10112124
10112000,10112120
10112000,10112051
10112000,10112055
10112000,10112026
10112000,10112060
10112000,10112128
10112000,10112079
10112000,10112111
10112000,10112071
10112000,10112086
10112000,10112017
10112000,10112141
10112000,10112011
10112000,10112161
10112000,10112137
10112000,10112084
10112000,10112098
10112000,10112090
10112000,10112031
10112000,10112116
10112000,10112056
10112000,10112076
10112000,10112013
10112000,10112107
10112000,10112048
10112000,10112039
10112000,10112022
10112000,10112009
10112000,10112162
10112000,10112163
10112000,10112133
10112000,10112080
10112000,10112027
10112000,10112072
10112000,10112087
10112000,10112018
10112000,10112142
10112000,10112005
10112000,10112164
10112000,10112165
10112000,10112134
10112000,10112143
10112000,10112057
10112000,10112125
10112000,10112028
10112000,10112073
10112000,10112081
10112000,10112037
10112000,10112065
10112000,10112019
10112000,10112095
10112000,10112117
10112000,10112088
10112000,10112007
10112000,10112166
10112000,10112032
10112000,10112085
10112000,10112099
10112000,10112023
10112000,10112091
10112000,10112040
10112000,10112014
10112000,10112108
10112000,10112002
10112000,10112167
10112000,10112069
10112000,10112053
10112000,10112113
10112000,10112168
10112000,10112015
10112000,10112130
10112000,10112062
10112000,10112122
10112000,10112169
10112000,10112077
10125000,10125001
10125000,10125109
10125000,10125110
10125000,10125111
10125000,10125112
10125000,10125113
10125000,10125114
10125000,10125102
10125000,10125096
10125000,10125050
10125000,10125057
10125000,10125005
10125000,10125115
10125000,10125070
10125000,10125019
10125000,10125075
10125000,10125030
10125000,10125024
10125000,10125080
10125000,10125064
10125000,10125009
10125000,10125116
10125000,10125041
10125000,10125086
10125000,10125010
10125000,10125117
10125000,10125118
10125000,10125042
10125000,10125055
10125000,10125035
10125000,10125087
10125000,10125081
10125000,10125012
10125000,10125094
10125000,10125048
10125000,10125100
10125000,10125062
10125000,10125011
10125000,10125119
10125000,10125074
10125000,10125022
10125000,10125028
10125000,10125120
10125000,10125068
10125000,10125034
10125000,10125121
10125000,10125046
10125000,10125040
10125000,10125092
10125000,10125085
10125000,10125107
10125000,10125122
10125000,10125058
10125000,10125106
10125000,10125054
10125000,10125099
10125000,10125014
10125000,10125065
10125000,10125020
10125000,10125071
10125000,10125047
10125000,10125025
10125000,10125008
10125000,10125123
10125000,10125033
10125000,10125084
10125000,10125098
10125000,10125039
10125000,10125045
10125000,10125060
10125000,10125016
10125000,10125052
10125000,10125079
10125000,10125029
10125000,10125104
10125000,10125091
10125000,10125003
10125000,10125124
10125000,10125105
10125000,10125061
10125000,10125017
10125000,10125067
10125000,10125004
10125000,10125089
10125000,10125073
10125000,10125027
10125000,10125078
10125000,10125032
10125000,10125082
10125000,10125037
10125000,10125053
10125000,10125006
10125000,10125125
10125000,10125038
10125000,10125090
10125000,10125044
10125000,10125097
10125000,10125031
10125000,10125026
10125000,10125077
10125000,10125072
10125000,10125021
10125000,10125083
10125000,10125015
10125000,10125066
10125000,10125059
10125000,10125103
10125000,10125007
10125000,10125051
10125000,10125108
10125000,10125126
10125000,10125049
10125000,10125101
10125000,10125069
10125000,10125043
10125000,10125018
10125000,10125036
10125000,10125023
10125000,10125088
10125000,10125063
10125000,10125013
10125000,10125056
10125000,10125095
10121000,10121001
10121000,10121096
10121000,10121097
10121000,10121098
10121000,10121099
10121000,10121017
10121000,10121053
10121000,10121058
10121000,10121064
10121000,10121022
10121000,10121003
10121000,10121100
10121000,10121032
10121000,10121070
10121000,10121038
10121000,10121005
10121000,10121102
10121000,10121008
10121000,10121103
10121000,10121014
10121000,10121023
10121000,10121065
10121000,10121028
10121000,10121071
10121000,10121059
10121000,10121033
10121000,10121054
10121000,10121018
10121000,10121011
10121000,10121104
10121000,10121082
10121000,10121045
10121000,10121074
10121000,10121036
10121000,10121078
10121000,10121042
10121000,10121087
10121000,10121092
10121000,10121105
10121000,10121039
10121000,10121043
10121000,10121052
10121000,10121013
10121000,10121085
10121000,10121048
10121000,10121080
10121000,10121093
10121000,10121106
10121000,10121025
10121000,10121086
10121000,10121073
10121000,10121061
10121000,10121035
10121000,10121077
10121000,10121041
10121000,10121049
10121000,10121067
10121000,10121030
10121000,10121044
10121000,10121081
10121000,10121094
10121000,10121107
10121000,10121057
10121000,10121021
10121000,10121063
10121000,10121027
10121000,10121069
10121000,10121031
10121000,10121095
10121000,10121108
10121000,10121051
10121000,10121047
10121000,10121016
10121000,10121056
10121000,10121020
10121000,10121062
10121000,10121026
10121000,10121068
10121000,10121084
10121000,10121012
10121000,10121091
10121000,10121024
10121000,10121109
10121000,10121110
10121000,10121072
10121000,10121066
10121000,10121029
10121000,10121089
10121000,10121037
10121000,10121009
10121000,10121112
10121000,10121083
10121000,10121046
10121000,10121050
10121000,10121015
10121000,10121010
10121000,10121088
10121000,10121019
10121000,10121060
10121000,10121079
10121000,10121090
10121000,10121034
10121000,10121076
10121000,10121040
10120000,10120001
10120000,10120055
10120000,10120056
10120000,10120057
10120000,10120058
10120000,10120059
10120000,10120060
10120000,10120061
10120000,10120062
10120000,10120063
10120000,10120026
10120000,10120047
10120000,10120030
10120000,10120045
10120000,10120006
10120000,10120064
10120000,10120065
10120000,10120066
10120000,10120067
10120000,10120068
10120000,10120069
10120000,10120020
10120000,10120041
10120000,10120022
10120000,10120040
10120000,10120004
10120000,10120070
10120000,10120049
10120000,10120032
10120000,10120028
10120000,10120003
10120000,10120071
10120000,10120072
10120000,10120036
10120000,10120015
10120000,10120007
10120000,10120073
10120000,10120074
10120000,10120019
10120000,10120008
10120000,10120075
10120000,10120023
10120000,10120021
10120000,10120043
10120000,10120009
10120000,10120076
10120000,10120048
10120000,10120031
10120000,10120027
10120000,10120077
10120000,10120005
10120000,10120078
10120000,10120054
10120000,10120035
10120000,10120011
10120000,10120079
10120000,10120080
10120000,10120018
10120000,10120013
10120000,10120081
10120000,10120082
10120000,10120042
10120000,10120012
10120000,10120083
10120000,10120033
10120000,10120052
10120000,10120002
10120000,10120084
10120000,10120085
10120000,10120016
10120000,10120053
10120000,10120038
10120000,10120034
10120000,10120010
10120000,10120087
10120000,10120088
10120000,10120025
10120000,10120050
10120000,10120046
10120000,10120029
10120000,10120014
10120000,10120089
10120000,10120037
10120000,10120017
10120000,10120039
10117000,10117001
10117000,10117050
10117000,10117051
10117000,10117052
10117000,10117053
10117000,10117054
10117000,10117030
10117000,10117013
10117000,10117033
10117000,10117036
10117000,10117014
10117000,10117002
10117000,10117055
10117000,10117039
10117000,10117021
10117000,10117041
10117000,10117043
10117000,10117018
10117000,10117006
10117000,10117056
10117000,10117016
10117000,10117057
10117000,10117038
10117000,10117035
10117000,10117028
10117000,10117058
10117000,10117031
10117000,10117011
10117000,10117004
10117000,10117059
10117000,10117060
10117000,10117010
10117000,10117027
10117000,10117005
10117000,10117020
10117000,10117048
10117000,10117061
10117000,10117022
10117000,10117019
10117000,10117042
10117000,10117040
10117000,10117008
10117000,10117062
10117000,10117015
10117000,10117037
10117000,10117017
10117000,10117034
10117000,10117007
10117000,10117063
10117000,10117047
10117000,10117023
10117000,10117025
10117000,10117045
10117000,10117049
10117000,10117003
10117000,10117012
10117000,10117029
10117000,10117024
10117000,10117032
10117000,10117026
10117000,10117046
10117000,10117009
10114000,10114001
10114000,10114082
10114000,10114083
10114000,10114084
10114000,10114085
10114000,10114086
10114000,10114087
10114000,10114016
10114000,10114026
10114000,10114036
10114000,10114031
10114000,10114079
10114000,10114049
10114000,10114045
10114000,10114066
10114000,10114035
10114000,10114075
10114000,10114071
10114000,10114012
10114000,10114005
10114000,10114088
10114000,10114063
10114000,10114023
10114000,10114038
10114000,10114069
10114000,10114034
10114000,10114019
10114000,10114073
10114000,10114058
10114000,10114029
10114000,10114009
10114000,10114089
10114000,10114061
10114000,10114056
10114000,10114027
10114000,10114020
10114000,10114090
10114000,10114054
10114000,10114059
10114000,10114024
10114000,10114091
10114000,10114070
10114000,10114064
10114000,10114030
10114000,10114017
10114000,10114007
10114000,10114092
10114000,10114060
10114000,10114065
10114000,10114055
10114000,10114025
10114000,10114042
10114000,10114093
10114000,10114081
10114000,10114051
10114000,10114003
10114000,10114094
10114000,10114041
10114000,10114050
10114000,10114076
10114000,10114046
10114000,10114013
10114000,10114080
10114000,10114067
10114000,10114095
10114000,10114032
10114000,10114004
10114000,10114096
10114000,10114047
10114000,10114043
10114000,10114018
10114000,10114014
10114000,10114052
10114000,10114010
10114000,10114053
10114000,10114097
10114000,10114028
10114000,10114022
10114000,10114057
10114000,10114006
10114000,10114068
10114000,10114002
10114000,10114098
10114000,10114011
10114000,10114048
10114000,10114015
10114000,10114039
10114000,10114074
10114000,10114044
10114000,10114021
10114000,10114040
10114000,10114078
10114000,10114008
10114000,10114037
10114000,10114072
10114000,10114077
10106000,10106001
10106000,10106081
10106000,10106082
10106000,10106083
10106000,10106084
10106000,10106066
10106000,10106071
10106000,10106033
10106000,10106069
10106000,10106007
10106000,10106009
10106000,10106085
10106000,10106052
10106000,10106018
10106000,10106048
10106000,10106036
10106000,10106003
10106000,10106086
10106000,10106024
10106000,10106061
10106000,10106056
10106000,10106002
10106000,10106087
10106000,10106043
10106000,10106075
10106000,10106088
10106000,10106039
10106000,10106064
10106000,10106031
10106000,10106042
10106000,10106089
10106000,10106074
10106000,10106013
10106000,10106090
10106000,10106091
10106000,10106011
10106000,10106092
10106000,10106021
10106000,10106068
10106000,10106026
10106000,10106035
10106000,10106058
10106000,10106063
10106000,10106053
10106000,10106030
10106000,10106012
10106000,10106093
10106000,10106051
10106000,10106047
10106000,10106014
10106000,10106017
10106000,10106008
10106000,10106094
10106000,10106041
10106000,10106016
10106000,10106073
10106000,10106046
10106000,10106078
10106000,10106038
10106000,10106005
10106000,10106095
10106000,10106023
10106000,10106060
10106000,10106037
10106000,10106028
10106000,10106065
10106000,10106004
10106000,10106096
10106000,10106015
10106000,10106050
10106000,10106045
10106000,10106077
10106000,10106006
10106000,10106098
10106000,10106049
10106000,10106044
10106000,10106019
10106000,10106040
10106000,10106076
10106000,10106072
10106000,10106099
10106000,10106032
10106000,10106070
10106000,10106055
10106000,10106079
10106000,10106100
10106000,10106022
10106000,10106054
10106000,10106059
10106000,10106080
10106000,10106101
10106000,10106029
10106000,10106057
10106000,10106067
10106000,10106020
10106000,10106025
10106000,10106062
10119000,10119001
10119000,10119089
10119000,10119090
10119000,10119091
10119000,10119092
10119000,10119093
10119000,10119094
10119000,10119049
10119000,10119054
10119000,10119012
10119000,10119003
10119000,10119095
10119000,10119016
10119000,10119053
10119000,10119007
10119000,10119096
10119000,10119021
10119000,10119097
10119000,10119098
10119000,10119002
10119000,10119099
10119000,10119100
10119000,10119084
10119000,10119063
10119000,10119043
10119000,10119074
10119000,10119069
10119000,10119078
10119000,10119028
10119000,10119037
10119000,10119032
10119000,10119101
10119000,10119040
10119000,10119102
10119000,10119081
10119000,10119005
10119000,10119103
10119000,10119068
10119000,10119027
10119000,10119008
10119000,10119104
10119000,10119065
10119000,10119076
10119000,10119029
10119000,10119071
10119000,10119034
10119000,10119086
10119000,10119039
10119000,10119080
10119000,10119045
10119000,10119056
10119000,10119051
10119000,10119014
10119000,10119048
10119000,10119060
10119000,10119018
10119000,10119088
10119000,10119024
10119000,10119009
10119000,10119105
10119000,10119106
10119000,10119062
10119000,10119026
10119000,10119058
10119000,10119020
10119000,10119067
10119000,10119073
10119000,10119031
10119000,10119083
10119000,10119077
10119000,10119042
10119000,10119006
10119000,10119108
10119000,10119075
10119000,10119047
10119000,10119033
10119000,10119070
10119000,10119038
10119000,10119011
10119000,10119044
10119000,10119085
10119000,10119079
10119000,10119010
10119000,10119109
10119000,10119059
10119000,10119064
10119000,10119023
10119000,10119050
10119000,10119017
10119000,10119055
10119000,10119087
10119000,10119041
10119000,10119046
10119000,10119082
10119000,10119004
10119000,10119110
10119000,10119111
10119000,10119061
10119000,10119052
10119000,10119066
10119000,10119030
10119000,10119057
10119000,10119015
10119000,10119112
10119000,10119025
10119000,10119072
10119000,10119035
10113000,10113001
10113000,10113127
10113000,10113128
10113000,10113129
10113000,10113130
10113000,10113073
10113000,10113131
10113000,10113026
10113000,10113092
10113000,10113022
10113000,10113085
10113000,10113078
10113000,10113034
10113000,10113013
10113000,10113132
10113000,10113031
10113000,10113089
10113000,10113039
10113000,10113154
10113000,10113082
10113000,10113009
10113000,10113133
10113000,10113101
10113000,10113116
10113000,10113075
10113000,10113124
10113000,10113067
10113000,10113061
10113000,10113046
10113000,10113109
10113000,10113053
10113000,10113010
10113000,10113134
10113000,10113123
10113000,10113115
10113000,10113066
10113000,10113108
10113000,10113052
10113000,10113074
10113000,10113003
10113000,10113135
10113000,10113136
10113000,10113049
10113000,10113112
10113000,10113056
10113000,10113104
10113000,10113015
10113000,10113137
10113000,10113106
10113000,10113058
10113000,10113002
10113000,10113138
10113000,10113139
10113000,10113076
10113000,10113018
10113000,10113069
10113000,10113081
10113000,10113024
10113000,10113119
10113000,10113030
10113000,10113017
10113000,10113140
10113000,10113079
10113000,10113094
10113000,10113028
10113000,10113087
10113000,10113043
10113000,10113141
10113000,10113016
10113000,10113142
10113000,10113077
10113000,10113020
10113000,10113071
10113000,10113121
10113000,10113155
10113000,10113004
10113000,10113143
10113000,10113144
10113000,10113096
10113000,10113060
10113000,10113045
10113000,10113038
10113000,10113006
10113000,10113145
10113000,10113068
10113000,10113117
10113000,10113011
10113000,10113147
10113000,10113084
10113000,10113041
10113000,10113025
10113000,10113033
10113000,10113091
10113000,10113012
10113000,10113148
10113000,10113120
10113000,10113050
10113000,10113042
10113000,10113063
10113000,10113019
10113000,10113098
10113000,10113105
10113000,10113057
10113000,10113113
10113000,10113070
10113000,10113093
10113000,10113014
10113000,10113150
10113000,10113065
10113000,10113118
10113000,10113062
10113000,10113111
10113000,10113048
10113000,10113103
10113000,10113055
10113000,10113007
10113000,10113151
10113000,10113027
10113000,10113059
10113000,10113114
10113000,10113072
10113000,10113122
10113000,10113107
10113000,10113064
10113000,10113021
10113000,10113008
10113000,10113152
10113000,10113102
10113000,10113083
10113000,10113110
10113000,10113097
10113000,10113090
10113000,10113032
10113000,10113054
10113000,10113040
10113000,10113047
10113000,10113005
10113000,10113153
10113000,10113037
10113000,10113095
10113000,10113044
10113000,10113051
10113000,10113088
10113000,10113023
10113000,10113029
10113000,10113080
10113000,10113100
10113000,10113126
10113000,10113099
10116000,10116001
10116000,10116098
10116000,10116099
10116000,10116100
10116000,10116101
10116000,10116102
10116000,10116071
10116000,10116103
10116000,10116028
10116000,10116033
10116000,10116002
10116000,10116104
10116000,10116105
10116000,10116090
10116000,10116054
10116000,10116060
10116000,10116015
10116000,10116014
10116000,10116106
10116000,10116107
10116000,10116043
10116000,10116080
10116000,10116009
10116000,10116108
10116000,10116109
10116000,10116031
10116000,10116036
10116000,10116074
10116000,10116077
10116000,10116025
10116000,10116068
10116000,10116010
10116000,10116110
10116000,10116052
10116000,10116041
10116000,10116132
10116000,10116095
10116000,10116088
10116000,10116084
10116000,10116037
10116000,10116078
10116000,10116046
10116000,10116004
10116000,10116112
10116000,10116113
10116000,10116093
10116000,10116050
10116000,10116018
10116000,10116062
10116000,10116057
10116000,10116005
10116000,10116114
10116000,10116081
10116000,10116072
10116000,10116076
10116000,10116044
10116000,10116029
10116000,10116034
10116000,10116115
10116000,10116013
10116000,10116116
10116000,10116082
10116000,10116040
10116000,10116003
10116000,10116117
10116000,10116055
10116000,10116048
10116000,10116091
10116000,10116016
10116000,10116011
10116000,10116118
10116000,10116019
10116000,10116023
10116000,10116063
10116000,10116094
10116000,10116051
10116000,10116087
10116000,10116045
10116000,10116058
10116000,10116083
10116000,10116075
10116000,10116119
10116000,10116079
10116000,10116038
10116000,10116059
10116000,10116096
10116000,10116053
10116000,10116085
10116000,10116047
10116000,10116042
10116000,10116089
10116000,10116008
10116000,10116120
10116000,10116121
10116000,10116070
10116000,10116027
10116000,10116056
10116000,10116022
10116000,10116086
10116000,10116066
10116000,10116049
10116000,10116061
10116000,10116017
10116000,10116032
10116000,10116007
10116000,10116122
10116000,10116021
10116000,10116026
10116000,10116065
10116000,10116069
10116000,10116097
10116000,10116006
10116000,10116035
10116000,10116020
10116000,10116030
10116000,10116067
10116000,10116073
10116000,10116024
10116000,10116064
10109000,10109001
10109000,10109090
10109000,10109091
10109000,10109092
10109000,10109093
10109000,10109094
10109000,10109044
10109000,10109011
10109000,10109065
10109000,10109054
10109000,10109039
10109000,10109059
10109000,10109025
10109000,10109002
10109000,10109095
10109000,10109036
10109000,10109042
10109000,10109074
10109000,10109047
10109000,10109086
10109000,10109080
10109000,10109007
10109000,10109096
10109000,10109028
10109000,10109068
10109000,10109045
10109000,10109084
10109000,10109078
10109000,10109050
10109000,10109072
10109000,10109012
10109000,10109016
10109000,10109040
10109000,10109034
10109000,10109055
10109000,10109008
10109000,10109098
10109000,10109021
10109000,10109062
10109000,10109070
10109000,10109026
10109000,10109010
10109000,10109099
10109000,10109088
10109000,10109006
10109000,10109100
10109000,10109033
10109000,10109101
10109000,10109003
10109000,10109102
10109000,10109056
10109000,10109017
10109000,10109014
10109000,10109103
10109000,10109019
10109000,10109058
10109000,10109005
10109000,10109104
10109000,10109081
10109000,10109087
10109000,10109053
10109000,10109105
10109000,10109048
10109000,10109004
10109000,10109106
10109000,10109035
10109000,10109041
10109000,10109046
10109000,10109085
10109000,10109073
10109000,10109051
10109000,10109069
10109000,10109079
10109000,10109024
10109000,10109029
10109000,10109064
10109000,10109089
10109000,10109107
10109000,10109066
10109000,10109037
10109000,10109075
10109000,10109009
10109000,10109108
10109000,10109038
10109000,10109067
10109000,10109032
10109000,10109071
10109000,10109063
10109000,10109027
10109000,10109076
10109000,10109043
10109000,10109082
10109000,10109022
10109000,10109018
10109000,10109109
10109000,10109057
10109000,10109023
10109000,10109060
10109000,10109052
10109000,10109013
10109000,10109083
10109000,10109110
10109000,10109030
10109000,10109049
10109000,10109015
10109000,10109020
10109000,10109061
10109000,10109077
10111000,10111001
10111000,10111023
10111000,10111024
10111000,10111008
10111000,10111025
10111000,10111002
10111000,10111026
10111000,10111022
10111000,10111021
10111000,10111007
10111000,10111020
10111000,10111006
10111000,10111017
10111000,10111013
10111000,10111014
10111000,10111016
10111000,10111004
10111000,10111015
10111000,10111012
10111000,10111005
10111000,10111018
10111000,10111019
10111000,10111010
10111000,10111011
10111000,10111027
10111000,10111028
10111000,10111029
10110000,10110001
10110000,10110085
10110000,10110086
10110000,10110087
10110000,10110088
10110000,10110089
10110000,10110090
10110000,10110052
10110000,10110015
10110000,10110048
10110000,10110009
10110000,10110002
10110000,10110091
10110000,10110034
10110000,10110092
10110000,10110073
10110000,10110007
10110000,10110093
10110000,10110094
10110000,10110066
10110000,10110032
10110000,10110071
10110000,10110036
10110000,10110013
10110000,10110041
10110000,10110076
10110000,10110046
10110000,10110023
10110000,10110057
10110000,10110061
10110000,10110006
10110000,10110095
10110000,10110044
10110000,10110053
10110000,10110016
10110000,10110049
10110000,10110010
10110000,10110021
10110000,10110096
10110000,10110025
10110000,10110059
10110000,10110063
10110000,10110029
10110000,10110020
10110000,10110017
10110000,10110054
10110000,10110055
10110000,10110097
10110000,10110075
10110000,10110003
10110000,10110040
10110000,10110080
10110000,10110045
10110000,10110011
10110000,10110065
10110000,10110031
10110000,10110082
10110000,10110026
10110000,10110035
10110000,10110039
10110000,10110079
10110000,10110074
10110000,10110030
10110000,10110064
10110000,10110069
10110000,10110083
10110000,10110004
10110000,10110014
10110000,10110047
10110000,10110018
10110000,10110012
10110000,10110051
10110000,10110056
10110000,10110022
10110000,10110068
10110000,10110008
10110000,10110060
10110000,10110042
10110000,10110027
10110000,10110038
10110000,10110043
10110000,10110078
10110000,10110084
10110000,10110005
10110000,10110058
10110000,10110028
10110000,10110019
10110000,10110024
10110000,10110067
10110000,10110033
10110000,10110072
10110000,10110050
10110000,10110077
10110000,10110037
10110000,10110062
10130000,10130001
10130000,10130131
10130000,10130132
10130000,10130133
10130000,10130134
10130000,10130026
10130000,10130024
10130000,10130087
10130000,10130072
10130000,10130079
10130000,10130135
10130000,10130017
10130000,10130039
10130000,10130080
10130000,10130031
10130000,10130002
10130000,10130136
10130000,10130025
10130000,10130095
10130000,10130032
10130000,10130047
10130000,10130040
10130000,10130088
10130000,10130137
10130000,10130101
10130000,10130011
10130000,10130138
10130000,10130105
10130000,10130067
10130000,10130059
10130000,10130043
10130000,10130119
10130000,10130126
10130000,10130051
10130000,10130111
10130000,10130010
10130000,10130139
10130000,10130123
10130000,10130055
10130000,10130063
10130000,10130115
10130000,10130003
10130000,10130140
10130000,10130117
10130000,10130109
10130000,10130049
10130000,10130042
10130000,10130034
10130000,10130057
10130000,10130089
10130000,10130097
10130000,10130103
10130000,10130065
10130000,10130030
10130000,10130141
10130000,10130142
10130000,10130100
10130000,10130038
10130000,10130093
10130000,10130052
10130000,10130143
10130000,10130144
10130000,10130112
10130000,10130120
10130000,10130060
10130000,10130019
10130000,10130074
10130000,10130082
10130000,10130068
10130000,10130012
10130000,10130009
10130000,10130145
10130000,10130048
10130000,10130108
10130000,10130102
10130000,10130096
10130000,10130056
10130000,10130033
10130000,10130041
10130000,10130008
10130000,10130146
10130000,10130099
10130000,10130081
10130000,10130029
10130000,10130092
10130000,10130022
10130000,10130085
10130000,10130037
10130000,10130044
10130000,10130018
10130000,10130098
10130000,10130027
10130000,10130004
10130000,10130104
10130000,10130073
10130000,10130050
10130000,10130090
10130000,10130035
10130000,10130058
10130000,10130125
10130000,10130153
10130000,10130118
10130000,10130066
10130000,10130110
10130000,10130005
10130000,10130147
10130000,10130015
10130000,10130091
10130000,10130036
10130000,10130084
10130000,10130077
10130000,10130021
10130000,10130028
10130000,10130127
10130000,10130045
10130000,10130148
10130000,10130149
10130000,10130007
10130000,10130150
10130000,10130083
10130000,10130054
10130000,10130062
10130000,10130070
10130000,10130114
10130000,10130020
10130000,10130076
10130000,10130122
10130000,10130014
10130000,10130107
10130000,10130046
10130000,10130128
10130000,10130121
10130000,10130151
10130000,10130075
10130000,10130013
10130000,10130069
10130000,10130129
10130000,10130064
10130000,10130124
10130000,10130071
10130000,10130016
10130000,10130130
10130000,10130152
10130000,10130086
10130000,10130023
10128000,10128001
10128000,10128025
10128000,10128026
10128000,10128027
10128000,10128015
10128000,10128022
10128000,10128013
10128000,10128028
10128000,10128029
10128000,10128003
10128000,10128030
10128000,10128017
10128000,10128031
10128000,10128032
10128000,10128019
10128000,10128033
10128000,10128018
10128000,10128034
10128000,10128009
10128000,10128010
10128000,10128035
10128000,10128004
10128000,10128036
10128000,10128016
10128000,10128008
10128000,10128037
10128000,10128038
10128000,10128039
10128000,10128040
10128000,10128041
10128000,10128042
10128000,10128043
10128000,10128044
10128000,10128045
10128000,10128005
10128000,10128046
10128000,10128047
10128000,10128048
10128000,10128049
10128000,10128050
10128000,10128051
10128000,10128052
10128000,10128053
10128000,10128054
10128000,10128024
10128000,10128055
10128000,10128056
10128000,10128057
10128000,10128058
10128000,10128059
10128000,10128060
10128000,10128061
10128000,10128062
10128000,10128002
10128000,10128063
10128000,10128064
10128000,10128020
10128000,10128065
10128000,10128066
10128000,10128067
10128000,10128014
10128000,10128021
10128000,10128011
10128000,10128023
10128000,10128006
10128000,10128068
10128000,10128069
10128000,10128070
10128000,10128071
10128000,10128072
10128000,10128073
10128000,10128012
10128000,10128007
10128000,10128074
10128000,10128080
10128000,10128075
10128000,10128076
10128000,10128077
10128000,10128078
10128000,10128079
10126000,10126001
10126000,10126099
10126000,10126100
10126000,10126101
10126000,10126102
10126000,10126103
10126000,10126104
10126000,10126105
10126000,10126072
10126000,10126027
10126000,10126033
10126000,10126078
10126000,10126038
10126000,10126083
10126000,10126010
10126000,10126106
10126000,10126016
10126000,10126006
10126000,10126107
10126000,10126090
10126000,10126042
10126000,10126084
10126000,10126039
10126000,10126034
10126000,10126073
10126000,10126068
10126000,10126079
10126000,10126028
10126000,10126011
10126000,10126108
10126000,10126091
10126000,10126043
10126000,10126040
10126000,10126085
10126000,10126015
10126000,10126080
10126000,10126061
10126000,10126095
10126000,10126048
10126000,10126022
10126000,10126054
10126000,10126002
10126000,10126109
10126000,10126037
10126000,10126071
10126000,10126077
10126000,10126060
10126000,10126017
10126000,10126021
10126000,10126063
10126000,10126026
10126000,10126067
10126000,10126032
10126000,10126003
10126000,10126110
10126000,10126023
10126000,10126029
10126000,10126069
10126000,10126046
10126000,10126051
10126000,10126111
10126000,10126093
10126000,10126088
10126000,10126012
10126000,10126057
10126000,10126018
10126000,10126074
10126000,10126008
10126000,10126112
10126000,10126025
10126000,10126066
10126000,10126020
10126000,10126059
10126000,10126053
10126000,10126094
10126000,10126047
10126000,10126014
10126000,10126013
10126000,10126052
10126000,10126005
10126000,10126113
10126000,10126075
10126000,10126092
10126000,10126044
10126000,10126035
10126000,10126081
10126000,10126004
10126000,10126086
10126000,10126049
10126000,10126055
10126000,10126030
10126000,10126096
10126000,10126007
10126000,10126114
10126000,10126041
10126000,10126036
10126000,10126087
10126000,10126031
10126000,10126045
10126000,10126076
10126000,10126019
10126000,10126082
10126000,10126058
10126000,10126098
10126000,10126115
10126000,10126050
10126000,10126097
10126000,10126089
10126000,10126065
10126000,10126024
10126000,10126070
10108000,10108001
10108000,10108086
10108000,10108087
10108000,10108088
10108000,10108089
10108000,10108028
10108000,10108069
10108000,10108065
10108000,10108032
10108000,10108023
10108000,10108090
10108000,10108006
10108000,10108091
10108000,10108030
10108000,10108078
10108000,10108092
10108000,10108044
10108000,10108014
10108000,10108049
10108000,10108007
10108000,10108093
10108000,10108075
10108000,10108070
10108000,10108066
10108000,10108033
10108000,10108036
10108000,10108003
10108000,10108094
10108000,10108020
10108000,10108026
10108000,10108059
10108000,10108002
10108000,10108095
10108000,10108096
10108000,10108038
10108000,10108077
10108000,10108072
10108000,10108034
10108000,10108009
10108000,10108097
10108000,10108041
10108000,10108080
10108000,10108046
10108000,10108083
10108000,10108051
10108000,10108074
10108000,10108004
10108000,10108098
10108000,10108017
10108000,10108099
10108000,10108061
10108000,10108056
10108000,10108048
10108000,10108052
10108000,10108064
10108000,10108100
10108000,10108101
10108000,10108035
10108000,10108079
10108000,10108073
10108000,10108040
10108000,10108031
10108000,10108068
10108000,10108008
10108000,10108102
10108000,10108055
10108000,10108011
10108000,10108027
10108000,10108060
10108000,10108016
10108000,10108021
10108000,10108084
10108000,10108103
10108000,10108045
10108000,10108050
10108000,10108015
10108000,10108082
10108000,10108054
10108000,10108019
10108000,10108058
10108000,10108025
10108000,10108085
10108000,10108022
10108000,10108053
10108000,10108062
10108000,10108018
10108000,10108029
10108000,10108057
10108000,10108024
10108000,10108067
10108000,10108012
10108000,10108104
10108000,10108037
10108000,10108105
10108000,10108076
10108000,10108013
10108000,10108081
10108000,10108042
10108000,10108071
10123000,10123001
10123000,10123049
10123000,10123050
10123000,10123051
10123000,10123052
10123000,10123027
10123000,10123030
10123000,10123033
10123000,10123045
10123000,10123053
10123000,10123017
10123000,10123008
10123000,10123014
10123000,10123020
10123000,10123036
10123000,10123046
10123000,10123012
10123000,10123028
10123000,10123025
10123000,10123009
10123000,10123047
10123000,10123039
10123000,10123007
10123000,10123029
10123000,10123026
10123000,10123048
10123000,10123023
10123000,10123006
10123000,10123024
10123000,10123013
10123000,10123044
10123000,10123002
10123000,10123041
10123000,10123037
10123000,10123021
10123000,10123034
10123000,10123054
10123000,10123018
10123000,10123003
10123000,10123055
10123000,10123022
10123000,10123019
10123000,10123035
10123000,10123038
10123000,10123040
10123000,10123005
10123000,10123004
10123000,10123043
10123000,10123010
10123000,10123032
10123000,10123016
10122000,10122001
10122000,10122022
10122000,10122023
10122000,10122024
10122000,10122016
10122000,10122009
10122000,10122012
10122000,10122002
10122000,10122025
10122000,10122004
10122000,10122010
10122000,10122026
10122000,10122013
10122000,10122018
10122000,10122007
10122000,10122003
10122000,10122027
10122000,10122008
10122000,10122015
10122000,10122019
10122000,10122017
10122000,10122011
10122000,10122028
10122000,10122006
10122000,10122021
10129000,10129001
10129000,10129092
10129000,10129093
10129000,10129094
10129000,10129095
10129000,10129096
10129000,10129097
10129000,10129098
10129000,10129099
10129000,10129004
10129000,10129100
10129000,10129009
10129000,10129101
10129000,10129075
10129000,10129040
10129000,10129008
10129000,10129102
10129000,10129103
10129000,10129026
10129000,10129017
10129000,10129104
10129000,10129032
10129000,10129062
10129000,10129027
10129000,10129056
10129000,10129065
10129000,10129070
10129000,10129089
10129000,10129067
10129000,10129034
10129000,10129072
10129000,10129007
10129000,10129080
10129000,10129047
10129000,10129059
10129000,10129020
10129000,10129025
10129000,10129043
10129000,10129014
10129000,10129053
10129000,10129084
10129000,10129010
10129000,10129105
10129000,10129038
10129000,10129030
10129000,10129035
10129000,10129068
10129000,10129073
10129000,10129078
10129000,10129082
10129000,10129045
10129000,10129088
10129000,10129024
10129000,10129029
10129000,10129087
10129000,10129064
10129000,10129011
10129000,10129106
10129000,10129018
10129000,10129041
10129000,10129037
10129000,10129066
10129000,10129033
10129000,10129028
10129000,10129063
10129000,10129071
10129000,10129057
10129000,10129023
10129000,10129076
10129000,10129012
10129000,10129107
10129000,10129108
10129000,10129069
10129000,10129031
10129000,10129036
10129000,10129074
10129000,10129039
10129000,10129079
10129000,10129090
10129000,10129005
10129000,10129081
10129000,10129114
10129000,10129044
10129000,10129085
10129000,10129015
10129000,10129048
10129000,10129060
10129000,10129021
10129000,10129054
10129000,10129086
10129000,10129109
10129000,10129003
10129000,10129049
10129000,10129050
10129000,10129055
10129000,10129016
10129000,10129077
10129000,10129006
10129000,10129110
10129000,10129111
10129000,10129052
10129000,10129019
10129000,10129013
10129000,10129083
10129000,10129058
10129000,10129091
10129000,10129002
10129000,10129042
10129000,10129112
10129000,10129113
10133000,10133001
10133000,10133004
10133000,10133010
10133000,10133005
10133000,10133007
10133000,10133002
10133000,10133011
10133000,10133008
10133000,10133022
10133000,10133009
10133000,10133006
10133000,10133003
10133000,10133014
10133000,10133018
10133000,10133016
10133000,10133015
10133000,10133019
10133000,10133017
10133000,10133020
10133000,10133013
10133000,10133012
10132000,10132001
10134000,10134030
10134000,10134013
10134000,10134031
10134000,10134032
10134000,10134033
10134000,10134034
10134000,10134035
10134000,10134036
10134000,10134037
10134000,10134038
10134000,10134039
10134000,10134004
10134000,10134040
10134000,10134041
10134000,10134042
10134000,10134043
10134000,10134044
10134000,10134045
10200000,10500000
10200000,10600000
10200000,14300000
10200000,14100000
10200000,14000000
10200000,14200000
10200000,14400000
10200000,15000000
10200000,15100000
10200000,10900000
10200000,11000000
10200000,11100000
10200000,13000000
10200000,13100000
10200000,13200000
10200000,13300000
10200000,13400000
10200000,13500000
10200000,13600000
10200000,13700000
10200000,13800000
10200000,13900000
10200000,14500000
10200000,14600000
10200000,14700000
10200000,14800000
10200000,14900000
10200000,15200000
10200000,15300000
10200000,15400000
10200000,15500000
10200000,15600000
10200000,11200000
10200000,10800000
10200000,11300000
10200000,10700000
10200000,11900000
10200000,12700000
10200000,11400000
10200000,11500000
10200000,11600000
10200000,11700000
10200000,11800000
10200000,12000000
10200000,12100000
10200000,12200000
10200000,12300000
10200000,12400000
10200000,12500000
10200000,12600000
10200000,12800000
10200000,12900000
10200000,15700000
10200000,15800000
10200000,15900000
10200000,16000000
10200000,16100000
10200000,16200000
10200000,16300000
10200000,16400000