856217
835961
835960
605287
142549
871081
871078
774510
935672
573048
676188
601620
835959
186675
871069
186677
972893
573054
1256410
871077
1159248
802346
748944
372440
162410
879726
591692
730431
1162099
162411
818160
871076
1014753
1293220
652867
573064
239769
676191
871072
818132
669609
676190
854751
598668
1335685
822670
573053
856231
730420
856228
730428
1393921567
1293223
692504
676204
500214
692509
1131948
802350
856242
652809
1335686
774508
879732
856221
536966
879739
652901
644186
652864
644187
609032
879704
652821
644192
856201
591688
730412
730424
609024
856220
730443
856226
753184
879700
344466
856240
716560
879746
913595
536960
676192
692475
730415
879707
142540
767114
591684
1233237
271554
774511
591675
676193
716555
1159249
818145
726662
652859
818142
652872
609028
927426
716434
791278
871380
598639
871397
692489
854753
754119
791299
652856
879710
692456
871378
716501
716551
871383
661379
695997
854754
791282
743687
818141
591680
1202163999
703466
573050
871393
871385
871395
871398
871377
818219
871392
818144
871382
1533171924
1437245
1218902373
703473
1241360972
1354594702
1024250384
716540
1392437783
1545708789
1412519579
1358206412
1214541943
871387
1437256
1398813397
1488530203
1551085730
154966
1437338
