1069157292
1475478538
1323033445
1207531448
1466916732
1374396431
1229179832
1479376831
1185114508
1260988110
1498071689
1177135802
1146886008
1043830407
1043820733
1215482723
1148596416
1179138941
1437025044
1249112114
1167475727
1098498680
1255658966
1164796660
1482308403
1164992284
1468259533
1479390113
1156233990
1084550286
1157859658
1287390020
572973
743807
1077218709
1533305457
1323168604
1300476074
1146566668
1145777286
1148569473
1461661958
1006696396
1507816199
1435279269
1457202764
1488471083
1452537208
1481273637
1172952035
1007315690
1243671947
1521721960
1045016478
1421690456
1189842177
1400916489
1210623211
1189711558
1271856570
1480646866
1210316665
1076178397
1166142935
1345894083
1471614968
1023619344
1159732228
1345012331
1503885703
1530296060
1021658429
1063553507
1087519191
1165033771
1092536933
1063676962
1210669187
1375275023
1193562108
1355321119
1234433820
1063556196
1241500847
1507312901
1145426848
1142926806
1376257243
1024993546
1512607665
1335107892
1250447579
1293896718
1361269715
1422099728
1033961780
1511953168
1033927774
1302465028
1353302906
1378614623
1522042081
1154618766
1339995020
1361729863
1424418170
1428838483
1477625888
1516342375
1545205291
1166912038
1244135252
1430977947
1115714422
1364536351
1503812877
1030126228
1124738424
1242791043
1273656860
1426012293
1476276329
1543699571
1051210690
1052369206
1165244498
1244314775
1452533961
1353393332
1428674729
1456605052
1542482801
1546357506
1174608248
1244111578
1303941911
1330929774
1378627524
1433466193
1505113170
1513727323
1530617375
1533575848
1534478255
1536009178
1544919860
1149539317
1244976009
1481188091
1489964762
1539193224
1142325089
1252382682
1458218064
1526892417
1530702408
1532532564
1030560318
1094903509
1241725494
1411336540
1529528065
1540568121
1542189813
1542463683
1020893177
1107383943
1148719159
1178133044
1242875634
1342908244
1424995378
1447052881
1447759300
1469791243
1476452152
1475090091
1488358970
1532297371
1032367947
1496141423
1032876734
1115596653
1158067761
1159711977
1160876372
1164878519
1174748604
1180127597
1182555199
1189783882
1236221403
1242714583
1259197890
1259338364
1269000031
1269553937
1277797041
1279895715
1306465980
1331305034
1332504703
1332836810
1353501282
1354041761
1362825406
1366652121
1408815012
1426068289
1424604139
1437442996
1438880421
1443116136
1470215426
1530916637
1539347012
1542166334
1546231025
1401807444
1403353122
1469754783
1532535867
1335111127
1386018850
1507429857
1353522801
1488544661
1489797787
1508439563
1527754781
1408829563
1469765463
1530910848
1030135524
1210375594
1273997140
1322536920
1331997732
1366325734
1366465144
1403598856
1427652577
1433776499
1475974293
1498241969
1514625727
1524258245
1528882698
1529699247
1539120389
1540177645
1020988642
1145815236
1158165804
1160876756
1167593634
1170471119
1181560770
1184698354
1217560429
1223497434
1223535259
1223575051
1223862737
1237908192
1242772243
1245747885
1250478520
1251229295
1259214361
1259340038
1272008018
1484554951
1336933297
1352049367
1352116927
1361210520
1361233600
1361256391
1362464025
1364740520
1366511440
1366540207
1366597815
1373945367
1379693530
1391548367
1400613580
1400620248
1417738235
1417794504
1419508227
1512898102
1427641379
1428843488
1428839813
1430853994
1434682981
1437572280
1439007757
1445616649
1459897223
1451814518
1451887315
1454302334
1454697328
1454727830
1455427605
1459847684
1468263779
1462199217
1463048573
1463064482
1463820530
1466171904
1471444297
1479354701
1480943582
1481877984
1483775799
1484530019
1486538077
1494055332
1492859160
1500376893
1501761955
1501998809
1502005474
1510356730
1515476840
1522692539
1524265557
1526734883
1527751304
1530587694
1534487404
1536044537
1542726132
1547649971
1547692701
1548098936
1548114254
1549425270
1550193448
1550279863
1550560417
1550783524
1550908748
1552235574
1554858381
1529528805
1553068777
1555825230
1539808563
