656532
654305
559257
154996
162407
142549
165904
656555
142566
236694
656518
232332
654308
582744
692464
162411
692505
162410
656561
818160
766880
854751
748944
550087
195802
549868
654328
654303
573068
652809
656551
999249
1440250422
749027
591688
692553
559274
1391056619
879707
927178
239767
766933
692549
644616
559270
818145
605288
654300
753184
645419
344467
672459
536960
654301
692542
792993
654311
559269
271554
743664
766887
1079915223
879700
692486
559267
654307
730415
708468
792996
601616
654316
879704
644631
601620
716565
142540
692546
879710
433901
552359
598668
726661
1476303487
818132
672548
559276
854753
927186
871072
661257
654302
766911
601617
730424
766874
726674
944249
854754
743699
927190
654313
591692
505047
692479
582758
1476318643
154966
818142
559271
559255
627889
726658
559273
818141
559027
654323
1443464724
730420
154962
736936
1093412713
736896
818144
1028037229
736932
598639
743804
654324
536964
1467561
1094108221
1281658584
559272
656514
644581
582750
1516974447
654314
1321648790
559268
582756
692470
766905
1530766717
1530899518
1531659157
1533967151
1535449772
154960
672473
644569
644584
818219
835960
186677
186675
871078
871069
835959
678771
871081
703468
536966
871380
767114
871077
372440
871076
802350
871378
871393
802346
791282
871397
871383
871377
785855
871385
871392
871382
344492
871395
871398
166870
791300
871387
