1128801153
1232361
1268538391
1484588146
1104145495
1332478
1255369885
1209595601
1236350
1336937861
1345233
1076133545
1345234
1090547440
1319546941
1327914599
1055729809
1288871976
1450930131
1213520726
1332465
1198692067
1143685010
1522442419
1219215596
1332471
1332470
1090537133
1496059188
1532205909
1079567239
1444027477
1319569979
1337806408
1499054523
1480240940
1207083386
1253488562
1159552941
1444129313
1210359804
1391008940
1235432682
1455877887
1232347
1424322011
1489157101
1544396450
1162507492
1231175317
1337278251
1518277746
1159519126
1162045163
1165773377
1255541441
1227843329
1230442918
1256441884
1256455146
1257524206
1400562180
1528908530
1550838426
