1412053809
1499993238
1457479683
1231140742
1122074608
1411939343
1184967427
1296496000
1434364095
1213323418
1331938149
1179463599
1412019083
1388914639
1444881779
1289111
1214731323
1296537823
1181472642
1149764825
1146727150
1389789532
1102228558
1181255460
1022785861
1097149950
1541706375
1441487094
1398827275
1496169557
1234505583
1230936506
1391455036
1464396453
1388862877
1296486367
1146777722
1188631534
1090678633
1112933608
1093658380
1182821144
1384120951
1220628220
1181442741
1233136701
1318887369
1230984505
1415646371
1388820635
1221816855
1393961264
1464462357
1216637161
1222753516
1341660716
1314990324
1268008033
1354859003
1315346981
1341678499
1532201560
1433768581
1216583069
1388961337
1433582277
1214102235
1400792524
1111446208
1192704693
1296490375
1296502008
1378298456
1390162512
1462009668
1425299967
1433760184
1433774951
1470209803
1423894637
1390180112
1213459059
1214702109
1296521616
1352983396
1388779691
1398829576
1415916942
1427351893
1481715068
1508172173
1521316642
1530511585
1543077376
1083633317
1093087006
1162084376
1181511538
1237951414
1279690807
1296531352
1313950936
1433893612
1463828767
1523113613
1053199836
1393128299
1198794481
1296520697
1296495328
1220158174
1258762258
1276868080
1389001905
1464446387
1135420599
1161291880
1314994480
1213325773
1255222300
1388770334
1393090366
1393139233
1394347596
1415917755
1464421664
1464459259
1464469771
1472871862
1543088262
1177004957
1314993308
1214716529
1314989998
1314988758
1236293536
1296497996
1296524919
1332353695
1353183532
1354155794
1354882562
1378302037
1398825199
1398829563
1457478648
1425627805
1438578421
1464391213
1464457313
1464458715
1486841103
1508775217
1548032838
1554513946
1166862848
1159118499
