879778
901104
793004
1297836
763214
791254
913608
1257644270
1456494685
1488313299
1060345876
1091145478
1029886918
1034468611
1321432151
1101451331
1322993988
1466164330
1090748353
1465727929
1313397803
1222710942
1437956
1330342426
1377902017
1470737774
1032998288
1220691511
1222223939
1515436548
1514724336
1028049185
1475488214
1474452203
1324633749
1437965
1106150202
1408826159
1076269089
1233371562
1350709923
1482542428
1450282846
1002931283
1105828541
1253431166
1300515955
1474868285
1173666422
1255189118
1378435826
1106375959
1526675873
1023800548
1224495630
1230545779
1496380605
1084465445
1466376220
1473732069
1135760942
1307731438
1330034130
1350716358
1397120651
1408790331
1511396195
1456781869
1473744170
1473776978
1473813740
1494893549
1524762808
1062501619
644581
1058830
1058831
1058839
1530313634
1531114752
1536566149
1541203914
1541558479
1544920929
1546064329
1547284715
1553489399
