1127689445
1328572606
1435637868
1247838993
1001671675
1496387541
1102919707
1050312556
1448830175
1489795129
1094836807
1495633253
1184708344
1458973936
1195512488
1484291578
1028974067
1447702690
1463790822
1448689265
1265029819
1243220337
1068281494
1441316668
1146966404
1491808046
1279544506
1161404266
1199343192
1332990292
1104253673
1225615329
1484281692
1487563961
1368891718
1315752764
1231201449
1328680051
1210558289
1484262314
1277010654
1309414469
1063911546
1137831657
1030268746
1030680541
1208618628
1252815928
1145767540
1172647472
1253433021
1517122061
1094836937
1266762775
1484272629
1121396847
1194218124
1197118385
1282463932
1207121496
1198019599
1337868237
1337944120
1448796959
232332
1144679563
1541498558
